    1     1   4.84e-19
    1     2   6.28e-30
    2     1   4.26e-15
    2     4   0.00e+00
    2     5   0.00e+00
    2     6   0.00e+00
    2     7   0.00e+00
    2     8   0.00e+00
    3     3   8.42e-28
    3     4   1.26e-11
    3     5   0.00e+00
    3     6   0.00e+00
    3     7   0.00e+00
    3     8   0.00e+00
    4     3   2.42e-08
    4     4   0.00e+00
    4     5   4.72e-84
    4     6  5.03e-207
    4     7  3.95e-323
    4     8   0.00e+00
    4     9   0.00e+00
    4    10   0.00e+00
    5     3   9.31e-35
    5     4   0.00e+00
    5     5   1.95e-22
    5     6   4.26e-11
    5     7   0.00e+00
    5     8   0.00e+00
    5     9   0.00e+00
    5    10   0.00e+00
    5    12   0.00e+00
    5    14   0.00e+00
    6     3   0.00e+00
    6     4 -1.98e-323
    6     5   2.12e-45
    6     6   1.28e-03
    6     7   2.30e-04
    6     8   2.68e-19
    6     9   0.00e+00
    6    10   0.00e+00
    6    11   0.00e+00
    6    12   0.00e+00
    6    13   0.00e+00
    6    14   0.00e+00
    6    16   0.00e+00
    7     4   0.00e+00
    7     5   0.00e+00
    7     6   4.95e-32
    7     7   4.34e-04
    7     8   7.47e-03
    7     9   0.00e+00
    7    10   0.00e+00
    7    11   0.00e+00
    7    12   0.00e+00
    7    13   0.00e+00
    7    14   0.00e+00
    7    15   0.00e+00
    7    16   0.00e+00
    8     5   0.00e+00
    8     6  2.32e-158
    8     7   2.78e-36
    8     8   1.85e-06
    8     9   2.99e-05
    8    10   3.74e-06
    8    11  2.47e-323
    8    12   0.00e+00
    8    13   0.00e+00
    8    14   0.00e+00
    8    15   0.00e+00
    8    16   0.00e+00
    8    17   0.00e+00
    8    18   0.00e+00
    8    20   0.00e+00
    8    22   0.00e+00
    9     5   0.00e+00
    9     6   0.00e+00
    9     7   2.71e-53
    9     8   3.72e-41
    9     9   1.31e-16
    9    10   7.31e-07
    9    11 -9.88e-324
    9    12  4.94e-324
    9    13   0.00e+00
    9    14   0.00e+00
    9    15   0.00e+00
    9    16   0.00e+00
    9    17   0.00e+00
    9    18   0.00e+00
    9    19   0.00e+00
    9    20   0.00e+00
    9    21   0.00e+00
    9    22   0.00e+00
    9    28   0.00e+00
   10     6   0.00e+00
   10     7   0.00e+00
   10     8  4.94e-324
   10     9   2.13e-52
   10    10   1.20e-03
   10    11   3.94e-07
   10    12   1.68e-06
   10    13 -1.19e-322
   10    14  1.08e-203
   10    15   0.00e+00
   10    16   0.00e+00
   10    17   0.00e+00
   10    18   0.00e+00
   10    19   0.00e+00
   10    20   0.00e+00
   10    21   0.00e+00
   10    22   0.00e+00
   10    23   0.00e+00
   10    24   0.00e+00
   10    25   0.00e+00
   10    26   0.00e+00
   10    27   0.00e+00
   10    28   0.00e+00
   10    29   0.00e+00
   10    30   0.00e+00
   10    31   0.00e+00
   11     7   0.00e+00
   11     8   0.00e+00
   11     9   0.00e+00
   11    10   7.48e-43
   11    11   6.51e-04
   11    12   3.72e-03
   11    13   2.51e-19
   11    14  2.18e-269
   11    15   0.00e+00
   11    16   0.00e+00
   11    17   0.00e+00
   11    18   0.00e+00
   11    19   0.00e+00
   11    20   0.00e+00
   11    21   0.00e+00
   11    22   0.00e+00
   11    23   0.00e+00
   11    24   0.00e+00
   11    25   0.00e+00
   11    26   0.00e+00
   11    27   0.00e+00
   11    28   0.00e+00
   11    29   0.00e+00
   11    30   0.00e+00
   11    31   0.00e+00
   11    32   0.00e+00
   11    33   0.00e+00
   12     7   0.00e+00
   12     8   0.00e+00
   12     9   0.00e+00
   12    10   0.00e+00
   12    11   6.50e-45
   12    12   5.09e-05
   12    13   1.02e-03
   12    14   1.87e-11
   12    15   1.00e-90
   12    16   0.00e+00
   12    17   0.00e+00
   12    18   0.00e+00
   12    19   0.00e+00
   12    20   0.00e+00
   12    21   0.00e+00
   12    22   0.00e+00
   12    23   0.00e+00
   12    24   0.00e+00
   12    25   0.00e+00
   12    26   0.00e+00
   12    27   0.00e+00
   12    28   0.00e+00
   12    29   0.00e+00
   12    30   0.00e+00
   12    31   0.00e+00
   12    32   0.00e+00
   12    33   0.00e+00
   12    34   0.00e+00
   12    35   0.00e+00
   13     8   0.00e+00
   13     9   0.00e+00
   13    10  1.09e-322
   13    11   0.00e+00
   13    12   6.61e-51
   13    13   1.01e-04
   13    14   4.08e-04
   13    15  8.87e-169
   13    16  1.10e-111
   13    17  9.88e-324
   13    18   0.00e+00
   13    19   0.00e+00
   13    20   0.00e+00
   13    21   0.00e+00
   13    22   0.00e+00
   13    23   0.00e+00
   13    24   0.00e+00
   13    25   0.00e+00
   13    26   0.00e+00
   13    27   0.00e+00
   13    28   0.00e+00
   13    29   0.00e+00
   13    30   0.00e+00
   13    31   0.00e+00
   13    32   0.00e+00
   13    33   0.00e+00
   13    34   0.00e+00
   13    35   0.00e+00
   13    36   0.00e+00
   13    37   0.00e+00
   13    38   0.00e+00
   14     8   0.00e+00
   14     9   0.00e+00
   14    10   0.00e+00
   14    11   0.00e+00
   14    12   0.00e+00
   14    13   1.01e-52
   14    14   9.31e-04
   14    15   7.18e-04
   14    16   2.01e-03
   14    17   8.20e-26
   14    18   3.95e-30
   14    19  9.88e-324
   14    20   0.00e+00
   14    21   0.00e+00
   14    22   0.00e+00
   14    23   0.00e+00
   14    24   0.00e+00
   14    25   0.00e+00
   14    26   0.00e+00
   14    27   0.00e+00
   14    28   0.00e+00
   14    29   0.00e+00
   14    30   0.00e+00
   14    31   0.00e+00
   14    32   0.00e+00
   14    33   0.00e+00
   14    34   0.00e+00
   14    35   0.00e+00
   14    36   0.00e+00
   14    37   0.00e+00
   14    38   0.00e+00
   14    39   0.00e+00
   14    40   0.00e+00
   15     8   0.00e+00
   15     9   0.00e+00
   15    10   0.00e+00
   15    11   0.00e+00
   15    12  3.77e-209
   15    13   0.00e+00
   15    14   1.67e-54
   15    15   9.30e-53
   15    16   2.12e-03
   15    17   1.06e-16
   15    18   2.01e-18
   15    19  9.88e-324
   15    20  1.01e-313
   15    21   0.00e+00
   15    22   0.00e+00
   15    23   0.00e+00
   15    24   0.00e+00
   15    25   0.00e+00
   15    26   0.00e+00
   15    27   0.00e+00
   15    28   0.00e+00
   15    29   0.00e+00
   15    30   0.00e+00
   15    31   0.00e+00
   15    32   0.00e+00
   15    33   0.00e+00
   15    34   0.00e+00
   15    35   0.00e+00
   15    36   0.00e+00
   15    37   0.00e+00
   15    38   0.00e+00
   15    39   0.00e+00
   15    40   0.00e+00
   15    41   0.00e+00
   15    42   0.00e+00
   16     8   0.00e+00
   16     9   0.00e+00
   16    10   0.00e+00
   16    11   0.00e+00
   16    12   0.00e+00
   16    13   0.00e+00
   16    14   0.00e+00
   16    15  7.05e-266
   16    16   2.56e-03
   16    17   3.33e-04
   16    18   2.04e-04
   16    19   1.34e-17
   16    20   7.20e-26
   16    21  1.94e-186
   16    22   0.00e+00
   16    23   0.00e+00
   16    24   0.00e+00
   16    25   0.00e+00
   16    26   0.00e+00
   16    27   0.00e+00
   16    28   0.00e+00
   16    29   0.00e+00
   16    30   0.00e+00
   16    31   0.00e+00
   16    32   0.00e+00
   16    33   0.00e+00
   16    34   0.00e+00
   16    35   0.00e+00
   16    36   0.00e+00
   16    37   0.00e+00
   16    38   0.00e+00
   16    39   0.00e+00
   16    40   0.00e+00
   16    41   0.00e+00
   16    42   0.00e+00
   16    43   0.00e+00
   16    44   0.00e+00
   17     8   0.00e+00
   17     9   0.00e+00
   17    10   0.00e+00
   17    11   0.00e+00
   17    12   0.00e+00
   17    13   0.00e+00
   17    14   0.00e+00
   17    15   0.00e+00
   17    16   1.33e-58
   17    17   9.54e-54
   17    18   3.21e-04
   17    19   1.69e-16
   17    20   1.43e-05
   17    21   1.33e-47
   17    22   1.39e-53
   17    23   0.00e+00
   17    24   0.00e+00
   17    25   0.00e+00
   17    26   0.00e+00
   17    27   0.00e+00
   17    28   0.00e+00
   17    29   0.00e+00
   17    30   0.00e+00
   17    31   0.00e+00
   17    32   0.00e+00
   17    33   0.00e+00
   17    34   0.00e+00
   17    35   0.00e+00
   17    36   0.00e+00
   17    37   0.00e+00
   17    38   0.00e+00
   17    39   0.00e+00
   17    40   0.00e+00
   17    41   0.00e+00
   17    42   0.00e+00
   17    43   0.00e+00
   18     9   0.00e+00
   18    10   0.00e+00
   18    11   0.00e+00
   18    12   0.00e+00
   18    13   0.00e+00
   18    14   0.00e+00
   18    15   0.00e+00
   18    16   0.00e+00
   18    17  4.94e-324
   18    18   5.33e-05
   18    19   1.97e-04
   18    20   3.63e-05
   18    21   7.65e-20
   18    22   1.79e-29
   18    23   4.84e-70
   18    24   0.00e+00
   18    25   0.00e+00
   18    26   0.00e+00
   18    27   0.00e+00
   18    28   0.00e+00
   18    29   0.00e+00
   18    30   0.00e+00
   18    31   0.00e+00
   18    32   0.00e+00
   18    33   0.00e+00
   18    34   0.00e+00
   18    35   0.00e+00
   18    36   0.00e+00
   18    37   0.00e+00
   18    38   0.00e+00
   18    39   0.00e+00
   18    40   0.00e+00
   18    41   0.00e+00
   18    42   0.00e+00
   19    10   0.00e+00
   19    11   0.00e+00
   19    12   0.00e+00
   19    13   0.00e+00
   19    14   0.00e+00
   19    15   0.00e+00
   19    16   0.00e+00
   19    17   0.00e+00
   19    18   5.26e-65
   19    19   2.13e-55
   19    20   7.90e-06
   19    21   5.94e-18
   19    22   8.90e-16
   19    23   4.87e-34
   19    24   4.21e-51
   19    25  1.37e-135
   19    26   0.00e+00
   19    27   0.00e+00
   19    28   0.00e+00
   19    29   0.00e+00
   19    30   0.00e+00
   19    31   0.00e+00
   19    32   0.00e+00
   19    33   0.00e+00
   19    34   0.00e+00
   19    35   0.00e+00
   19    36   0.00e+00
   19    37   0.00e+00
   19    38   0.00e+00
   19    39   0.00e+00
   19    40   0.00e+00
   19    41   0.00e+00
   20    10   0.00e+00
   20    11   0.00e+00
   20    12   0.00e+00
   20    13   0.00e+00
   20    14   0.00e+00
   20    15   0.00e+00
   20    16   0.00e+00
   20    17   0.00e+00
   20    18   0.00e+00
   20    19   0.00e+00
   20    20   1.60e-06
   20    21   1.35e-08
   20    22   4.17e-09
   20    23   2.37e-09
   20    24   6.48e-14
   20    25   8.08e-30
   20    26   0.00e+00
   20    27   0.00e+00
   20    28   0.00e+00
   20    29   0.00e+00
   20    30   0.00e+00
   20    31   0.00e+00
   20    32   0.00e+00
   20    33   0.00e+00
   20    34   0.00e+00
   20    35   0.00e+00
   20    36   0.00e+00
   20    37   0.00e+00
   20    38   0.00e+00
   20    39   0.00e+00
   20    40   0.00e+00
   21    11   0.00e+00
   21    12   0.00e+00
   21    13   0.00e+00
   21    14   0.00e+00
   21    15   0.00e+00
   21    16   0.00e+00
   21    17   0.00e+00
   21    18   0.00e+00
   21    19   0.00e+00
   21    20   6.30e-72
   21    21   4.45e-66
   21    22   6.97e-15
   21    23   1.89e-15
   21    24   5.91e-12
   21    25   1.21e-26
   21    26   4.26e-38
   21    27  7.21e-119
   21    28   0.00e+00
   21    29   0.00e+00
   21    30   0.00e+00
   21    31   0.00e+00
   21    32   0.00e+00
   21    33   0.00e+00
   21    34   0.00e+00
   21    35   0.00e+00
   21    36   0.00e+00
   21    37   0.00e+00
   21    38   0.00e+00
   21    39   0.00e+00
   22    12   0.00e+00
   22    13   0.00e+00
   22    14   0.00e+00
   22    15   0.00e+00
   22    16   0.00e+00
   22    17   0.00e+00
   22    18   0.00e+00
   22    19   0.00e+00
   22    20   0.00e+00
   22    21   0.00e+00
   22    22   2.50e-10
   22    23   1.03e-18
   22    24   9.47e-14
   22    25   4.30e-15
   22    26   3.05e-18
   22    27   3.57e-22
   22    28   0.00e+00
   22    29   0.00e+00
   22    30   0.00e+00
   22    31   0.00e+00
   22    32   0.00e+00
   22    33   0.00e+00
   22    34   0.00e+00
   22    35   0.00e+00
   22    36   0.00e+00
   22    37   0.00e+00
   22    38   0.00e+00
   23    13   0.00e+00
   23    14   0.00e+00
   23    15   0.00e+00
   23    16   0.00e+00
   23    17   0.00e+00
   23    18   0.00e+00
   23    19   0.00e+00
   23    20   0.00e+00
   23    21   0.00e+00
   23    22   1.29e-76
   23    23   6.03e-81
   23    24   5.54e-42
   23    25   2.66e-17
   23    26   4.84e-20
   23    27   6.38e-34
   23    28   6.35e-69
   23    29   0.00e+00
   23    30   0.00e+00
   23    31   0.00e+00
   23    32   0.00e+00
   23    33   0.00e+00
   23    34   0.00e+00
   23    35   0.00e+00
   23    36   0.00e+00
   23    37   0.00e+00
   24    14   0.00e+00
   24    15   0.00e+00
   24    16   0.00e+00
   24    17   0.00e+00
   24    18   0.00e+00
   24    19   0.00e+00
   24    20   0.00e+00
   24    21   0.00e+00
   24    22   0.00e+00
   24    23   0.00e+00
   24    24   2.32e-18
   24    25   3.47e-42
   24    26   5.59e-23
   24    27   2.05e-34
   24    28   7.83e-47
   24    29  9.77e-166
   24    30   0.00e+00
   24    31   0.00e+00
   24    32   0.00e+00
   24    33   0.00e+00
   24    34   0.00e+00
   24    35   0.00e+00
   24    36   0.00e+00
   25    15   0.00e+00
   25    16   0.00e+00
   25    17   0.00e+00
   25    18   0.00e+00
   25    19   0.00e+00
   25    20   0.00e+00
   25    21   0.00e+00
   25    22   0.00e+00
   25    23   0.00e+00
   25    24   9.24e-78
   25    25   0.00e+00
   25    26   6.57e-26
   25    27   6.20e-44
   25    28   4.49e-47
   25    29   0.00e+00
   25    30   0.00e+00
   25    31   0.00e+00
   25    32   0.00e+00
   25    33   0.00e+00
   25    34   0.00e+00
   25    35   0.00e+00
   26    16   0.00e+00
   26    17   0.00e+00
   26    18   0.00e+00
   26    19   0.00e+00
   26    20   0.00e+00
   26    21   0.00e+00
   26    22   0.00e+00
   26    23   0.00e+00
   26    24   0.00e+00
   26    25   9.63e-27
   26    26   1.47e-41
   26    27   8.93e-44
   26    28   9.03e-47
   26    29   0.00e+00
   26    30   0.00e+00
   26    31   0.00e+00
   26    32   0.00e+00
   26    33   0.00e+00
   26    34   0.00e+00
   27    17   0.00e+00
   27    18   0.00e+00
   27    19   0.00e+00
   27    20   0.00e+00
   27    21   0.00e+00
   27    22   0.00e+00
   27    23   0.00e+00
   27    24   0.00e+00
   27    25   0.00e+00
   27    26   0.00e+00
   27    27   0.00e+00
   27    28   0.00e+00
   27    29   0.00e+00
   27    30   0.00e+00
   27    31   0.00e+00
   27    32   0.00e+00
   27    33   0.00e+00
   28    18   0.00e+00
   28    19   0.00e+00
   28    20   0.00e+00
   28    21   0.00e+00
   28    22   0.00e+00
   28    23   0.00e+00
   28    24   0.00e+00
   28    25   0.00e+00
   28    26   0.00e+00
   28    27   0.00e+00
   28    28   0.00e+00
   28    29   0.00e+00
   28    30   0.00e+00
   28    31   0.00e+00
   28    32   0.00e+00
   29    19   0.00e+00
   29    20   0.00e+00
   29    21   0.00e+00
   29    22   0.00e+00
   29    23   0.00e+00
   29    24   0.00e+00
   29    25   0.00e+00
   29    26   0.00e+00
   29    27   0.00e+00
   29    28   0.00e+00
   29    29   0.00e+00
   29    30   0.00e+00
   29    31   0.00e+00
   30    21   0.00e+00
   30    22   0.00e+00
   30    23   0.00e+00
   30    24   0.00e+00
   30    25   0.00e+00
   30    26   0.00e+00
   30    27   0.00e+00
   30    28   0.00e+00
   30    29   0.00e+00
   30    30   0.00e+00
   31    22   0.00e+00
   31    23   0.00e+00
   31    24   0.00e+00
   31    25   0.00e+00
   31    26   0.00e+00
   31    27   0.00e+00
   31    28   0.00e+00
   31    29   0.00e+00
   32    23   0.00e+00
   32    24   0.00e+00
   32    25   0.00e+00
   32    26   0.00e+00
   32    27   0.00e+00
   32    28   0.00e+00
   33    24   0.00e+00
   33    25   0.00e+00
   33    26   0.00e+00
   33    27   0.00e+00
   34    25   0.00e+00
   34    26   0.00e+00
    0     1   3.60e-45
    1     0   2.18e-01
    2     2   4.65e-02
