    1     1   6.06e-19
    1     2   7.05e-30
    2     1   1.84e-15
    2     4   1.21e-60
    2     5   0.00e+00
    2     6   0.00e+00
    2     7   0.00e+00
    2     8   0.00e+00
    3     3   5.28e-28
    3     4   1.79e-22
    3     5   1.48e-44
    3     6   0.00e+00
    3     7   0.00e+00
    3     8   0.00e+00
    4     3   2.45e-08
    4     4   0.00e+00
    4     5   3.51e-34
    4     6   1.46e-71
    4     7  1.57e-279
    4     8   0.00e+00
    4     9   0.00e+00
    4    10   0.00e+00
    5     3   1.14e-13
    5     4   0.00e+00
    5     5   4.57e-28
    5     6   1.26e-20
    5     7   2.70e-41
    5     8   0.00e+00
    5     9   0.00e+00
    5    10   0.00e+00
    5    12   0.00e+00
    5    14   0.00e+00
    6     3   2.41e-14
    6     4   2.01e-21
    6     5   5.13e-11
    6     6   1.48e-05
    6     7   5.53e-09
    6     8   1.16e-21
    6     9   2.77e-43
    6    10   0.00e+00
    6    11   0.00e+00
    6    12   0.00e+00
    6    13   0.00e+00
    6    14   0.00e+00
    6    16   0.00e+00
    7     4   0.00e+00
    7     5   6.55e-14
    7     6   3.81e-05
    7     7   5.58e-07
    7     8   1.03e-09
    7     9   3.68e-30
    7    10   0.00e+00
    7    11   0.00e+00
    7    12   0.00e+00
    7    13   0.00e+00
    7    14   0.00e+00
    7    15   0.00e+00
    7    16   0.00e+00
    8     5   1.07e-15
    8     6   3.51e-04
    8     7   8.81e-03
    8     8   1.07e-06
    8     9   1.71e-08
    8    10   1.00e-14
    8    11   4.04e-34
    8    12   0.00e+00
    8    13   0.00e+00
    8    14   0.00e+00
    8    15   0.00e+00
    8    16   0.00e+00
    8    17   0.00e+00
    8    18   0.00e+00
    8    20   0.00e+00
    8    22   0.00e+00
    9     5   0.00e+00
    9     6   2.94e-39
    9     7   5.18e-21
    9     8   3.35e-05
    9     9   1.09e-06
    9    10   5.63e-11
    9    11   7.00e-27
    9    12  1.17e-102
    9    13   0.00e+00
    9    14   0.00e+00
    9    15   0.00e+00
    9    16   0.00e+00
    9    17   0.00e+00
    9    18   0.00e+00
    9    19   0.00e+00
    9    20   0.00e+00
    9    21   0.00e+00
    9    22   0.00e+00
    9    28   0.00e+00
   10     6   4.57e-76
   10     7   2.17e-31
   10     8   2.05e-04
   10     9   1.13e-06
   10    10   4.23e-04
   10    11   1.98e-10
   10    12   3.33e-13
   10    13   2.63e-30
   10    14   2.04e-73
   10    15   0.00e+00
   10    16   0.00e+00
   10    17   0.00e+00
   10    18   0.00e+00
   10    19   0.00e+00
   10    20   0.00e+00
   10    21   0.00e+00
   10    22   0.00e+00
   10    23   0.00e+00
   10    24   0.00e+00
   10    25   0.00e+00
   10    26   0.00e+00
   10    27   0.00e+00
   10    28   0.00e+00
   10    29   0.00e+00
   10    30   0.00e+00
   10    31   0.00e+00
   11     7   0.00e+00
   11     8   9.15e-18
   11     9   1.71e-09
   11    10   2.95e-07
   11    11   2.95e-05
   11    12   9.78e-06
   11    13   1.21e-20
   11    14   1.38e-35
   11    15  1.83e-204
   11    16   0.00e+00
   11    17   0.00e+00
   11    18   0.00e+00
   11    19   0.00e+00
   11    20   0.00e+00
   11    21   0.00e+00
   11    22   0.00e+00
   11    23   0.00e+00
   11    24   0.00e+00
   11    25   0.00e+00
   11    26   0.00e+00
   11    27   0.00e+00
   11    28   0.00e+00
   11    29   0.00e+00
   11    30   0.00e+00
   11    31   0.00e+00
   11    32   0.00e+00
   11    33   0.00e+00
   12     7  8.90e-144
   12     8   2.93e-18
   12     9   4.23e-11
   12    10   2.37e-03
   12    11   3.37e-03
   12    12   3.40e-06
   12    13   1.51e-05
   12    14   1.35e-12
   12    15   2.71e-28
   12    16   1.17e-59
   12    17   0.00e+00
   12    18   0.00e+00
   12    19   0.00e+00
   12    20   0.00e+00
   12    21   0.00e+00
   12    22   0.00e+00
   12    23   0.00e+00
   12    24   0.00e+00
   12    25   0.00e+00
   12    26   0.00e+00
   12    27   0.00e+00
   12    28   0.00e+00
   12    29   0.00e+00
   12    30   0.00e+00
   12    31   0.00e+00
   12    32   0.00e+00
   12    33   0.00e+00
   12    34   0.00e+00
   12    35   0.00e+00
   13     8   8.62e-49
   13     9   1.01e-32
   13    10   3.21e-09
   13    11   9.75e-05
   13    12   4.66e-04
   13    13   2.21e-05
   13    14   6.25e-05
   13    15   1.01e-18
   13    16   3.08e-32
   13    17  6.51e-135
   13    18  3.93e-162
   13    19   0.00e+00
   13    20   0.00e+00
   13    21   0.00e+00
   13    22   0.00e+00
   13    23   0.00e+00
   13    24   0.00e+00
   13    25   0.00e+00
   13    26   0.00e+00
   13    27   0.00e+00
   13    28   0.00e+00
   13    29   0.00e+00
   13    30   0.00e+00
   13    31   0.00e+00
   13    32   0.00e+00
   13    33   0.00e+00
   13    34   0.00e+00
   13    35   0.00e+00
   13    36   0.00e+00
   13    37   0.00e+00
   13    38   0.00e+00
   14     8  7.44e-166
   14     9   1.42e-48
   14    10   2.30e-10
   14    11   6.10e-07
   14    12   5.31e-05
   14    13   2.87e-04
   14    14   8.53e-04
   14    15   1.05e-04
   14    16   2.13e-05
   14    17   2.87e-19
   14    18   2.12e-31
   14    19  3.82e-120
   14    20   0.00e+00
   14    21   0.00e+00
   14    22   0.00e+00
   14    23   0.00e+00
   14    24   0.00e+00
   14    25   0.00e+00
   14    26   0.00e+00
   14    27   0.00e+00
   14    28   0.00e+00
   14    29   0.00e+00
   14    30   0.00e+00
   14    31   0.00e+00
   14    32   0.00e+00
   14    33   0.00e+00
   14    34   0.00e+00
   14    35   0.00e+00
   14    36   0.00e+00
   14    37   0.00e+00
   14    38   0.00e+00
   14    39   0.00e+00
   14    40   0.00e+00
   15     8   0.00e+00
   15     9  3.84e-226
   15    10   2.02e-33
   15    11   2.55e-12
   15    12   4.14e-06
   15    13   5.45e-06
   15    14   7.72e-04
   15    15   1.73e-03
   15    16   1.09e-03
   15    17   2.61e-17
   15    18   6.91e-19
   15    19   1.69e-32
   15    20   6.41e-50
   15    21   0.00e+00
   15    22   0.00e+00
   15    23   0.00e+00
   15    24   0.00e+00
   15    25   0.00e+00
   15    26   0.00e+00
   15    27   0.00e+00
   15    28   0.00e+00
   15    29   0.00e+00
   15    30   0.00e+00
   15    31   0.00e+00
   15    32   0.00e+00
   15    33   0.00e+00
   15    34   0.00e+00
   15    35   0.00e+00
   15    36   0.00e+00
   15    37   0.00e+00
   15    38   0.00e+00
   15    39   0.00e+00
   15    40   0.00e+00
   15    41   0.00e+00
   15    42   0.00e+00
   16     8   0.00e+00
   16     9   0.00e+00
   16    10   3.18e-38
   16    11   2.83e-16
   16    12   1.66e-13
   16    13   5.07e-08
   16    14   1.06e-04
   16    15   1.12e-03
   16    16   2.46e-03
   16    17   2.45e-04
   16    18   1.53e-04
   16    19   4.72e-18
   16    20   4.68e-29
   16    21   1.82e-90
   16    22   1.93e-81
   16    23   0.00e+00
   16    24   0.00e+00
   16    25   0.00e+00
   16    26   0.00e+00
   16    27   0.00e+00
   16    28   0.00e+00
   16    29   0.00e+00
   16    30   0.00e+00
   16    31   0.00e+00
   16    32   0.00e+00
   16    33   0.00e+00
   16    34   0.00e+00
   16    35   0.00e+00
   16    36   0.00e+00
   16    37   0.00e+00
   16    38   0.00e+00
   16    39   0.00e+00
   16    40   0.00e+00
   16    41   0.00e+00
   16    42   0.00e+00
   16    43   0.00e+00
   16    44   0.00e+00
   17     8   0.00e+00
   17     9   0.00e+00
   17    10   0.00e+00
   17    11   2.39e-56
   17    12   6.86e-54
   17    13   3.69e-22
   17    14   2.29e-09
   17    15   5.78e-09
   17    16   8.99e-05
   17    17   4.80e-05
   17    18   2.72e-04
   17    19   4.59e-17
   17    20   1.54e-10
   17    21   4.49e-24
   17    22   5.24e-37
   17    23   0.00e+00
   17    24   0.00e+00
   17    25   0.00e+00
   17    26   0.00e+00
   17    27   0.00e+00
   17    28   0.00e+00
   17    29   0.00e+00
   17    30   0.00e+00
   17    31   0.00e+00
   17    32   0.00e+00
   17    33   0.00e+00
   17    34   0.00e+00
   17    35   0.00e+00
   17    36   0.00e+00
   17    37   0.00e+00
   17    38   0.00e+00
   17    39   0.00e+00
   17    40   0.00e+00
   17    41   0.00e+00
   17    42   0.00e+00
   17    43   0.00e+00
   18     9   0.00e+00
   18    10   0.00e+00
   18    11   0.00e+00
   18    12  7.28e-140
   18    13   3.37e-27
   18    14   7.06e-18
   18    15   1.24e-13
   18    16   4.26e-06
   18    17   4.73e-05
   18    18   5.34e-05
   18    19   1.91e-04
   18    20   2.66e-07
   18    21   1.37e-20
   18    22   4.07e-30
   18    23   1.43e-59
   18    24   0.00e+00
   18    25   0.00e+00
   18    26   0.00e+00
   18    27   0.00e+00
   18    28   0.00e+00
   18    29   0.00e+00
   18    30   0.00e+00
   18    31   0.00e+00
   18    32   0.00e+00
   18    33   0.00e+00
   18    34   0.00e+00
   18    35   0.00e+00
   18    36   0.00e+00
   18    37   0.00e+00
   18    38   0.00e+00
   18    39   0.00e+00
   18    40   0.00e+00
   18    41   0.00e+00
   18    42   0.00e+00
   19    10   0.00e+00
   19    11   0.00e+00
   19    12   0.00e+00
   19    13   2.80e-81
   19    14   1.37e-56
   19    15   7.34e-33
   19    16   9.87e-16
   19    17   2.76e-08
   19    18   1.80e-05
   19    19   3.58e-05
   19    20   7.73e-06
   19    21   2.20e-18
   19    22   2.07e-20
   19    23   8.85e-33
   19    24   5.33e-50
   19    25  6.44e-100
   19    26   0.00e+00
   19    27   0.00e+00
   19    28   0.00e+00
   19    29   0.00e+00
   19    30   0.00e+00
   19    31   0.00e+00
   19    32   0.00e+00
   19    33   0.00e+00
   19    34   0.00e+00
   19    35   0.00e+00
   19    36   0.00e+00
   19    37   0.00e+00
   19    38   0.00e+00
   19    39   0.00e+00
   19    40   0.00e+00
   19    41   0.00e+00
   20    10   0.00e+00
   20    11   0.00e+00
   20    12   0.00e+00
   20    13   0.00e+00
   20    14   0.00e+00
   20    15   1.03e-55
   20    16   3.45e-21
   20    17   3.52e-14
   20    18   1.52e-08
   20    19   1.56e-07
   20    20   1.60e-06
   20    21   1.35e-08
   20    22   4.16e-09
   20    23   8.02e-13
   20    24   1.13e-17
   20    25   1.89e-30
   20    26   0.00e+00
   20    27   0.00e+00
   20    28   0.00e+00
   20    29   0.00e+00
   20    30   0.00e+00
   20    31   0.00e+00
   20    32   0.00e+00
   20    33   0.00e+00
   20    34   0.00e+00
   20    35   0.00e+00
   20    36   0.00e+00
   20    37   0.00e+00
   20    38   0.00e+00
   20    39   0.00e+00
   20    40   0.00e+00
   21    11   0.00e+00
   21    12   0.00e+00
   21    13   0.00e+00
   21    14   0.00e+00
   21    15  1.92e-129
   21    16   3.60e-65
   21    17   5.94e-39
   21    18   4.10e-27
   21    19   3.09e-13
   21    20   4.76e-12
   21    21   1.02e-11
   21    22   2.37e-09
   21    23   3.85e-14
   21    24   2.22e-15
   21    25   2.63e-27
   21    26   4.84e-38
   21    27   0.00e+00
   21    28   0.00e+00
   21    29   0.00e+00
   21    30   0.00e+00
   21    31   0.00e+00
   21    32   0.00e+00
   21    33   0.00e+00
   21    34   0.00e+00
   21    35   0.00e+00
   21    36   0.00e+00
   21    37   0.00e+00
   21    38   0.00e+00
   21    39   0.00e+00
   22    12   0.00e+00
   22    13   0.00e+00
   22    14   0.00e+00
   22    15   0.00e+00
   22    16   0.00e+00
   22    17  3.44e-102
   22    18   2.87e-36
   22    19   6.35e-19
   22    20   1.52e-16
   22    21   7.49e-14
   22    22   2.50e-10
   22    23   5.88e-12
   22    24   9.45e-14
   22    25   9.80e-18
   22    26   6.96e-26
   22    27   6.33e-30
   22    28   0.00e+00
   22    29   0.00e+00
   22    30   0.00e+00
   22    31   0.00e+00
   22    32   0.00e+00
   22    33   0.00e+00
   22    34   0.00e+00
   22    35   0.00e+00
   22    36   0.00e+00
   22    37   0.00e+00
   22    38   0.00e+00
   23    13   0.00e+00
   23    14   0.00e+00
   23    15   0.00e+00
   23    16   0.00e+00
   23    17   0.00e+00
   23    18   4.86e-88
   23    19   2.40e-31
   23    20   1.11e-24
   23    21   2.74e-19
   23    22   1.87e-14
   23    23   1.03e-16
   23    24   4.29e-15
   23    25   2.50e-20
   23    26   8.11e-23
   23    27   1.30e-34
   23    28   0.00e+00
   23    29   0.00e+00
   23    30   0.00e+00
   23    31   0.00e+00
   23    32   0.00e+00
   23    33   0.00e+00
   23    34   0.00e+00
   23    35   0.00e+00
   23    36   0.00e+00
   23    37   0.00e+00
   24    14   0.00e+00
   24    15   0.00e+00
   24    16   0.00e+00
   24    17   0.00e+00
   24    18   0.00e+00
   24    19   7.47e-61
   24    20   3.59e-31
   24    21   2.28e-25
   24    22   1.29e-20
   24    23   4.87e-19
   24    24   3.19e-17
   24    25   4.86e-20
   24    26   5.59e-23
   24    27   7.81e-35
   24    28   7.83e-47
   24    29   0.00e+00
   24    30   0.00e+00
   24    31   0.00e+00
   24    32   0.00e+00
   24    33   0.00e+00
   24    34   0.00e+00
   24    35   0.00e+00
   24    36   0.00e+00
   25    15   0.00e+00
   25    16   0.00e+00
   25    17   0.00e+00
   25    18   0.00e+00
   25    19   0.00e+00
   25    20   2.15e-78
   25    21   5.59e-34
   25    22   2.07e-31
   25    23   6.95e-26
   25    24   2.75e-23
   25    25   1.85e-26
   25    26   6.56e-26
   25    27   6.20e-44
   25    28   4.49e-47
   25    29   0.00e+00
   25    30   0.00e+00
   25    31   0.00e+00
   25    32   0.00e+00
   25    33   0.00e+00
   25    34   0.00e+00
   25    35   0.00e+00
   26    16   0.00e+00
   26    17   0.00e+00
   26    18   0.00e+00
   26    19  1.25e-128
   26    20  8.52e-197
   26    21   2.24e-59
   26    22   9.43e-49
   26    23   1.36e-33
   26    24   1.17e-28
   26    25   9.63e-27
   26    26   1.47e-41
   26    27   8.93e-44
   26    28   9.03e-47
   26    29   0.00e+00
   26    30   0.00e+00
   26    31   0.00e+00
   26    32   0.00e+00
   26    33   0.00e+00
   26    34   0.00e+00
   27    17   0.00e+00
   27    18   0.00e+00
   27    19   0.00e+00
   27    20   0.00e+00
   27    21   0.00e+00
   27    22   0.00e+00
   27    23   4.69e-50
   27    24   0.00e+00
   27    25   7.74e-46
   27    26   5.25e-48
   27    27   0.00e+00
   27    28   0.00e+00
   27    29   0.00e+00
   27    30   0.00e+00
   27    31   0.00e+00
   27    32   0.00e+00
   27    33   0.00e+00
   28    18   0.00e+00
   28    19   0.00e+00
   28    20   0.00e+00
   28    21   0.00e+00
   28    22   0.00e+00
   28    23   0.00e+00
   28    24   0.00e+00
   28    25   0.00e+00
   28    26   0.00e+00
   28    27   0.00e+00
   28    28   0.00e+00
   28    29   0.00e+00
   28    30   0.00e+00
   28    31   0.00e+00
   28    32   0.00e+00
   29    19   0.00e+00
   29    20   0.00e+00
   29    21   0.00e+00
   29    22   0.00e+00
   29    23   0.00e+00
   29    24   0.00e+00
   29    25   0.00e+00
   29    26   0.00e+00
   29    27   0.00e+00
   29    28   0.00e+00
   29    29   0.00e+00
   29    30   0.00e+00
   29    31   0.00e+00
   30    21   0.00e+00
   30    22   0.00e+00
   30    23   0.00e+00
   30    24   0.00e+00
   30    25   0.00e+00
   30    26   0.00e+00
   30    27   0.00e+00
   30    28   0.00e+00
   30    29   0.00e+00
   30    30   0.00e+00
   31    22   0.00e+00
   31    23   0.00e+00
   31    24   0.00e+00
   31    25   0.00e+00
   31    26   0.00e+00
   31    27   0.00e+00
   31    28   0.00e+00
   31    29   0.00e+00
   32    23   0.00e+00
   32    24   0.00e+00
   32    25   0.00e+00
   32    26   0.00e+00
   32    27   0.00e+00
   32    28   0.00e+00
   33    24   0.00e+00
   33    25   0.00e+00
   33    26   0.00e+00
   33    27   0.00e+00
   34    25   0.00e+00
   34    26   0.00e+00
    0     1   4.74e-22
    1     0   2.24e-01
    2     2   4.39e-02
