    1     1   3.40e-19
    1     2   3.70e-26
    2     1   8.30e-10
    2     4   1.42e-65
    2     5   0.00e+00
    2     6   0.00e+00
    2     7   0.00e+00
    2     8   0.00e+00
    3     3   1.58e-28
    3     4   4.27e-24
    3     5   5.18e-47
    3     6   0.00e+00
    3     7   0.00e+00
    3     8   0.00e+00
    4     3   1.01e-07
    4     4   0.00e+00
    4     5   8.30e-35
    4     6   8.60e-65
    4     7   0.00e+00
    4     8   0.00e+00
    4     9   0.00e+00
    4    10   0.00e+00
    5     3   1.02e-11
    5     4   0.00e+00
    5     5   3.81e-26
    5     6   9.30e-23
    5     7   9.68e-46
    5     8   0.00e+00
    5     9   0.00e+00
    5    10   0.00e+00
    5    12   0.00e+00
    5    14   0.00e+00
    6     3   1.65e-09
    6     4   1.64e-24
    6     5   9.50e-11
    6     6   1.28e-09
    6     7   2.44e-15
    6     8   2.54e-25
    6     9   2.89e-49
    6    10   0.00e+00
    6    11   0.00e+00
    6    12   0.00e+00
    6    13   0.00e+00
    6    14   0.00e+00
    6    16   0.00e+00
    7     4   0.00e+00
    7     5   3.40e-12
    7     6   5.71e-09
    7     7   2.70e-08
    7     8   7.99e-14
    7     9   1.42e-36
    7    10   0.00e+00
    7    11   0.00e+00
    7    12   0.00e+00
    7    13   0.00e+00
    7    14   0.00e+00
    7    15   0.00e+00
    7    16   0.00e+00
    8     5   1.59e-11
    8     6   5.68e-05
    8     7   3.40e-04
    8     8   8.16e-04
    8     9   8.94e-09
    8    10   3.05e-19
    8    11   5.30e-41
    8    12   0.00e+00
    8    13   0.00e+00
    8    14   0.00e+00
    8    15   0.00e+00
    8    16   0.00e+00
    8    17   0.00e+00
    8    18   0.00e+00
    8    20   0.00e+00
    8    22   0.00e+00
    9     5   0.00e+00
    9     6   3.11e-33
    9     7   8.36e-19
    9     8   7.40e-03
    9     9   6.58e-09
    9    10   1.32e-15
    9    11   4.97e-34
    9    12  1.82e-105
    9    13   0.00e+00
    9    14   0.00e+00
    9    15   0.00e+00
    9    16   0.00e+00
    9    17   0.00e+00
    9    18   0.00e+00
    9    19   0.00e+00
    9    20   0.00e+00
    9    21   0.00e+00
    9    22   0.00e+00
    9    28   0.00e+00
   10     6  3.12e-104
   10     7   9.32e-27
   10     8   8.43e-04
   10     9   1.99e-08
   10    10   1.01e-02
   10    11   2.05e-11
   10    12   5.00e-11
   10    13   1.20e-30
   10    14   0.00e+00
   10    15   0.00e+00
   10    16   0.00e+00
   10    17   0.00e+00
   10    18   0.00e+00
   10    19   0.00e+00
   10    20   0.00e+00
   10    21   0.00e+00
   10    22   0.00e+00
   10    23   0.00e+00
   10    24   0.00e+00
   10    25   0.00e+00
   10    26   0.00e+00
   10    27   0.00e+00
   10    28   0.00e+00
   10    29   0.00e+00
   10    30   0.00e+00
   10    31   0.00e+00
   11     7   0.00e+00
   11     8   2.81e-14
   11     9   8.38e-10
   11    10   1.29e-05
   11    11   7.80e-08
   11    12   3.13e-10
   11    13   1.04e-27
   11    14   1.20e-66
   11    15  2.09e-168
   11    16   0.00e+00
   11    17   0.00e+00
   11    18   0.00e+00
   11    19   0.00e+00
   11    20   0.00e+00
   11    21   0.00e+00
   11    22   0.00e+00
   11    23   0.00e+00
   11    24   0.00e+00
   11    25   0.00e+00
   11    26   0.00e+00
   11    27   0.00e+00
   11    28   0.00e+00
   11    29   0.00e+00
   11    30   0.00e+00
   11    31   0.00e+00
   11    32   0.00e+00
   11    33   0.00e+00
   12     7   0.00e+00
   12     8   4.46e-13
   12     9   5.00e-10
   12    10   2.29e-03
   12    11   6.58e-05
   12    12   6.13e-10
   12    13   7.93e-09
   12    14   2.84e-17
   12    15   2.12e-35
   12    16   1.02e-62
   12    17   0.00e+00
   12    18   0.00e+00
   12    19   0.00e+00
   12    20   0.00e+00
   12    21   0.00e+00
   12    22   0.00e+00
   12    23   0.00e+00
   12    24   0.00e+00
   12    25   0.00e+00
   12    26   0.00e+00
   12    27   0.00e+00
   12    28   0.00e+00
   12    29   0.00e+00
   12    30   0.00e+00
   12    31   0.00e+00
   12    32   0.00e+00
   12    33   0.00e+00
   12    34   0.00e+00
   12    35   0.00e+00
   13     8   1.63e-37
   13     9   7.62e-28
   13    10   4.93e-08
   13    11   5.39e-06
   13    12   1.37e-04
   13    13   5.57e-08
   13    14   3.08e-07
   13    15   1.88e-23
   13    16   2.64e-39
   13    17  6.01e-133
   13    18  6.70e-156
   13    19   0.00e+00
   13    20   0.00e+00
   13    21   0.00e+00
   13    22   0.00e+00
   13    23   0.00e+00
   13    24   0.00e+00
   13    25   0.00e+00
   13    26   0.00e+00
   13    27   0.00e+00
   13    28   0.00e+00
   13    29   0.00e+00
   13    30   0.00e+00
   13    31   0.00e+00
   13    32   0.00e+00
   13    33   0.00e+00
   13    34   0.00e+00
   13    35   0.00e+00
   13    36   0.00e+00
   13    37   0.00e+00
   13    38   0.00e+00
   14     8   0.00e+00
   14     9  6.47e-145
   14    10   1.03e-07
   14    11   1.98e-06
   14    12   1.07e-04
   14    13   3.15e-04
   14    14   4.09e-04
   14    15   1.12e-07
   14    16   2.41e-08
   14    17   2.56e-24
   14    18   1.14e-39
   14    19  7.23e-124
   14    20   0.00e+00
   14    21   0.00e+00
   14    22   0.00e+00
   14    23   0.00e+00
   14    24   0.00e+00
   14    25   0.00e+00
   14    26   0.00e+00
   14    27   0.00e+00
   14    28   0.00e+00
   14    29   0.00e+00
   14    30   0.00e+00
   14    31   0.00e+00
   14    32   0.00e+00
   14    33   0.00e+00
   14    34   0.00e+00
   14    35   0.00e+00
   14    36   0.00e+00
   14    37   0.00e+00
   14    38   0.00e+00
   14    39   0.00e+00
   14    40   0.00e+00
   15     8   0.00e+00
   15     9   0.00e+00
   15    10   3.69e-26
   15    11   1.80e-10
   15    12   1.09e-03
   15    13   8.13e-04
   15    14   4.84e-04
   15    15   5.15e-06
   15    16   2.47e-08
   15    17   1.32e-23
   15    18   7.02e-25
   15    19   2.44e-40
   15    20   3.81e-51
   15    21   0.00e+00
   15    22   0.00e+00
   15    23   0.00e+00
   15    24   0.00e+00
   15    25   0.00e+00
   15    26   0.00e+00
   15    27   0.00e+00
   15    28   0.00e+00
   15    29   0.00e+00
   15    30   0.00e+00
   15    31   0.00e+00
   15    32   0.00e+00
   15    33   0.00e+00
   15    34   0.00e+00
   15    35   0.00e+00
   15    36   0.00e+00
   15    37   0.00e+00
   15    38   0.00e+00
   15    39   0.00e+00
   15    40   0.00e+00
   15    41   0.00e+00
   15    42   0.00e+00
   16     8   0.00e+00
   16     9   0.00e+00
   16    10   8.39e-30
   16    11   6.47e-12
   16    12   6.15e-09
   16    13   7.74e-04
   16    14   4.77e-05
   16    15   2.46e-06
   16    16   3.56e-06
   16    17   1.69e-08
   16    18   3.88e-08
   16    19   3.79e-23
   16    20   6.79e-36
   16    21   7.03e-94
   16    22   1.90e-80
   16    23   0.00e+00
   16    24   0.00e+00
   16    25   0.00e+00
   16    26   0.00e+00
   16    27   0.00e+00
   16    28   0.00e+00
   16    29   0.00e+00
   16    30   0.00e+00
   16    31   0.00e+00
   16    32   0.00e+00
   16    33   0.00e+00
   16    34   0.00e+00
   16    35   0.00e+00
   16    36   0.00e+00
   16    37   0.00e+00
   16    38   0.00e+00
   16    39   0.00e+00
   16    40   0.00e+00
   16    41   0.00e+00
   16    42   0.00e+00
   16    43   0.00e+00
   16    44   0.00e+00
   17     8   0.00e+00
   17     9   0.00e+00
   17    10   0.00e+00
   17    11   2.46e-44
   17    12   1.76e-41
   17    13   4.17e-15
   17    14   1.33e-07
   17    15   6.46e-10
   17    16   1.08e-07
   17    17   8.47e-09
   17    18   9.00e-08
   17    19   2.66e-22
   17    20   5.53e-09
   17    21   8.15e-24
   17    22   3.86e-38
   17    23   0.00e+00
   17    24   0.00e+00
   17    25   0.00e+00
   17    26   0.00e+00
   17    27   0.00e+00
   17    28   0.00e+00
   17    29   0.00e+00
   17    30   0.00e+00
   17    31   0.00e+00
   17    32   0.00e+00
   17    33   0.00e+00
   17    34   0.00e+00
   17    35   0.00e+00
   17    36   0.00e+00
   17    37   0.00e+00
   17    38   0.00e+00
   17    39   0.00e+00
   17    40   0.00e+00
   17    41   0.00e+00
   17    42   0.00e+00
   17    43   0.00e+00
   18     9   0.00e+00
   18    10   0.00e+00
   18    11   0.00e+00
   18    12  9.67e-131
   18    13   1.32e-17
   18    14   3.07e-14
   18    15   5.75e-13
   18    16   5.68e-09
   18    17   3.15e-09
   18    18   8.06e-08
   18    19   4.24e-08
   18    20   8.64e-08
   18    21   1.82e-22
   18    22   1.51e-36
   18    23   2.04e-58
   18    24   0.00e+00
   18    25   0.00e+00
   18    26   0.00e+00
   18    27   0.00e+00
   18    28   0.00e+00
   18    29   0.00e+00
   18    30   0.00e+00
   18    31   0.00e+00
   18    32   0.00e+00
   18    33   0.00e+00
   18    34   0.00e+00
   18    35   0.00e+00
   18    36   0.00e+00
   18    37   0.00e+00
   18    38   0.00e+00
   18    39   0.00e+00
   18    40   0.00e+00
   18    41   0.00e+00
   18    42   0.00e+00
   19    10   0.00e+00
   19    11   0.00e+00
   19    12   0.00e+00
   19    13   2.08e-51
   19    14   1.78e-45
   19    15   2.62e-28
   19    16   7.66e-17
   19    17   2.66e-11
   19    18   4.52e-07
   19    19   2.81e-09
   19    20   4.02e-08
   19    21   2.95e-22
   19    22   1.17e-26
   19    23   1.00e-43
   19    24   2.65e-65
   19    25   0.00e+00
   19    26   0.00e+00
   19    27   0.00e+00
   19    28   0.00e+00
   19    29   0.00e+00
   19    30   0.00e+00
   19    31   0.00e+00
   19    32   0.00e+00
   19    33   0.00e+00
   19    34   0.00e+00
   19    35   0.00e+00
   19    36   0.00e+00
   19    37   0.00e+00
   19    38   0.00e+00
   19    39   0.00e+00
   19    40   0.00e+00
   19    41   0.00e+00
   20    10   0.00e+00
   20    11   0.00e+00
   20    12   0.00e+00
   20    13   0.00e+00
   20    14  8.60e-126
   20    15   6.03e-43
   20    16   3.18e-20
   20    17   5.53e-15
   20    18   6.94e-09
   20    19   4.71e-11
   20    20   4.16e-07
   20    21   7.27e-13
   20    22   1.69e-16
   20    23   1.61e-24
   20    24   1.63e-38
   20    25   0.00e+00
   20    26   0.00e+00
   20    27   0.00e+00
   20    28   0.00e+00
   20    29   0.00e+00
   20    30   0.00e+00
   20    31   0.00e+00
   20    32   0.00e+00
   20    33   0.00e+00
   20    34   0.00e+00
   20    35   0.00e+00
   20    36   0.00e+00
   20    37   0.00e+00
   20    38   0.00e+00
   20    39   0.00e+00
   20    40   0.00e+00
   21    11   0.00e+00
   21    12   0.00e+00
   21    13   0.00e+00
   21    14   0.00e+00
   21    15   0.00e+00
   21    16   1.18e-55
   21    17   7.22e-35
   21    18   1.30e-23
   21    19   3.52e-15
   21    20   1.25e-11
   21    21   4.52e-15
   21    22   1.28e-18
   21    23   6.48e-27
   21    24   1.04e-59
   21    25   4.75e-60
   21    26   0.00e+00
   21    27   0.00e+00
   21    28   0.00e+00
   21    29   0.00e+00
   21    30   0.00e+00
   21    31   0.00e+00
   21    32   0.00e+00
   21    33   0.00e+00
   21    34   0.00e+00
   21    35   0.00e+00
   21    36   0.00e+00
   21    37   0.00e+00
   21    38   0.00e+00
   21    39   0.00e+00
   22    12   0.00e+00
   22    13   0.00e+00
   22    14   0.00e+00
   22    15   0.00e+00
   22    16   0.00e+00
   22    17   0.00e+00
   22    18   6.54e-28
   22    19   1.83e-18
   22    20   1.64e-14
   22    21   9.43e-18
   22    22   1.28e-21
   22    23   7.58e-27
   22    24   2.20e-39
   22    25   7.20e-48
   22    26   0.00e+00
   22    27   0.00e+00
   22    28   0.00e+00
   22    29   0.00e+00
   22    30   0.00e+00
   22    31   0.00e+00
   22    32   0.00e+00
   22    33   0.00e+00
   22    34   0.00e+00
   22    35   0.00e+00
   22    36   0.00e+00
   22    37   0.00e+00
   22    38   0.00e+00
   23    13   0.00e+00
   23    14   0.00e+00
   23    15   0.00e+00
   23    16   0.00e+00
   23    17   0.00e+00
   23    18  4.71e-177
   23    19   2.95e-28
   23    20   9.49e-21
   23    21   2.89e-21
   23    22   5.04e-25
   23    23   4.18e-41
   23    24   5.78e-44
   23    25   0.00e+00
   23    26   0.00e+00
   23    27   0.00e+00
   23    28   0.00e+00
   23    29   0.00e+00
   23    30   0.00e+00
   23    31   0.00e+00
   23    32   0.00e+00
   23    33   0.00e+00
   23    34   0.00e+00
   23    35   0.00e+00
   23    36   0.00e+00
   23    37   0.00e+00
   24    14   0.00e+00
   24    15   0.00e+00
   24    16   0.00e+00
   24    17   0.00e+00
   24    18   0.00e+00
   24    19   0.00e+00
   24    20   9.49e-25
   24    21   3.92e-25
   24    22   4.91e-30
   24    23   1.09e-45
   24    24   2.51e-47
   24    25   0.00e+00
   24    26   0.00e+00
   24    27   0.00e+00
   24    28   0.00e+00
   24    29   0.00e+00
   24    30   0.00e+00
   24    31   0.00e+00
   24    32   0.00e+00
   24    33   0.00e+00
   24    34   0.00e+00
   24    35   0.00e+00
   24    36   0.00e+00
   25    15   0.00e+00
   25    16   0.00e+00
   25    17   0.00e+00
   25    18   0.00e+00
   25    19   0.00e+00
   25    20   2.91e-46
   25    21   3.71e-31
   25    22   7.72e-50
   25    23   5.77e-52
   25    24   1.89e-55
   25    25   0.00e+00
   25    26   0.00e+00
   25    27   0.00e+00
   25    28   0.00e+00
   25    29   0.00e+00
   25    30   0.00e+00
   25    31   0.00e+00
   25    32   0.00e+00
   25    33   0.00e+00
   25    34   0.00e+00
   25    35   0.00e+00
   26    16   0.00e+00
   26    17   0.00e+00
   26    18   0.00e+00
   26    19   0.00e+00
   26    20   0.00e+00
   26    21   0.00e+00
   26    22   2.06e-55
   26    23   1.77e-56
   26    24   0.00e+00
   26    25   0.00e+00
   26    26   0.00e+00
   26    27   0.00e+00
   26    28   0.00e+00
   26    29   0.00e+00
   26    30   0.00e+00
   26    31   0.00e+00
   26    32   0.00e+00
   26    33   0.00e+00
   26    34   0.00e+00
   27    17   0.00e+00
   27    18   0.00e+00
   27    19   0.00e+00
   27    20   0.00e+00
   27    21   0.00e+00
   27    22   0.00e+00
   27    23   0.00e+00
   27    24   0.00e+00
   27    25   0.00e+00
   27    26   0.00e+00
   27    27   0.00e+00
   27    28   0.00e+00
   27    29   0.00e+00
   27    30   0.00e+00
   27    31   0.00e+00
   27    32   0.00e+00
   27    33   0.00e+00
   28    18   0.00e+00
   28    19   0.00e+00
   28    20   0.00e+00
   28    21   0.00e+00
   28    22   0.00e+00
   28    23   0.00e+00
   28    24   0.00e+00
   28    25   0.00e+00
   28    26   0.00e+00
   28    27   0.00e+00
   28    28   0.00e+00
   28    29   0.00e+00
   28    30   0.00e+00
   28    31   0.00e+00
   28    32   0.00e+00
   29    19   0.00e+00
   29    20   0.00e+00
   29    21   0.00e+00
   29    22   0.00e+00
   29    23   0.00e+00
   29    24   0.00e+00
   29    25   0.00e+00
   29    26   0.00e+00
   29    27   0.00e+00
   29    28   0.00e+00
   29    29   0.00e+00
   29    30   0.00e+00
   29    31   0.00e+00
   30    21   0.00e+00
   30    22   0.00e+00
   30    23   0.00e+00
   30    24   0.00e+00
   30    25   0.00e+00
   30    26   0.00e+00
   30    27   0.00e+00
   30    28   0.00e+00
   30    29   0.00e+00
   30    30   0.00e+00
   31    22   0.00e+00
   31    23   0.00e+00
   31    24   0.00e+00
   31    25   0.00e+00
   31    26   0.00e+00
   31    27   0.00e+00
   31    28   0.00e+00
   31    29   0.00e+00
   32    23   0.00e+00
   32    24   0.00e+00
   32    25   0.00e+00
   32    26   0.00e+00
   32    27   0.00e+00
   32    28   0.00e+00
   33    24   0.00e+00
   33    25   0.00e+00
   33    26   0.00e+00
   33    27   0.00e+00
   34    25   0.00e+00
   34    26   0.00e+00
    0     1   1.17e-23
    1     0   3.35e-01
    2     2   3.36e-02
