    1     1   4.76e-19
    1     2   4.46e-26
    2     1   9.64e-08
    2     4   0.00e+00
    2     5   0.00e+00
    2     6   0.00e+00
    2     7   0.00e+00
    2     8   0.00e+00
    3     3   1.95e-28
    3     4   4.67e-24
    3     5   1.00e-48
    3     6   0.00e+00
    3     7   0.00e+00
    3     8   0.00e+00
    4     3   1.63e-08
    4     4   0.00e+00
    4     5   2.92e-47
    4     6  1.75e-107
    4     7   0.00e+00
    4     8   0.00e+00
    4     9   0.00e+00
    4    10   0.00e+00
    5     3   2.44e-09
    5     4   0.00e+00
    5     5   4.84e-46
    5     6   1.76e-24
    5     7   0.00e+00
    5     8   0.00e+00
    5     9   0.00e+00
    5    10   0.00e+00
    5    12   0.00e+00
    5    14   0.00e+00
    6     3   3.71e-09
    6     4   0.00e+00
    6     5   4.83e-14
    6     6   1.12e-07
    6     7   2.63e-10
    6     8   9.17e-32
    6     9   0.00e+00
    6    10   0.00e+00
    6    11   0.00e+00
    6    12   0.00e+00
    6    13   0.00e+00
    6    14   0.00e+00
    6    16   0.00e+00
    7     4   0.00e+00
    7     5   2.04e-16
    7     6   4.74e-06
    7     7   1.45e-04
    7     8   1.46e-11
    7     9   0.00e+00
    7    10   0.00e+00
    7    11   0.00e+00
    7    12   0.00e+00
    7    13   0.00e+00
    7    14   0.00e+00
    7    15   0.00e+00
    7    16   0.00e+00
    8     5   9.80e-18
    8     6   5.10e-05
    8     7   1.22e-04
    8     8   8.14e-03
    8     9   3.49e-07
    8    10   1.18e-17
    8    11   2.03e-32
    8    12   0.00e+00
    8    13   0.00e+00
    8    14   0.00e+00
    8    15   0.00e+00
    8    16   0.00e+00
    8    17   0.00e+00
    8    18   0.00e+00
    8    20   0.00e+00
    8    22   0.00e+00
    9     5   0.00e+00
    9     6   0.00e+00
    9     7   2.72e-27
    9     8   9.95e-04
    9     9   7.82e-09
    9    10   3.21e-13
    9    11   2.75e-97
    9    12   0.00e+00
    9    13   0.00e+00
    9    14   0.00e+00
    9    15   0.00e+00
    9    16   0.00e+00
    9    17   0.00e+00
    9    18   0.00e+00
    9    19   0.00e+00
    9    20   0.00e+00
    9    21   0.00e+00
    9    22   0.00e+00
    9    28   0.00e+00
   10     6   0.00e+00
   10     7   0.00e+00
   10     8   9.42e-07
   10     9   6.42e-10
   10    10   1.24e-02
   10    11   4.34e-09
   10    12   1.26e-06
   10    13   4.27e-30
   10    14   0.00e+00
   10    15   0.00e+00
   10    16   0.00e+00
   10    17   0.00e+00
   10    18   0.00e+00
   10    19   0.00e+00
   10    20   0.00e+00
   10    21   0.00e+00
   10    22   0.00e+00
   10    23   0.00e+00
   10    24   0.00e+00
   10    25   0.00e+00
   10    26   0.00e+00
   10    27   0.00e+00
   10    28   0.00e+00
   10    29   0.00e+00
   10    30   0.00e+00
   10    31   0.00e+00
   11     7   0.00e+00
   11     8   1.03e-21
   11     9   9.80e-15
   11    10   1.07e-05
   11    11   6.32e-07
   11    12   1.10e-06
   11    13   3.91e-28
   11    14  4.13e-122
   11    15   0.00e+00
   11    16   0.00e+00
   11    17   0.00e+00
   11    18   0.00e+00
   11    19   0.00e+00
   11    20   0.00e+00
   11    21   0.00e+00
   11    22   0.00e+00
   11    23   0.00e+00
   11    24   0.00e+00
   11    25   0.00e+00
   11    26   0.00e+00
   11    27   0.00e+00
   11    28   0.00e+00
   11    29   0.00e+00
   11    30   0.00e+00
   11    31   0.00e+00
   11    32   0.00e+00
   11    33   0.00e+00
   12     7   0.00e+00
   12     8   2.14e-22
   12     9   8.51e-16
   12    10   1.32e-05
   12    11   9.61e-06
   12    12   7.86e-07
   12    13   2.24e-03
   12    14   7.32e-07
   12    15   1.57e-29
   12    16   0.00e+00
   12    17   0.00e+00
   12    18   0.00e+00
   12    19   0.00e+00
   12    20   0.00e+00
   12    21   0.00e+00
   12    22   0.00e+00
   12    23   0.00e+00
   12    24   0.00e+00
   12    25   0.00e+00
   12    26   0.00e+00
   12    27   0.00e+00
   12    28   0.00e+00
   12    29   0.00e+00
   12    30   0.00e+00
   12    31   0.00e+00
   12    32   0.00e+00
   12    33   0.00e+00
   12    34   0.00e+00
   12    35   0.00e+00
   13     8   5.60e-67
   13     9   7.94e-49
   13    10   4.90e-13
   13    11   3.33e-11
   13    12   1.88e-03
   13    13   4.71e-05
   13    14   1.20e-06
   13    15   5.80e-28
   13    16  3.65e-104
   13    17   0.00e+00
   13    18   0.00e+00
   13    19   0.00e+00
   13    20   0.00e+00
   13    21   0.00e+00
   13    22   0.00e+00
   13    23   0.00e+00
   13    24   0.00e+00
   13    25   0.00e+00
   13    26   0.00e+00
   13    27   0.00e+00
   13    28   0.00e+00
   13    29   0.00e+00
   13    30   0.00e+00
   13    31   0.00e+00
   13    32   0.00e+00
   13    33   0.00e+00
   13    34   0.00e+00
   13    35   0.00e+00
   13    36   0.00e+00
   13    37   0.00e+00
   13    38   0.00e+00
   14     8   0.00e+00
   14     9   0.00e+00
   14    10   6.76e-14
   14    11   2.23e-15
   14    12   1.50e-07
   14    13   6.06e-06
   14    14   6.52e-06
   14    15   3.27e-07
   14    16   2.18e-07
   14    17   4.24e-28
   14    18   0.00e+00
   14    19   0.00e+00
   14    20   0.00e+00
   14    21   0.00e+00
   14    22   0.00e+00
   14    23   0.00e+00
   14    24   0.00e+00
   14    25   0.00e+00
   14    26   0.00e+00
   14    27   0.00e+00
   14    28   0.00e+00
   14    29   0.00e+00
   14    30   0.00e+00
   14    31   0.00e+00
   14    32   0.00e+00
   14    33   0.00e+00
   14    34   0.00e+00
   14    35   0.00e+00
   14    36   0.00e+00
   14    37   0.00e+00
   14    38   0.00e+00
   14    39   0.00e+00
   14    40   0.00e+00
   15     8   0.00e+00
   15     9   0.00e+00
   15    10   2.93e-45
   15    11   4.49e-19
   15    12   3.25e-10
   15    13   3.95e-09
   15    14   9.53e-11
   15    15   1.04e-09
   15    16   7.28e-08
   15    17   1.97e-29
   15    18   4.61e-31
   15    19  4.77e-163
   15    20   0.00e+00
   15    21   0.00e+00
   15    22   0.00e+00
   15    23   0.00e+00
   15    24   0.00e+00
   15    25   0.00e+00
   15    26   0.00e+00
   15    27   0.00e+00
   15    28   0.00e+00
   15    29   0.00e+00
   15    30   0.00e+00
   15    31   0.00e+00
   15    32   0.00e+00
   15    33   0.00e+00
   15    34   0.00e+00
   15    35   0.00e+00
   15    36   0.00e+00
   15    37   0.00e+00
   15    38   0.00e+00
   15    39   0.00e+00
   15    40   0.00e+00
   15    41   0.00e+00
   15    42   0.00e+00
   16     8   0.00e+00
   16     9   0.00e+00
   16    10   7.75e-45
   16    11   1.55e-23
   16    12   3.38e-19
   16    13   1.24e-12
   16    14   7.06e-16
   16    15   6.11e-14
   16    16   3.44e-06
   16    17   2.71e-08
   16    18   1.52e-07
   16    19   1.21e-29
   16    20   0.00e+00
   16    21   0.00e+00
   16    22   0.00e+00
   16    23   0.00e+00
   16    24   0.00e+00
   16    25   0.00e+00
   16    26   0.00e+00
   16    27   0.00e+00
   16    28   0.00e+00
   16    29   0.00e+00
   16    30   0.00e+00
   16    31   0.00e+00
   16    32   0.00e+00
   16    33   0.00e+00
   16    34   0.00e+00
   16    35   0.00e+00
   16    36   0.00e+00
   16    37   0.00e+00
   16    38   0.00e+00
   16    39   0.00e+00
   16    40   0.00e+00
   16    41   0.00e+00
   16    42   0.00e+00
   16    43   0.00e+00
   16    44   0.00e+00
   17     8   0.00e+00
   17     9   0.00e+00
   17    10   0.00e+00
   17    11   0.00e+00
   17    12   0.00e+00
   17    13   3.02e-28
   17    14   5.67e-25
   17    15   4.71e-20
   17    16   2.89e-14
   17    17   9.44e-12
   17    18   2.80e-08
   17    19   1.31e-28
   17    20   8.92e-09
   17    21   1.04e-29
   17    22   0.00e+00
   17    23   0.00e+00
   17    24   0.00e+00
   17    25   0.00e+00
   17    26   0.00e+00
   17    27   0.00e+00
   17    28   0.00e+00
   17    29   0.00e+00
   17    30   0.00e+00
   17    31   0.00e+00
   17    32   0.00e+00
   17    33   0.00e+00
   17    34   0.00e+00
   17    35   0.00e+00
   17    36   0.00e+00
   17    37   0.00e+00
   17    38   0.00e+00
   17    39   0.00e+00
   17    40   0.00e+00
   17    41   0.00e+00
   17    42   0.00e+00
   17    43   0.00e+00
   18     9   0.00e+00
   18    10   0.00e+00
   18    11   0.00e+00
   18    12   0.00e+00
   18    13   1.85e-57
   18    14   1.18e-35
   18    15   2.73e-29
   18    16   5.38e-19
   18    17   7.27e-16
   18    18   5.34e-07
   18    19   1.21e-11
   18    20   9.98e-08
   18    21   1.59e-28
   18    22   1.89e-71
   18    23   0.00e+00
   18    24   0.00e+00
   18    25   0.00e+00
   18    26   0.00e+00
   18    27   0.00e+00
   18    28   0.00e+00
   18    29   0.00e+00
   18    30   0.00e+00
   18    31   0.00e+00
   18    32   0.00e+00
   18    33   0.00e+00
   18    34   0.00e+00
   18    35   0.00e+00
   18    36   0.00e+00
   18    37   0.00e+00
   18    38   0.00e+00
   18    39   0.00e+00
   18    40   0.00e+00
   18    41   0.00e+00
   18    42   0.00e+00
   19    10   0.00e+00
   19    11   0.00e+00
   19    12   0.00e+00
   19    13   0.00e+00
   19    14   0.00e+00
   19    15   0.00e+00
   19    16   6.67e-31
   19    17   1.74e-20
   19    18   7.87e-11
   19    19   1.79e-16
   19    20   2.47e-08
   19    21   1.16e-28
   19    22   4.29e-32
   19    23   0.00e+00
   19    24   0.00e+00
   19    25   0.00e+00
   19    26   0.00e+00
   19    27   0.00e+00
   19    28   0.00e+00
   19    29   0.00e+00
   19    30   0.00e+00
   19    31   0.00e+00
   19    32   0.00e+00
   19    33   0.00e+00
   19    34   0.00e+00
   19    35   0.00e+00
   19    36   0.00e+00
   19    37   0.00e+00
   19    38   0.00e+00
   19    39   0.00e+00
   19    40   0.00e+00
   19    41   0.00e+00
   20    10   0.00e+00
   20    11   0.00e+00
   20    12   0.00e+00
   20    13   0.00e+00
   20    14   0.00e+00
   20    15   0.00e+00
   20    16  1.34e-166
   20    17   1.41e-32
   20    18   8.15e-17
   20    19   3.18e-22
   20    20   4.15e-07
   20    21   2.97e-20
   20    22   2.03e-39
   20    23   0.00e+00
   20    24   0.00e+00
   20    25   0.00e+00
   20    26   0.00e+00
   20    27   0.00e+00
   20    28   0.00e+00
   20    29   0.00e+00
   20    30   0.00e+00
   20    31   0.00e+00
   20    32   0.00e+00
   20    33   0.00e+00
   20    34   0.00e+00
   20    35   0.00e+00
   20    36   0.00e+00
   20    37   0.00e+00
   20    38   0.00e+00
   20    39   0.00e+00
   20    40   0.00e+00
   21    11   0.00e+00
   21    12   0.00e+00
   21    13   0.00e+00
   21    14   0.00e+00
   21    15   0.00e+00
   21    16   0.00e+00
   21    17   0.00e+00
   21    18   1.11e-40
   21    19   9.48e-30
   21    20   5.58e-20
   21    21   2.99e-26
   21    22   9.11e-42
   21    23  1.64e-103
   21    24   0.00e+00
   21    25   0.00e+00
   21    26   0.00e+00
   21    27   0.00e+00
   21    28   0.00e+00
   21    29   0.00e+00
   21    30   0.00e+00
   21    31   0.00e+00
   21    32   0.00e+00
   21    33   0.00e+00
   21    34   0.00e+00
   21    35   0.00e+00
   21    36   0.00e+00
   21    37   0.00e+00
   21    38   0.00e+00
   21    39   0.00e+00
   22    12   0.00e+00
   22    13   0.00e+00
   22    14   0.00e+00
   22    15   0.00e+00
   22    16   0.00e+00
   22    17   0.00e+00
   22    18   0.00e+00
   22    19   0.00e+00
   22    20   6.79e-27
   22    21   2.58e-57
   22    22   2.04e-42
   22    23   2.12e-55
   22    24   0.00e+00
   22    25   0.00e+00
   22    26   0.00e+00
   22    27   0.00e+00
   22    28   0.00e+00
   22    29   0.00e+00
   22    30   0.00e+00
   22    31   0.00e+00
   22    32   0.00e+00
   22    33   0.00e+00
   22    34   0.00e+00
   22    35   0.00e+00
   22    36   0.00e+00
   22    37   0.00e+00
   22    38   0.00e+00
   23    13   0.00e+00
   23    14   0.00e+00
   23    15   0.00e+00
   23    16   0.00e+00
   23    17   0.00e+00
   23    18   0.00e+00
   23    19   0.00e+00
   23    20   0.00e+00
   23    21   0.00e+00
   23    22   7.26e-60
   23    23   0.00e+00
   23    24   0.00e+00
   23    25   0.00e+00
   23    26   0.00e+00
   23    27   0.00e+00
   23    28   0.00e+00
   23    29   0.00e+00
   23    30   0.00e+00
   23    31   0.00e+00
   23    32   0.00e+00
   23    33   0.00e+00
   23    34   0.00e+00
   23    35   0.00e+00
   23    36   0.00e+00
   23    37   0.00e+00
   24    14   0.00e+00
   24    15   0.00e+00
   24    16   0.00e+00
   24    17   0.00e+00
   24    18   0.00e+00
   24    19   0.00e+00
   24    20   0.00e+00
   24    21   0.00e+00
   24    22   0.00e+00
   24    23   0.00e+00
   24    24   0.00e+00
   24    25   0.00e+00
   24    26   0.00e+00
   24    27   0.00e+00
   24    28   0.00e+00
   24    29   0.00e+00
   24    30   0.00e+00
   24    31   0.00e+00
   24    32   0.00e+00
   24    33   0.00e+00
   24    34   0.00e+00
   24    35   0.00e+00
   24    36   0.00e+00
   25    15   0.00e+00
   25    16   0.00e+00
   25    17   0.00e+00
   25    18   0.00e+00
   25    19   0.00e+00
   25    20   0.00e+00
   25    21   0.00e+00
   25    22   0.00e+00
   25    23   0.00e+00
   25    24   0.00e+00
   25    25   0.00e+00
   25    26   0.00e+00
   25    27   0.00e+00
   25    28   0.00e+00
   25    29   0.00e+00
   25    30   0.00e+00
   25    31   0.00e+00
   25    32   0.00e+00
   25    33   0.00e+00
   25    34   0.00e+00
   25    35   0.00e+00
   26    16   0.00e+00
   26    17   0.00e+00
   26    18   0.00e+00
   26    19   0.00e+00
   26    20   0.00e+00
   26    21   0.00e+00
   26    22   0.00e+00
   26    23   0.00e+00
   26    24   0.00e+00
   26    25   0.00e+00
   26    26   0.00e+00
   26    27   0.00e+00
   26    28   0.00e+00
   26    29   0.00e+00
   26    30   0.00e+00
   26    31   0.00e+00
   26    32   0.00e+00
   26    33   0.00e+00
   26    34   0.00e+00
   27    17   0.00e+00
   27    18   0.00e+00
   27    19   0.00e+00
   27    20   0.00e+00
   27    21   0.00e+00
   27    22   0.00e+00
   27    23   0.00e+00
   27    24   0.00e+00
   27    25   0.00e+00
   27    26   0.00e+00
   27    27   0.00e+00
   27    28   0.00e+00
   27    29   0.00e+00
   27    30   0.00e+00
   27    31   0.00e+00
   27    32   0.00e+00
   27    33   0.00e+00
   28    18   0.00e+00
   28    19   0.00e+00
   28    20   0.00e+00
   28    21   0.00e+00
   28    22   0.00e+00
   28    23   0.00e+00
   28    24   0.00e+00
   28    25   0.00e+00
   28    26   0.00e+00
   28    27   0.00e+00
   28    28   0.00e+00
   28    29   0.00e+00
   28    30   0.00e+00
   28    31   0.00e+00
   28    32   0.00e+00
   29    19   0.00e+00
   29    20   0.00e+00
   29    21   0.00e+00
   29    22   0.00e+00
   29    23   0.00e+00
   29    24   0.00e+00
   29    25   0.00e+00
   29    26   0.00e+00
   29    27   0.00e+00
   29    28   0.00e+00
   29    29   0.00e+00
   29    30   0.00e+00
   29    31   0.00e+00
   30    21   0.00e+00
   30    22   0.00e+00
   30    23   0.00e+00
   30    24   0.00e+00
   30    25   0.00e+00
   30    26   0.00e+00
   30    27   0.00e+00
   30    28   0.00e+00
   30    29   0.00e+00
   30    30   0.00e+00
   31    22   0.00e+00
   31    23   0.00e+00
   31    24   0.00e+00
   31    25   0.00e+00
   31    26   0.00e+00
   31    27   0.00e+00
   31    28   0.00e+00
   31    29   0.00e+00
   32    23   0.00e+00
   32    24   0.00e+00
   32    25   0.00e+00
   32    26   0.00e+00
   32    27   0.00e+00
   32    28   0.00e+00
   33    24   0.00e+00
   33    25   0.00e+00
   33    26   0.00e+00
   33    27   0.00e+00
   34    25   0.00e+00
   34    26   0.00e+00
    0     1   6.04e-27
    1     0   3.60e-01
    2     2   3.35e-02
