    1     1   3.76e-19
    1     2   1.73e-30
    2     1   1.12e-15
    2     4   1.21e-60
    2     5   0.00e+00
    2     6   0.00e+00
    2     7   0.00e+00
    2     8   0.00e+00
    3     3   3.24e-28
    3     4   7.05e-23
    3     5   2.31e-45
    3     6   0.00e+00
    3     7   0.00e+00
    3     8   0.00e+00
    4     3   2.45e-08
    4     4   0.00e+00
    4     5   1.58e-34
    4     6   7.94e-67
    4     7  7.53e-279
    4     8   0.00e+00
    4     9   0.00e+00
    4    10   0.00e+00
    5     3   8.07e-14
    5     4   0.00e+00
    5     5   6.56e-28
    5     6   5.52e-21
    5     7   2.78e-42
    5     8   0.00e+00
    5     9   0.00e+00
    5    10   0.00e+00
    5    12   0.00e+00
    5    14   0.00e+00
    6     3   5.22e-14
    6     4   2.18e-21
    6     5   6.63e-11
    6     6   3.67e-06
    6     7   5.42e-10
    6     8   4.92e-23
    6     9   2.73e-45
    6    10   0.00e+00
    6    11   0.00e+00
    6    12   0.00e+00
    6    13   0.00e+00
    6    14   0.00e+00
    6    16   0.00e+00
    7     4   0.00e+00
    7     5   3.01e-13
    7     6   1.28e-05
    7     7   1.12e-07
    7     8   2.28e-10
    7     9   1.94e-31
    7    10   0.00e+00
    7    11   0.00e+00
    7    12   0.00e+00
    7    13   0.00e+00
    7    14   0.00e+00
    7    15   0.00e+00
    7    16   0.00e+00
    8     5   1.76e-14
    8     6   2.84e-04
    8     7   8.61e-03
    8     8   1.13e-06
    8     9   4.74e-09
    8    10   1.80e-15
    8    11   1.59e-35
    8    12   0.00e+00
    8    13   0.00e+00
    8    14   0.00e+00
    8    15   0.00e+00
    8    16   0.00e+00
    8    17   0.00e+00
    8    18   0.00e+00
    8    20   0.00e+00
    8    22   0.00e+00
    9     5   0.00e+00
    9     6   3.00e-36
    9     7   8.11e-20
    9     8   3.46e-05
    9     9   5.12e-07
    9    10   9.41e-12
    9    11   2.10e-28
    9    12   1.92e-98
    9    13   0.00e+00
    9    14   0.00e+00
    9    15   0.00e+00
    9    16   0.00e+00
    9    17   0.00e+00
    9    18   0.00e+00
    9    19   0.00e+00
    9    20   0.00e+00
    9    21   0.00e+00
    9    22   0.00e+00
    9    28   0.00e+00
   10     6   4.57e-76
   10     7   8.88e-30
   10     8   5.07e-04
   10     9   1.09e-06
   10    10   2.17e-04
   10    11   3.47e-11
   10    12   5.21e-14
   10    13   7.39e-32
   10    14   6.20e-72
   10    15   0.00e+00
   10    16   0.00e+00
   10    17   0.00e+00
   10    18   0.00e+00
   10    19   0.00e+00
   10    20   0.00e+00
   10    21   0.00e+00
   10    22   0.00e+00
   10    23   0.00e+00
   10    24   0.00e+00
   10    25   0.00e+00
   10    26   0.00e+00
   10    27   0.00e+00
   10    28   0.00e+00
   10    29   0.00e+00
   10    30   0.00e+00
   10    31   0.00e+00
   11     7   0.00e+00
   11     8   1.35e-16
   11     9   1.19e-08
   11    10   2.09e-07
   11    11   1.17e-05
   11    12   1.56e-06
   11    13   3.27e-22
   11    14   6.14e-38
   11    15  6.60e-188
   11    16   0.00e+00
   11    17   0.00e+00
   11    18   0.00e+00
   11    19   0.00e+00
   11    20   0.00e+00
   11    21   0.00e+00
   11    22   0.00e+00
   11    23   0.00e+00
   11    24   0.00e+00
   11    25   0.00e+00
   11    26   0.00e+00
   11    27   0.00e+00
   11    28   0.00e+00
   11    29   0.00e+00
   11    30   0.00e+00
   11    31   0.00e+00
   11    32   0.00e+00
   11    33   0.00e+00
   12     7  8.90e-144
   12     8   1.55e-16
   12     9   7.24e-10
   12    10   3.51e-03
   12    11   2.70e-03
   12    12   1.08e-06
   12    13   2.01e-06
   12    14   1.85e-13
   12    15   7.65e-30
   12    16   3.90e-59
   12    17   0.00e+00
   12    18   0.00e+00
   12    19   0.00e+00
   12    20   0.00e+00
   12    21   0.00e+00
   12    22   0.00e+00
   12    23   0.00e+00
   12    24   0.00e+00
   12    25   0.00e+00
   12    26   0.00e+00
   12    27   0.00e+00
   12    28   0.00e+00
   12    29   0.00e+00
   12    30   0.00e+00
   12    31   0.00e+00
   12    32   0.00e+00
   12    33   0.00e+00
   12    34   0.00e+00
   12    35   0.00e+00
   13     8   2.13e-44
   13     9   2.34e-29
   13    10   1.25e-08
   13    11   1.81e-04
   13    12   2.91e-04
   13    13   5.80e-06
   13    14   2.01e-05
   13    15   6.66e-20
   13    16   4.61e-34
   13    17  6.54e-132
   13    18  3.06e-158
   13    19   0.00e+00
   13    20   0.00e+00
   13    21   0.00e+00
   13    22   0.00e+00
   13    23   0.00e+00
   13    24   0.00e+00
   13    25   0.00e+00
   13    26   0.00e+00
   13    27   0.00e+00
   13    28   0.00e+00
   13    29   0.00e+00
   13    30   0.00e+00
   13    31   0.00e+00
   13    32   0.00e+00
   13    33   0.00e+00
   13    34   0.00e+00
   13    35   0.00e+00
   13    36   0.00e+00
   13    37   0.00e+00
   13    38   0.00e+00
   14     8  3.31e-160
   14     9   5.03e-39
   14    10   2.18e-09
   14    11   8.01e-06
   14    12   7.95e-05
   14    13   2.85e-04
   14    14   7.32e-04
   14    15   3.06e-05
   14    16   7.07e-06
   14    17   2.37e-20
   14    18   9.81e-33
   14    19  2.91e-119
   14    20   0.00e+00
   14    21   0.00e+00
   14    22   0.00e+00
   14    23   0.00e+00
   14    24   0.00e+00
   14    25   0.00e+00
   14    26   0.00e+00
   14    27   0.00e+00
   14    28   0.00e+00
   14    29   0.00e+00
   14    30   0.00e+00
   14    31   0.00e+00
   14    32   0.00e+00
   14    33   0.00e+00
   14    34   0.00e+00
   14    35   0.00e+00
   14    36   0.00e+00
   14    37   0.00e+00
   14    38   0.00e+00
   14    39   0.00e+00
   14    40   0.00e+00
   15     8   0.00e+00
   15     9  7.30e-202
   15    10   1.18e-30
   15    11   2.37e-11
   15    12   2.65e-05
   15    13   3.07e-05
   15    14   1.06e-03
   15    15   1.31e-03
   15    16   5.54e-04
   15    17   4.59e-18
   15    18   1.76e-19
   15    19   1.38e-33
   15    20   5.99e-51
   15    21   0.00e+00
   15    22   0.00e+00
   15    23   0.00e+00
   15    24   0.00e+00
   15    25   0.00e+00
   15    26   0.00e+00
   15    27   0.00e+00
   15    28   0.00e+00
   15    29   0.00e+00
   15    30   0.00e+00
   15    31   0.00e+00
   15    32   0.00e+00
   15    33   0.00e+00
   15    34   0.00e+00
   15    35   0.00e+00
   15    36   0.00e+00
   15    37   0.00e+00
   15    38   0.00e+00
   15    39   0.00e+00
   15    40   0.00e+00
   15    41   0.00e+00
   15    42   0.00e+00
   16     8   0.00e+00
   16     9   0.00e+00
   16    10   1.03e-35
   16    11   1.28e-14
   16    12   6.92e-12
   16    13   1.53e-06
   16    14   3.51e-04
   16    15   1.92e-03
   16    16   2.15e-03
   16    17   1.80e-04
   16    18   9.62e-05
   16    19   1.36e-18
   16    20   4.53e-30
   16    21   2.14e-90
   16    22   2.21e-81
   16    23   0.00e+00
   16    24   0.00e+00
   16    25   0.00e+00
   16    26   0.00e+00
   16    27   0.00e+00
   16    28   0.00e+00
   16    29   0.00e+00
   16    30   0.00e+00
   16    31   0.00e+00
   16    32   0.00e+00
   16    33   0.00e+00
   16    34   0.00e+00
   16    35   0.00e+00
   16    36   0.00e+00
   16    37   0.00e+00
   16    38   0.00e+00
   16    39   0.00e+00
   16    40   0.00e+00
   16    41   0.00e+00
   16    42   0.00e+00
   16    43   0.00e+00
   16    44   0.00e+00
   17     8   0.00e+00
   17     9   0.00e+00
   17    10   0.00e+00
   17    11   4.29e-51
   17    12   1.46e-48
   17    13   6.40e-20
   17    14   7.61e-08
   17    15   1.30e-07
   17    16   1.62e-04
   17    17   9.18e-05
   17    18   2.08e-04
   17    19   1.16e-17
   17    20   6.66e-11
   17    21   7.54e-25
   17    22   3.34e-38
   17    23   0.00e+00
   17    24   0.00e+00
   17    25   0.00e+00
   17    26   0.00e+00
   17    27   0.00e+00
   17    28   0.00e+00
   17    29   0.00e+00
   17    30   0.00e+00
   17    31   0.00e+00
   17    32   0.00e+00
   17    33   0.00e+00
   17    34   0.00e+00
   17    35   0.00e+00
   17    36   0.00e+00
   17    37   0.00e+00
   17    38   0.00e+00
   17    39   0.00e+00
   17    40   0.00e+00
   17    41   0.00e+00
   17    42   0.00e+00
   17    43   0.00e+00
   18     9   0.00e+00
   18    10   0.00e+00
   18    11   0.00e+00
   18    12  9.12e-130
   18    13   3.26e-24
   18    14   1.67e-15
   18    15   3.30e-11
   18    16   2.22e-05
   18    17   1.07e-04
   18    18   5.14e-05
   18    19   1.55e-04
   18    20   1.49e-07
   18    21   3.10e-21
   18    22   1.28e-30
   18    23   1.45e-59
   18    24   0.00e+00
   18    25   0.00e+00
   18    26   0.00e+00
   18    27   0.00e+00
   18    28   0.00e+00
   18    29   0.00e+00
   18    30   0.00e+00
   18    31   0.00e+00
   18    32   0.00e+00
   18    33   0.00e+00
   18    34   0.00e+00
   18    35   0.00e+00
   18    36   0.00e+00
   18    37   0.00e+00
   18    38   0.00e+00
   18    39   0.00e+00
   18    40   0.00e+00
   18    41   0.00e+00
   18    42   0.00e+00
   19    10   0.00e+00
   19    11   0.00e+00
   19    12   0.00e+00
   19    13   3.17e-62
   19    14   1.00e-50
   19    15   4.50e-29
   19    16   4.12e-14
   19    17   2.27e-07
   19    18   4.59e-05
   19    19   3.47e-05
   19    20   7.12e-06
   19    21   7.96e-19
   19    22   1.27e-20
   19    23   2.38e-33
   19    24   5.35e-50
   19    25  6.46e-100
   19    26   0.00e+00
   19    27   0.00e+00
   19    28   0.00e+00
   19    29   0.00e+00
   19    30   0.00e+00
   19    31   0.00e+00
   19    32   0.00e+00
   19    33   0.00e+00
   19    34   0.00e+00
   19    35   0.00e+00
   19    36   0.00e+00
   19    37   0.00e+00
   19    38   0.00e+00
   19    39   0.00e+00
   19    40   0.00e+00
   19    41   0.00e+00
   20    10   0.00e+00
   20    11   0.00e+00
   20    12   0.00e+00
   20    13   0.00e+00
   20    14  6.97e-123
   20    15   1.01e-42
   20    16   1.60e-18
   20    17   6.02e-12
   20    18   2.01e-07
   20    19   6.64e-07
   20    20   1.58e-06
   20    21   1.35e-08
   20    22   4.10e-09
   20    23   5.41e-13
   20    24   7.22e-18
   20    25   5.38e-31
   20    26   0.00e+00
   20    27   0.00e+00
   20    28   0.00e+00
   20    29   0.00e+00
   20    30   0.00e+00
   20    31   0.00e+00
   20    32   0.00e+00
   20    33   0.00e+00
   20    34   0.00e+00
   20    35   0.00e+00
   20    36   0.00e+00
   20    37   0.00e+00
   20    38   0.00e+00
   20    39   0.00e+00
   20    40   0.00e+00
   21    11   0.00e+00
   21    12   0.00e+00
   21    13   0.00e+00
   21    14   0.00e+00
   21    15  7.90e-107
   21    16   2.26e-58
   21    17   9.20e-35
   21    18   1.18e-24
   21    19   7.85e-12
   21    20   5.06e-11
   21    21   6.47e-11
   21    22   2.36e-09
   21    23   3.78e-14
   21    24   1.41e-15
   21    25   7.22e-28
   21    26   2.23e-38
   21    27   0.00e+00
   21    28   0.00e+00
   21    29   0.00e+00
   21    30   0.00e+00
   21    31   0.00e+00
   21    32   0.00e+00
   21    33   0.00e+00
   21    34   0.00e+00
   21    35   0.00e+00
   21    36   0.00e+00
   21    37   0.00e+00
   21    38   0.00e+00
   21    39   0.00e+00
   22    12   0.00e+00
   22    13   0.00e+00
   22    14   0.00e+00
   22    15   0.00e+00
   22    16   0.00e+00
   22    17   7.98e-88
   22    18   3.47e-30
   22    19   1.30e-16
   22    20   1.32e-14
   22    21   1.28e-12
   22    22   2.50e-10
   22    23   5.75e-12
   22    24   9.32e-14
   22    25   6.41e-18
   22    26   4.22e-26
   22    27   2.70e-30
   22    28   0.00e+00
   22    29   0.00e+00
   22    30   0.00e+00
   22    31   0.00e+00
   22    32   0.00e+00
   22    33   0.00e+00
   22    34   0.00e+00
   22    35   0.00e+00
   22    36   0.00e+00
   22    37   0.00e+00
   22    38   0.00e+00
   23    13   0.00e+00
   23    14   0.00e+00
   23    15   0.00e+00
   23    16   0.00e+00
   23    17   0.00e+00
   23    18   2.49e-74
   23    19   2.02e-28
   23    20   1.53e-22
   23    21   4.11e-17
   23    22   1.02e-13
   23    23   9.04e-16
   23    24   4.28e-15
   23    25   2.38e-20
   23    26   5.16e-23
   23    27   3.48e-35
   23    28   0.00e+00
   23    29   0.00e+00
   23    30   0.00e+00
   23    31   0.00e+00
   23    32   0.00e+00
   23    33   0.00e+00
   23    34   0.00e+00
   23    35   0.00e+00
   23    36   0.00e+00
   23    37   0.00e+00
   24    14   0.00e+00
   24    15   0.00e+00
   24    16   0.00e+00
   24    17   0.00e+00
   24    18   0.00e+00
   24    19   2.14e-46
   24    20   4.66e-28
   24    21   3.44e-22
   24    22   6.71e-19
   24    23   8.71e-18
   24    24   3.17e-17
   24    25   4.82e-20
   24    26   5.55e-23
   24    27   3.16e-35
   24    28   7.83e-47
   24    29   0.00e+00
   24    30   0.00e+00
   24    31   0.00e+00
   24    32   0.00e+00
   24    33   0.00e+00
   24    34   0.00e+00
   24    35   0.00e+00
   24    36   0.00e+00
   25    15   0.00e+00
   25    16   0.00e+00
   25    17   0.00e+00
   25    18   0.00e+00
   25    19   0.00e+00
   25    20   2.59e-62
   25    21   1.24e-29
   25    22   3.51e-28
   25    23   2.15e-23
   25    24   2.84e-22
   25    25   2.04e-25
   25    26   6.53e-26
   25    27   6.20e-44
   25    28   4.49e-47
   25    29   0.00e+00
   25    30   0.00e+00
   25    31   0.00e+00
   25    32   0.00e+00
   25    33   0.00e+00
   25    34   0.00e+00
   25    35   0.00e+00
   26    16   0.00e+00
   26    17   0.00e+00
   26    18   0.00e+00
   26    19  5.49e-112
   26    20  6.83e-180
   26    21   8.73e-46
   26    22   1.09e-39
   26    23   6.88e-30
   26    24   2.62e-28
   26    25   9.63e-27
   26    26   1.47e-41
   26    27   8.93e-44
   26    28   9.03e-47
   26    29   0.00e+00
   26    30   0.00e+00
   26    31   0.00e+00
   26    32   0.00e+00
   26    33   0.00e+00
   26    34   0.00e+00
   27    17   0.00e+00
   27    18   0.00e+00
   27    19   0.00e+00
   27    20   0.00e+00
   27    21   0.00e+00
   27    22   0.00e+00
   27    23   7.06e-42
   27    24   3.19e-29
   27    25   7.74e-46
   27    26   5.25e-48
   27    27   2.51e-51
   27    28   0.00e+00
   27    29   0.00e+00
   27    30   0.00e+00
   27    31   0.00e+00
   27    32   0.00e+00
   27    33   0.00e+00
   28    18   0.00e+00
   28    19   0.00e+00
   28    20   0.00e+00
   28    21   0.00e+00
   28    22   0.00e+00
   28    23   0.00e+00
   28    24   0.00e+00
   28    25   0.00e+00
   28    26   0.00e+00
   28    27   0.00e+00
   28    28   0.00e+00
   28    29   0.00e+00
   28    30   0.00e+00
   28    31   0.00e+00
   28    32   0.00e+00
   29    19   0.00e+00
   29    20   0.00e+00
   29    21   0.00e+00
   29    22   0.00e+00
   29    23   0.00e+00
   29    24   0.00e+00
   29    25   0.00e+00
   29    26   0.00e+00
   29    27   0.00e+00
   29    28   0.00e+00
   29    29   0.00e+00
   29    30   0.00e+00
   29    31   0.00e+00
   30    21   0.00e+00
   30    22   0.00e+00
   30    23   0.00e+00
   30    24   0.00e+00
   30    25   0.00e+00
   30    26   0.00e+00
   30    27   0.00e+00
   30    28   0.00e+00
   30    29   0.00e+00
   30    30   0.00e+00
   31    22   0.00e+00
   31    23   0.00e+00
   31    24   0.00e+00
   31    25   0.00e+00
   31    26   0.00e+00
   31    27   0.00e+00
   31    28   0.00e+00
   31    29   0.00e+00
   32    23   0.00e+00
   32    24   0.00e+00
   32    25   0.00e+00
   32    26   0.00e+00
   32    27   0.00e+00
   32    28   0.00e+00
   33    24   0.00e+00
   33    25   0.00e+00
   33    26   0.00e+00
   33    27   0.00e+00
   34    25   0.00e+00
   34    26   0.00e+00
    0     1   2.30e-22
    1     0   2.28e-01
    2     2   4.32e-02
