    1     1   3.82e-19
    1     2   7.26e-30
    2     1   4.25e-15
    2     4   0.00e+00
    2     5   0.00e+00
    2     6   0.00e+00
    2     7   0.00e+00
    2     8   0.00e+00
    3     3   4.30e-28
    3     4   4.24e-18
    3     5   4.83e-49
    3     6   0.00e+00
    3     7   0.00e+00
    3     8   0.00e+00
    4     3   2.42e-08
    4     4   0.00e+00
    4     5   5.10e-72
    4     6  2.03e-191
    4     7  8.96e-281
    4     8   0.00e+00
    4     9   0.00e+00
    4    10   0.00e+00
    5     3   7.10e-13
    5     4   0.00e+00
    5     5   5.69e-24
    5     6   7.35e-15
    5     7   3.31e-88
    5     8   0.00e+00
    5     9   0.00e+00
    5    10   0.00e+00
    5    12   0.00e+00
    5    14   0.00e+00
    6     3   4.25e-19
    6     4   3.31e-22
    6     5   4.30e-11
    6     6   1.28e-03
    6     7   1.04e-05
    6     8   2.68e-19
    6     9   9.20e-44
    6    10   0.00e+00
    6    11   0.00e+00
    6    12   0.00e+00
    6    13   0.00e+00
    6    14   0.00e+00
    6    16   0.00e+00
    7     4   0.00e+00
    7     5   2.86e-20
    7     6   2.19e-04
    7     7   1.58e-04
    7     8   6.94e-04
    7     9   6.12e-27
    7    10   0.00e+00
    7    11   0.00e+00
    7    12   0.00e+00
    7    13   0.00e+00
    7    14   0.00e+00
    7    15   0.00e+00
    7    16   0.00e+00
    8     5   9.57e-29
    8     6   2.76e-04
    8     7   6.78e-03
    8     8   1.85e-06
    8     9   1.04e-05
    8    10   6.91e-09
    8    11   2.69e-30
    8    12  9.68e-140
    8    13   0.00e+00
    8    14   0.00e+00
    8    15   0.00e+00
    8    16   0.00e+00
    8    17   0.00e+00
    8    18   0.00e+00
    8    20   0.00e+00
    8    22   0.00e+00
    9     5   0.00e+00
    9     6   3.23e-53
    9     7   3.91e-47
    9     8   1.95e-05
    9     9   3.74e-06
    9    10   5.67e-07
    9    11   1.85e-23
    9    12   3.40e-40
    9    13   0.00e+00
    9    14   0.00e+00
    9    15   0.00e+00
    9    16   0.00e+00
    9    17   0.00e+00
    9    18   0.00e+00
    9    19   0.00e+00
    9    20   0.00e+00
    9    21   0.00e+00
    9    22   0.00e+00
    9    28   0.00e+00
   10     6   0.00e+00
   10     7  3.02e-124
   10     8   5.54e-13
   10     9   1.64e-07
   10    10   1.20e-03
   10    11   2.70e-07
   10    12   2.20e-10
   10    13   1.12e-27
   10    14   1.23e-81
   10    15   0.00e+00
   10    16   0.00e+00
   10    17   0.00e+00
   10    18   0.00e+00
   10    19   0.00e+00
   10    20   0.00e+00
   10    21   0.00e+00
   10    22   0.00e+00
   10    23   0.00e+00
   10    24   0.00e+00
   10    25   0.00e+00
   10    26   0.00e+00
   10    27   0.00e+00
   10    28   0.00e+00
   10    29   0.00e+00
   10    30   0.00e+00
   10    31   0.00e+00
   11     7   0.00e+00
   11     8   1.42e-42
   11     9   8.84e-20
   11    10   1.24e-07
   11    11   6.52e-04
   11    12   3.45e-03
   11    13   1.02e-17
   11    14   5.43e-32
   11    15  9.20e-227
   11    16   0.00e+00
   11    17   0.00e+00
   11    18   0.00e+00
   11    19   0.00e+00
   11    20   0.00e+00
   11    21   0.00e+00
   11    22   0.00e+00
   11    23   0.00e+00
   11    24   0.00e+00
   11    25   0.00e+00
   11    26   0.00e+00
   11    27   0.00e+00
   11    28   0.00e+00
   11    29   0.00e+00
   11    30   0.00e+00
   11    31   0.00e+00
   11    32   0.00e+00
   11    33   0.00e+00
   12     7   0.00e+00
   12     8   1.43e-81
   12     9   1.69e-28
   12    10   3.63e-07
   12    11   2.60e-04
   12    12   5.09e-05
   12    13   1.00e-03
   12    14   1.78e-11
   12    15   1.70e-26
   12    16   2.17e-61
   12    17   0.00e+00
   12    18   0.00e+00
   12    19   0.00e+00
   12    20   0.00e+00
   12    21   0.00e+00
   12    22   0.00e+00
   12    23   0.00e+00
   12    24   0.00e+00
   12    25   0.00e+00
   12    26   0.00e+00
   12    27   0.00e+00
   12    28   0.00e+00
   12    29   0.00e+00
   12    30   0.00e+00
   12    31   0.00e+00
   12    32   0.00e+00
   12    33   0.00e+00
   12    34   0.00e+00
   12    35   0.00e+00
   13     8   0.00e+00
   13     9   9.08e-96
   13    10   2.71e-22
   13    11   8.82e-12
   13    12   1.21e-05
   13    13   1.01e-04
   13    14   4.08e-04
   13    15   1.75e-17
   13    16   2.48e-30
   13    17  8.00e-140
   13    18  1.79e-183
   13    19   0.00e+00
   13    20   0.00e+00
   13    21   0.00e+00
   13    22   0.00e+00
   13    23   0.00e+00
   13    24   0.00e+00
   13    25   0.00e+00
   13    26   0.00e+00
   13    27   0.00e+00
   13    28   0.00e+00
   13    29   0.00e+00
   13    30   0.00e+00
   13    31   0.00e+00
   13    32   0.00e+00
   13    33   0.00e+00
   13    34   0.00e+00
   13    35   0.00e+00
   13    36   0.00e+00
   13    37   0.00e+00
   13    38   0.00e+00
   14     8   0.00e+00
   14     9  1.00e-184
   14    10   7.00e-31
   14    11   1.30e-25
   14    12   1.92e-11
   14    13   1.31e-07
   14    14   9.31e-04
   14    15   7.17e-04
   14    16   4.33e-04
   14    17   4.66e-18
   14    18   3.95e-30
   14    19  8.85e-123
   14    20   0.00e+00
   14    21   0.00e+00
   14    22   0.00e+00
   14    23   0.00e+00
   14    24   0.00e+00
   14    25   0.00e+00
   14    26   0.00e+00
   14    27   0.00e+00
   14    28   0.00e+00
   14    29   0.00e+00
   14    30   0.00e+00
   14    31   0.00e+00
   14    32   0.00e+00
   14    33   0.00e+00
   14    34   0.00e+00
   14    35   0.00e+00
   14    36   0.00e+00
   14    37   0.00e+00
   14    38   0.00e+00
   14    39   0.00e+00
   14    40   0.00e+00
   15     8   0.00e+00
   15     9   0.00e+00
   15    10  6.98e-110
   15    11   2.56e-37
   15    12   1.59e-25
   15    13   1.05e-18
   15    14   2.06e-07
   15    15   1.58e-03
   15    16   2.12e-03
   15    17   1.26e-16
   15    18   2.21e-18
   15    19   1.52e-32
   15    20   2.52e-49
   15    21   0.00e+00
   15    22   0.00e+00
   15    23   0.00e+00
   15    24   0.00e+00
   15    25   0.00e+00
   15    26   0.00e+00
   15    27   0.00e+00
   15    28   0.00e+00
   15    29   0.00e+00
   15    30   0.00e+00
   15    31   0.00e+00
   15    32   0.00e+00
   15    33   0.00e+00
   15    34   0.00e+00
   15    35   0.00e+00
   15    36   0.00e+00
   15    37   0.00e+00
   15    38   0.00e+00
   15    39   0.00e+00
   15    40   0.00e+00
   15    41   0.00e+00
   15    42   0.00e+00
   16     8   0.00e+00
   16     9   0.00e+00
   16    10   0.00e+00
   16    11  1.32e-104
   16    12   3.04e-43
   16    13   1.37e-30
   16    14   1.53e-16
   16    15   2.37e-09
   16    16   2.56e-03
   16    17   3.33e-04
   16    18   2.04e-04
   16    19   1.37e-17
   16    20   4.39e-28
   16    21   1.57e-90
   16    22   1.86e-81
   16    23   0.00e+00
   16    24   0.00e+00
   16    25   0.00e+00
   16    26   0.00e+00
   16    27   0.00e+00
   16    28   0.00e+00
   16    29   0.00e+00
   16    30   0.00e+00
   16    31   0.00e+00
   16    32   0.00e+00
   16    33   0.00e+00
   16    34   0.00e+00
   16    35   0.00e+00
   16    36   0.00e+00
   16    37   0.00e+00
   16    38   0.00e+00
   16    39   0.00e+00
   16    40   0.00e+00
   16    41   0.00e+00
   16    42   0.00e+00
   16    43   0.00e+00
   16    44   0.00e+00
   17     8   0.00e+00
   17     9   0.00e+00
   17    10   0.00e+00
   17    11   0.00e+00
   17    12   0.00e+00
   17    13   1.17e-76
   17    14   5.30e-36
   17    15   2.55e-23
   17    16   1.37e-10
   17    17   3.89e-14
   17    18   3.21e-04
   17    19   1.69e-16
   17    20   2.59e-09
   17    21   3.50e-23
   17    22   9.46e-36
   17    23   0.00e+00
   17    24   0.00e+00
   17    25   0.00e+00
   17    26   0.00e+00
   17    27   0.00e+00
   17    28   0.00e+00
   17    29   0.00e+00
   17    30   0.00e+00
   17    31   0.00e+00
   17    32   0.00e+00
   17    33   0.00e+00
   17    34   0.00e+00
   17    35   0.00e+00
   17    36   0.00e+00
   17    37   0.00e+00
   17    38   0.00e+00
   17    39   0.00e+00
   17    40   0.00e+00
   17    41   0.00e+00
   17    42   0.00e+00
   17    43   0.00e+00
   18     9   0.00e+00
   18    10   0.00e+00
   18    11   0.00e+00
   18    12   0.00e+00
   18    13  2.27e-181
   18    14   1.81e-74
   18    15   7.56e-40
   18    16   5.31e-22
   18    17   4.01e-13
   18    18   5.33e-05
   18    19   2.11e-04
   18    20   2.92e-06
   18    21   7.65e-20
   18    22   1.45e-29
   18    23   1.42e-59
   18    24   0.00e+00
   18    25   0.00e+00
   18    26   0.00e+00
   18    27   0.00e+00
   18    28   0.00e+00
   18    29   0.00e+00
   18    30   0.00e+00
   18    31   0.00e+00
   18    32   0.00e+00
   18    33   0.00e+00
   18    34   0.00e+00
   18    35   0.00e+00
   18    36   0.00e+00
   18    37   0.00e+00
   18    38   0.00e+00
   18    39   0.00e+00
   18    40   0.00e+00
   18    41   0.00e+00
   18    42   0.00e+00
   19    10   0.00e+00
   19    11   0.00e+00
   19    12   0.00e+00
   19    13   0.00e+00
   19    14   0.00e+00
   19    15  1.83e-131
   19    16   3.15e-43
   19    17   1.28e-27
   19    18   1.11e-16
   19    19   3.34e-05
   19    20   7.90e-06
   19    21   5.94e-18
   19    22   1.72e-19
   19    23   4.22e-32
   19    24   5.33e-50
   19    25  6.27e-100
   19    26   0.00e+00
   19    27   0.00e+00
   19    28   0.00e+00
   19    29   0.00e+00
   19    30   0.00e+00
   19    31   0.00e+00
   19    32   0.00e+00
   19    33   0.00e+00
   19    34   0.00e+00
   19    35   0.00e+00
   19    36   0.00e+00
   19    37   0.00e+00
   19    38   0.00e+00
   19    39   0.00e+00
   19    40   0.00e+00
   19    41   0.00e+00
   20    10   0.00e+00
   20    11   0.00e+00
   20    12   0.00e+00
   20    13   0.00e+00
   20    14   0.00e+00
   20    15  4.34e-228
   20    16   1.03e-86
   20    17   4.82e-47
   20    18   2.53e-31
   20    19   1.29e-19
   20    20   1.60e-06
   20    21   1.35e-08
   20    22   4.17e-09
   20    23   6.71e-12
   20    24   1.06e-16
   20    25   8.20e-30
   20    26   0.00e+00
   20    27   0.00e+00
   20    28   0.00e+00
   20    29   0.00e+00
   20    30   0.00e+00
   20    31   0.00e+00
   20    32   0.00e+00
   20    33   0.00e+00
   20    34   0.00e+00
   20    35   0.00e+00
   20    36   0.00e+00
   20    37   0.00e+00
   20    38   0.00e+00
   20    39   0.00e+00
   20    40   0.00e+00
   21    11   0.00e+00
   21    12   0.00e+00
   21    13   0.00e+00
   21    14   0.00e+00
   21    15   0.00e+00
   21    16   0.00e+00
   21    17   0.00e+00
   21    18   4.83e-91
   21    19   1.02e-37
   21    20   4.74e-29
   21    21   8.15e-24
   21    22   2.36e-09
   21    23   3.85e-14
   21    24   2.08e-14
   21    25   1.24e-26
   21    26   8.80e-38
   21    27  2.71e-118
   21    28   0.00e+00
   21    29   0.00e+00
   21    30   0.00e+00
   21    31   0.00e+00
   21    32   0.00e+00
   21    33   0.00e+00
   21    34   0.00e+00
   21    35   0.00e+00
   21    36   0.00e+00
   21    37   0.00e+00
   21    38   0.00e+00
   21    39   0.00e+00
   22    12   0.00e+00
   22    13   0.00e+00
   22    14   0.00e+00
   22    15   0.00e+00
   22    16   0.00e+00
   22    17   0.00e+00
   22    18  1.19e-158
   22    19   9.49e-87
   22    20   3.95e-53
   22    21   6.91e-39
   22    22   2.50e-10
   22    23   5.89e-12
   22    24   9.47e-14
   22    25   8.58e-17
   22    26   8.90e-25
   22    27   5.18e-28
   22    28   0.00e+00
   22    29   0.00e+00
   22    30   0.00e+00
   22    31   0.00e+00
   22    32   0.00e+00
   22    33   0.00e+00
   22    34   0.00e+00
   22    35   0.00e+00
   22    36   0.00e+00
   22    37   0.00e+00
   22    38   0.00e+00
   23    13   0.00e+00
   23    14   0.00e+00
   23    15   0.00e+00
   23    16   0.00e+00
   23    17   0.00e+00
   23    18   0.00e+00
   23    19   0.00e+00
   23    20   0.00e+00
   23    21   1.64e-75
   23    22   5.68e-27
   23    23   1.34e-29
   23    24   4.22e-15
   23    25   3.95e-20
   23    26   7.47e-22
   23    27   6.38e-34
   23    28   6.35e-69
   23    29   0.00e+00
   23    30   0.00e+00
   23    31   0.00e+00
   23    32   0.00e+00
   23    33   0.00e+00
   23    34   0.00e+00
   23    35   0.00e+00
   23    36   0.00e+00
   23    37   0.00e+00
   24    14   0.00e+00
   24    15   0.00e+00
   24    16   0.00e+00
   24    17   0.00e+00
   24    18   0.00e+00
   24    19  5.48e-141
   24    20   0.00e+00
   24    21  3.05e-122
   24    22   0.00e+00
   24    23   1.59e-44
   24    24   3.19e-17
   24    25   4.80e-20
   24    26   5.59e-23
   24    27   2.05e-34
   24    28   7.83e-47
   24    29   0.00e+00
   24    30   0.00e+00
   24    31   0.00e+00
   24    32   0.00e+00
   24    33   0.00e+00
   24    34   0.00e+00
   24    35   0.00e+00
   24    36   0.00e+00
   25    15   0.00e+00
   25    16   0.00e+00
   25    17   0.00e+00
   25    18   0.00e+00
   25    19   0.00e+00
   25    20   0.00e+00
   25    21   0.00e+00
   25    22   0.00e+00
   25    23   3.83e-82
   25    24   9.04e-37
   25    25   4.23e-40
   25    26   6.57e-26
   25    27   6.20e-44
   25    28   4.49e-47
   25    29   0.00e+00
   25    30   0.00e+00
   25    31   0.00e+00
   25    32   0.00e+00
   25    33   0.00e+00
   25    34   0.00e+00
   25    35   0.00e+00
   26    16   0.00e+00
   26    17   0.00e+00
   26    18   0.00e+00
   26    19   0.00e+00
   26    20   0.00e+00
   26    21   0.00e+00
   26    22   0.00e+00
   26    23  1.62e-118
   26    24   0.00e+00
   26    25   9.63e-27
   26    26   1.47e-41
   26    27   8.93e-44
   26    28   9.03e-47
   26    29   0.00e+00
   26    30   0.00e+00
   26    31   0.00e+00
   26    32   0.00e+00
   26    33   0.00e+00
   26    34   0.00e+00
   27    17   0.00e+00
   27    18   0.00e+00
   27    19   0.00e+00
   27    20   0.00e+00
   27    21   0.00e+00
   27    22   0.00e+00
   27    23   0.00e+00
   27    24   0.00e+00
   27    25   0.00e+00
   27    26   0.00e+00
   27    27   0.00e+00
   27    28   0.00e+00
   27    29   0.00e+00
   27    30   0.00e+00
   27    31   0.00e+00
   27    32   0.00e+00
   27    33   0.00e+00
   28    18   0.00e+00
   28    19   0.00e+00
   28    20   0.00e+00
   28    21   0.00e+00
   28    22   0.00e+00
   28    23   0.00e+00
   28    24   0.00e+00
   28    25   0.00e+00
   28    26   0.00e+00
   28    27   0.00e+00
   28    28   0.00e+00
   28    29   0.00e+00
   28    30   0.00e+00
   28    31   0.00e+00
   28    32   0.00e+00
   29    19   0.00e+00
   29    20   0.00e+00
   29    21   0.00e+00
   29    22   0.00e+00
   29    23   0.00e+00
   29    24   0.00e+00
   29    25   0.00e+00
   29    26   0.00e+00
   29    27   0.00e+00
   29    28   0.00e+00
   29    29   0.00e+00
   29    30   0.00e+00
   29    31   0.00e+00
   30    21   0.00e+00
   30    22   0.00e+00
   30    23   0.00e+00
   30    24   0.00e+00
   30    25   0.00e+00
   30    26   0.00e+00
   30    27   0.00e+00
   30    28   0.00e+00
   30    29   0.00e+00
   30    30   0.00e+00
   31    22   0.00e+00
   31    23   0.00e+00
   31    24   0.00e+00
   31    25   0.00e+00
   31    26   0.00e+00
   31    27   0.00e+00
   31    28   0.00e+00
   31    29   0.00e+00
   32    23   0.00e+00
   32    24   0.00e+00
   32    25   0.00e+00
   32    26   0.00e+00
   32    27   0.00e+00
   32    28   0.00e+00
   33    24   0.00e+00
   33    25   0.00e+00
   33    26   0.00e+00
   33    27   0.00e+00
   34    25   0.00e+00
   34    26   0.00e+00
    0     1   6.52e-29
    1     0   2.18e-01
    2     2   4.65e-02
