    1     1   3.64e-19
    1     2   4.84e-26
    2     1   5.08e-09
    2     4   1.49e-68
    2     5   0.00e+00
    2     6   0.00e+00
    2     7   0.00e+00
    2     8   0.00e+00
    3     3   1.60e-28
    3     4   5.06e-24
    3     5   4.70e-48
    3     6   0.00e+00
    3     7   0.00e+00
    3     8   0.00e+00
    4     3   9.69e-08
    4     4   0.00e+00
    4     5   2.42e-35
    4     6   6.08e-71
    4     7   0.00e+00
    4     8   0.00e+00
    4     9   0.00e+00
    4    10   0.00e+00
    5     3   3.11e-11
    5     4   0.00e+00
    5     5   5.99e-29
    5     6   3.75e-23
    5     7   1.27e-46
    5     8   0.00e+00
    5     9   0.00e+00
    5    10   0.00e+00
    5    12   0.00e+00
    5    14   0.00e+00
    6     3   2.18e-09
    6     4   5.26e-26
    6     5   2.07e-11
    6     6   3.74e-09
    6     7   1.69e-14
    6     8   2.43e-25
    6     9   9.18e-50
    6    10   0.00e+00
    6    11   0.00e+00
    6    12   0.00e+00
    6    13   0.00e+00
    6    14   0.00e+00
    6    16   0.00e+00
    7     4   0.00e+00
    7     5   5.84e-13
    7     6   1.54e-08
    7     7   6.64e-08
    7     8   2.15e-13
    7     9   1.22e-36
    7    10   0.00e+00
    7    11   0.00e+00
    7    12   0.00e+00
    7    13   0.00e+00
    7    14   0.00e+00
    7    15   0.00e+00
    7    16   0.00e+00
    8     5   1.32e-12
    8     6   5.66e-05
    8     7   3.03e-04
    8     8   2.46e-03
    8     9   2.21e-08
    8    10   6.49e-19
    8    11   4.02e-41
    8    12   0.00e+00
    8    13   0.00e+00
    8    14   0.00e+00
    8    15   0.00e+00
    8    16   0.00e+00
    8    17   0.00e+00
    8    18   0.00e+00
    8    20   0.00e+00
    8    22   0.00e+00
    9     5   0.00e+00
    9     6   1.18e-36
    9     7   5.47e-20
    9     8   6.33e-03
    9     9   9.09e-09
    9    10   1.84e-15
    9    11   3.20e-34
    9    12  1.03e-118
    9    13   0.00e+00
    9    14   0.00e+00
    9    15   0.00e+00
    9    16   0.00e+00
    9    17   0.00e+00
    9    18   0.00e+00
    9    19   0.00e+00
    9    20   0.00e+00
    9    21   0.00e+00
    9    22   0.00e+00
    9    28   0.00e+00
   10     6  1.47e-120
   10     7   1.65e-28
   10     8   3.04e-04
   10     9   6.93e-09
   10    10   1.13e-02
   10    11   3.99e-11
   10    12   7.80e-08
   10    13   8.74e-28
   10    14   0.00e+00
   10    15   0.00e+00
   10    16   0.00e+00
   10    17   0.00e+00
   10    18   0.00e+00
   10    19   0.00e+00
   10    20   0.00e+00
   10    21   0.00e+00
   10    22   0.00e+00
   10    23   0.00e+00
   10    24   0.00e+00
   10    25   0.00e+00
   10    26   0.00e+00
   10    27   0.00e+00
   10    28   0.00e+00
   10    29   0.00e+00
   10    30   0.00e+00
   10    31   0.00e+00
   11     7   0.00e+00
   11     8   2.46e-15
   11     9   6.04e-11
   11    10   9.30e-06
   11    11   8.94e-08
   11    12   1.13e-09
   11    13   2.03e-27
   11    14   4.76e-72
   11    15   0.00e+00
   11    16   0.00e+00
   11    17   0.00e+00
   11    18   0.00e+00
   11    19   0.00e+00
   11    20   0.00e+00
   11    21   0.00e+00
   11    22   0.00e+00
   11    23   0.00e+00
   11    24   0.00e+00
   11    25   0.00e+00
   11    26   0.00e+00
   11    27   0.00e+00
   11    28   0.00e+00
   11    29   0.00e+00
   11    30   0.00e+00
   11    31   0.00e+00
   11    32   0.00e+00
   11    33   0.00e+00
   12     7   0.00e+00
   12     8   3.09e-14
   12     9   3.78e-11
   12    10   1.07e-03
   12    11   3.69e-05
   12    12   8.76e-10
   12    13   2.05e-07
   12    14   3.17e-16
   12    15   1.23e-34
   12    16   2.64e-65
   12    17   0.00e+00
   12    18   0.00e+00
   12    19   0.00e+00
   12    20   0.00e+00
   12    21   0.00e+00
   12    22   0.00e+00
   12    23   0.00e+00
   12    24   0.00e+00
   12    25   0.00e+00
   12    26   0.00e+00
   12    27   0.00e+00
   12    28   0.00e+00
   12    29   0.00e+00
   12    30   0.00e+00
   12    31   0.00e+00
   12    32   0.00e+00
   12    33   0.00e+00
   12    34   0.00e+00
   12    35   0.00e+00
   13     8   1.40e-41
   13     9   6.89e-31
   13    10   7.93e-09
   13    11   7.61e-07
   13    12   8.67e-04
   13    13   5.44e-07
   13    14   3.27e-06
   13    15   1.25e-22
   13    16   1.26e-38
   13    17  7.31e-147
   13    18  9.61e-174
   13    19   0.00e+00
   13    20   0.00e+00
   13    21   0.00e+00
   13    22   0.00e+00
   13    23   0.00e+00
   13    24   0.00e+00
   13    25   0.00e+00
   13    26   0.00e+00
   13    27   0.00e+00
   13    28   0.00e+00
   13    29   0.00e+00
   13    30   0.00e+00
   13    31   0.00e+00
   13    32   0.00e+00
   13    33   0.00e+00
   13    34   0.00e+00
   13    35   0.00e+00
   13    36   0.00e+00
   13    37   0.00e+00
   13    38   0.00e+00
   14     8   0.00e+00
   14     9   0.00e+00
   14    10   1.60e-08
   14    11   9.20e-08
   14    12   2.28e-04
   14    13   1.06e-03
   14    14   3.32e-04
   14    15   9.69e-08
   14    16   1.31e-07
   14    17   9.14e-24
   14    18   1.09e-39
   14    19  2.29e-137
   14    20   0.00e+00
   14    21   0.00e+00
   14    22   0.00e+00
   14    23   0.00e+00
   14    24   0.00e+00
   14    25   0.00e+00
   14    26   0.00e+00
   14    27   0.00e+00
   14    28   0.00e+00
   14    29   0.00e+00
   14    30   0.00e+00
   14    31   0.00e+00
   14    32   0.00e+00
   14    33   0.00e+00
   14    34   0.00e+00
   14    35   0.00e+00
   14    36   0.00e+00
   14    37   0.00e+00
   14    38   0.00e+00
   14    39   0.00e+00
   14    40   0.00e+00
   15     8   0.00e+00
   15     9   0.00e+00
   15    10   8.24e-29
   15    11   2.65e-11
   15    12   5.19e-04
   15    13   8.47e-04
   15    14   9.63e-05
   15    15   1.10e-06
   15    16   5.02e-08
   15    17   1.06e-23
   15    18   3.78e-25
   15    19   6.23e-41
   15    20   2.73e-52
   15    21   0.00e+00
   15    22   0.00e+00
   15    23   0.00e+00
   15    24   0.00e+00
   15    25   0.00e+00
   15    26   0.00e+00
   15    27   0.00e+00
   15    28   0.00e+00
   15    29   0.00e+00
   15    30   0.00e+00
   15    31   0.00e+00
   15    32   0.00e+00
   15    33   0.00e+00
   15    34   0.00e+00
   15    35   0.00e+00
   15    36   0.00e+00
   15    37   0.00e+00
   15    38   0.00e+00
   15    39   0.00e+00
   15    40   0.00e+00
   15    41   0.00e+00
   15    42   0.00e+00
   16     8   0.00e+00
   16     9   0.00e+00
   16    10   7.95e-32
   16    11   3.49e-13
   16    12   7.38e-10
   16    13   2.21e-04
   16    14   2.82e-06
   16    15   1.26e-07
   16    16   3.52e-06
   16    17   2.24e-08
   16    18   9.61e-08
   16    19   9.98e-24
   16    20   5.17e-37
   16    21  1.12e-104
   16    22   3.28e-87
   16    23   0.00e+00
   16    24   0.00e+00
   16    25   0.00e+00
   16    26   0.00e+00
   16    27   0.00e+00
   16    28   0.00e+00
   16    29   0.00e+00
   16    30   0.00e+00
   16    31   0.00e+00
   16    32   0.00e+00
   16    33   0.00e+00
   16    34   0.00e+00
   16    35   0.00e+00
   16    36   0.00e+00
   16    37   0.00e+00
   16    38   0.00e+00
   16    39   0.00e+00
   16    40   0.00e+00
   16    41   0.00e+00
   16    42   0.00e+00
   16    43   0.00e+00
   16    44   0.00e+00
   17     8   0.00e+00
   17     9   0.00e+00
   17    10   0.00e+00
   17    11   1.27e-49
   17    12   1.49e-46
   17    13   3.02e-16
   17    14   1.42e-09
   17    15   5.97e-12
   17    16   1.77e-08
   17    17   4.42e-09
   17    18   7.42e-08
   17    19   7.02e-23
   17    20   7.74e-09
   17    21   2.81e-24
   17    22   3.18e-39
   17    23   0.00e+00
   17    24   0.00e+00
   17    25   0.00e+00
   17    26   0.00e+00
   17    27   0.00e+00
   17    28   0.00e+00
   17    29   0.00e+00
   17    30   0.00e+00
   17    31   0.00e+00
   17    32   0.00e+00
   17    33   0.00e+00
   17    34   0.00e+00
   17    35   0.00e+00
   17    36   0.00e+00
   17    37   0.00e+00
   17    38   0.00e+00
   17    39   0.00e+00
   17    40   0.00e+00
   17    41   0.00e+00
   17    42   0.00e+00
   17    43   0.00e+00
   18     9   0.00e+00
   18    10   0.00e+00
   18    11   0.00e+00
   18    12   0.00e+00
   18    13   3.32e-19
   18    14   9.32e-17
   18    15   1.30e-15
   18    16   3.56e-10
   18    17   4.72e-10
   18    18   2.39e-07
   18    19   1.78e-08
   18    20   9.57e-08
   18    21   5.11e-23
   18    22   8.02e-38
   18    23   3.22e-63
   18    24   0.00e+00
   18    25   0.00e+00
   18    26   0.00e+00
   18    27   0.00e+00
   18    28   0.00e+00
   18    29   0.00e+00
   18    30   0.00e+00
   18    31   0.00e+00
   18    32   0.00e+00
   18    33   0.00e+00
   18    34   0.00e+00
   18    35   0.00e+00
   18    36   0.00e+00
   18    37   0.00e+00
   18    38   0.00e+00
   18    39   0.00e+00
   18    40   0.00e+00
   18    41   0.00e+00
   18    42   0.00e+00
   19    10   0.00e+00
   19    11   0.00e+00
   19    12   0.00e+00
   19    13   2.68e-57
   19    14   6.91e-52
   19    15   2.82e-32
   19    16   1.36e-18
   19    17   2.20e-12
   19    18   2.86e-07
   19    19   3.40e-10
   19    20   2.97e-08
   19    21   5.64e-23
   19    22   1.14e-27
   19    23   6.07e-46
   19    24   0.00e+00
   19    25   0.00e+00
   19    26   0.00e+00
   19    27   0.00e+00
   19    28   0.00e+00
   19    29   0.00e+00
   19    30   0.00e+00
   19    31   0.00e+00
   19    32   0.00e+00
   19    33   0.00e+00
   19    34   0.00e+00
   19    35   0.00e+00
   19    36   0.00e+00
   19    37   0.00e+00
   19    38   0.00e+00
   19    39   0.00e+00
   19    40   0.00e+00
   19    41   0.00e+00
   20    10   0.00e+00
   20    11   0.00e+00
   20    12   0.00e+00
   20    13   0.00e+00
   20    14   0.00e+00
   20    15   2.39e-46
   20    16   1.19e-22
   20    17   3.95e-17
   20    18   1.11e-09
   20    19   1.44e-12
   20    20   4.16e-07
   20    21   1.01e-13
   20    22   6.98e-18
   20    23   1.39e-26
   20    24   0.00e+00
   20    25   0.00e+00
   20    26   0.00e+00
   20    27   0.00e+00
   20    28   0.00e+00
   20    29   0.00e+00
   20    30   0.00e+00
   20    31   0.00e+00
   20    32   0.00e+00
   20    33   0.00e+00
   20    34   0.00e+00
   20    35   0.00e+00
   20    36   0.00e+00
   20    37   0.00e+00
   20    38   0.00e+00
   20    39   0.00e+00
   20    40   0.00e+00
   21    11   0.00e+00
   21    12   0.00e+00
   21    13   0.00e+00
   21    14   0.00e+00
   21    15   0.00e+00
   21    16   9.60e-63
   21    17   4.70e-39
   21    18   1.06e-25
   21    19   3.89e-17
   21    20   1.32e-12
   21    21   1.84e-16
   21    22   1.07e-20
   21    23   3.49e-35
   21    24   2.06e-67
   21    25   0.00e+00
   21    26   0.00e+00
   21    27   0.00e+00
   21    28   0.00e+00
   21    29   0.00e+00
   21    30   0.00e+00
   21    31   0.00e+00
   21    32   0.00e+00
   21    33   0.00e+00
   21    34   0.00e+00
   21    35   0.00e+00
   21    36   0.00e+00
   21    37   0.00e+00
   21    38   0.00e+00
   21    39   0.00e+00
   22    12   0.00e+00
   22    13   0.00e+00
   22    14   0.00e+00
   22    15   0.00e+00
   22    16   0.00e+00
   22    17   0.00e+00
   22    18   1.73e-51
   22    19   4.99e-21
   22    20   5.64e-16
   22    21   8.22e-20
   22    22   2.60e-24
   22    23   2.04e-38
   22    24   8.28e-43
   22    25   0.00e+00
   22    26   0.00e+00
   22    27   0.00e+00
   22    28   0.00e+00
   22    29   0.00e+00
   22    30   0.00e+00
   22    31   0.00e+00
   22    32   0.00e+00
   22    33   0.00e+00
   22    34   0.00e+00
   22    35   0.00e+00
   22    36   0.00e+00
   22    37   0.00e+00
   22    38   0.00e+00
   23    13   0.00e+00
   23    14   0.00e+00
   23    15   0.00e+00
   23    16   0.00e+00
   23    17   0.00e+00
   23    18   0.00e+00
   23    19   3.02e-31
   23    20   3.82e-22
   23    21   5.91e-24
   23    22   3.55e-28
   23    23   4.94e-46
   23    24   4.61e-48
   23    25   0.00e+00
   23    26   0.00e+00
   23    27   0.00e+00
   23    28   0.00e+00
   23    29   0.00e+00
   23    30   0.00e+00
   23    31   0.00e+00
   23    32   0.00e+00
   23    33   0.00e+00
   23    34   0.00e+00
   23    35   0.00e+00
   23    36   0.00e+00
   23    37   0.00e+00
   24    14   0.00e+00
   24    15   0.00e+00
   24    16   0.00e+00
   24    17   0.00e+00
   24    18   0.00e+00
   24    19   0.00e+00
   24    20   8.89e-27
   24    21   1.88e-28
   24    22   8.80e-47
   24    23   8.26e-50
   24    24   4.76e-52
   24    25   0.00e+00
   24    26   0.00e+00
   24    27   0.00e+00
   24    28   0.00e+00
   24    29   0.00e+00
   24    30   0.00e+00
   24    31   0.00e+00
   24    32   0.00e+00
   24    33   0.00e+00
   24    34   0.00e+00
   24    35   0.00e+00
   24    36   0.00e+00
   25    15   0.00e+00
   25    16   0.00e+00
   25    17   0.00e+00
   25    18   0.00e+00
   25    19   0.00e+00
   25    20   0.00e+00
   25    21   0.00e+00
   25    22   2.16e-53
   25    23   7.09e-57
   25    24   0.00e+00
   25    25   0.00e+00
   25    26   0.00e+00
   25    27   0.00e+00
   25    28   0.00e+00
   25    29   0.00e+00
   25    30   0.00e+00
   25    31   0.00e+00
   25    32   0.00e+00
   25    33   0.00e+00
   25    34   0.00e+00
   25    35   0.00e+00
   26    16   0.00e+00
   26    17   0.00e+00
   26    18   0.00e+00
   26    19   0.00e+00
   26    20   0.00e+00
   26    21   0.00e+00
   26    22   0.00e+00
   26    23   0.00e+00
   26    24   0.00e+00
   26    25   0.00e+00
   26    26   0.00e+00
   26    27   0.00e+00
   26    28   0.00e+00
   26    29   0.00e+00
   26    30   0.00e+00
   26    31   0.00e+00
   26    32   0.00e+00
   26    33   0.00e+00
   26    34   0.00e+00
   27    17   0.00e+00
   27    18   0.00e+00
   27    19   0.00e+00
   27    20   0.00e+00
   27    21   0.00e+00
   27    22   0.00e+00
   27    23   0.00e+00
   27    24   0.00e+00
   27    25   0.00e+00
   27    26   0.00e+00
   27    27   0.00e+00
   27    28   0.00e+00
   27    29   0.00e+00
   27    30   0.00e+00
   27    31   0.00e+00
   27    32   0.00e+00
   27    33   0.00e+00
   28    18   0.00e+00
   28    19   0.00e+00
   28    20   0.00e+00
   28    21   0.00e+00
   28    22   0.00e+00
   28    23   0.00e+00
   28    24   0.00e+00
   28    25   0.00e+00
   28    26   0.00e+00
   28    27   0.00e+00
   28    28   0.00e+00
   28    29   0.00e+00
   28    30   0.00e+00
   28    31   0.00e+00
   28    32   0.00e+00
   29    19   0.00e+00
   29    20   0.00e+00
   29    21   0.00e+00
   29    22   0.00e+00
   29    23   0.00e+00
   29    24   0.00e+00
   29    25   0.00e+00
   29    26   0.00e+00
   29    27   0.00e+00
   29    28   0.00e+00
   29    29   0.00e+00
   29    30   0.00e+00
   29    31   0.00e+00
   30    21   0.00e+00
   30    22   0.00e+00
   30    23   0.00e+00
   30    24   0.00e+00
   30    25   0.00e+00
   30    26   0.00e+00
   30    27   0.00e+00
   30    28   0.00e+00
   30    29   0.00e+00
   30    30   0.00e+00
   31    22   0.00e+00
   31    23   0.00e+00
   31    24   0.00e+00
   31    25   0.00e+00
   31    26   0.00e+00
   31    27   0.00e+00
   31    28   0.00e+00
   31    29   0.00e+00
   32    23   0.00e+00
   32    24   0.00e+00
   32    25   0.00e+00
   32    26   0.00e+00
   32    27   0.00e+00
   32    28   0.00e+00
   33    24   0.00e+00
   33    25   0.00e+00
   33    26   0.00e+00
   33    27   0.00e+00
   34    25   0.00e+00
   34    26   0.00e+00
    0     1   1.60e-24
    1     0   3.44e-01
    2     2   3.36e-02
