    1     1   7.61e-19
    1     2   1.85e-29
    2     1   3.49e-15
    2     4   1.21e-60
    2     5   0.00e+00
    2     6   0.00e+00
    2     7   0.00e+00
    2     8   0.00e+00
    3     3   6.78e-28
    3     4   1.09e-21
    3     5   1.61e-43
    3     6   0.00e+00
    3     7   0.00e+00
    3     8   0.00e+00
    4     3   2.45e-08
    4     4   0.00e+00
    4     5   2.87e-34
    4     6   2.64e-84
    4     7  8.32e-280
    4     8   0.00e+00
    4     9   0.00e+00
    4    10   0.00e+00
    5     3   3.59e-13
    5     4   0.00e+00
    5     5   2.85e-27
    5     6   1.20e-19
    5     7   1.07e-39
    5     8   0.00e+00
    5     9   0.00e+00
    5    10   0.00e+00
    5    12   0.00e+00
    5    14   0.00e+00
    6     3   6.98e-15
    6     4   1.62e-21
    6     5   4.47e-11
    6     6   1.30e-04
    6     7   1.91e-07
    6     8   7.84e-20
    6     9   8.52e-41
    6    10   0.00e+00
    6    11   0.00e+00
    6    12   0.00e+00
    6    13   0.00e+00
    6    14   0.00e+00
    6    16   0.00e+00
    7     4   0.00e+00
    7     5   3.73e-15
    7     6   1.38e-04
    7     7   9.56e-06
    7     8   2.84e-08
    7     9   4.43e-28
    7    10   0.00e+00
    7    11   0.00e+00
    7    12   0.00e+00
    7    13   0.00e+00
    7    14   0.00e+00
    7    15   0.00e+00
    7    16   0.00e+00
    8     5   3.81e-18
    8     6   4.11e-04
    8     7   8.71e-03
    8     8   1.30e-06
    8     9   2.18e-07
    8    10   3.12e-13
    8    11   6.62e-32
    8    12  8.30e-118
    8    13   0.00e+00
    8    14   0.00e+00
    8    15   0.00e+00
    8    16   0.00e+00
    8    17   0.00e+00
    8    18   0.00e+00
    8    20   0.00e+00
    8    22   0.00e+00
    9     5   0.00e+00
    9     6   3.09e-47
    9     7   4.48e-24
    9     8   3.14e-05
    9     9   3.50e-06
    9    10   3.06e-09
    9    11   2.86e-24
    9    12   1.56e-39
    9    13   0.00e+00
    9    14   0.00e+00
    9    15   0.00e+00
    9    16   0.00e+00
    9    17   0.00e+00
    9    18   0.00e+00
    9    19   0.00e+00
    9    20   0.00e+00
    9    21   0.00e+00
    9    22   0.00e+00
    9    28   0.00e+00
   10     6   4.57e-76
   10     7   4.20e-36
   10     8   1.82e-05
   10     9   9.65e-07
   10    10   9.66e-04
   10    11   5.55e-09
   10    12   4.94e-12
   10    13   2.84e-28
   10    14   2.42e-79
   10    15   0.00e+00
   10    16   0.00e+00
   10    17   0.00e+00
   10    18   0.00e+00
   10    19   0.00e+00
   10    20   0.00e+00
   10    21   0.00e+00
   10    22   0.00e+00
   10    23   0.00e+00
   10    24   0.00e+00
   10    25   0.00e+00
   10    26   0.00e+00
   10    27   0.00e+00
   10    28   0.00e+00
   10    29   0.00e+00
   10    30   0.00e+00
   10    31   0.00e+00
   11     7   0.00e+00
   11     8   9.60e-21
   11     9   8.28e-12
   11    10   4.07e-07
   11    11   1.83e-04
   11    12   2.76e-04
   11    13   2.00e-18
   11    14   1.45e-32
   11    15  6.60e-215
   11    16   0.00e+00
   11    17   0.00e+00
   11    18   0.00e+00
   11    19   0.00e+00
   11    20   0.00e+00
   11    21   0.00e+00
   11    22   0.00e+00
   11    23   0.00e+00
   11    24   0.00e+00
   11    25   0.00e+00
   11    26   0.00e+00
   11    27   0.00e+00
   11    28   0.00e+00
   11    29   0.00e+00
   11    30   0.00e+00
   11    31   0.00e+00
   11    32   0.00e+00
   11    33   0.00e+00
   12     7  8.90e-144
   12     8   1.78e-22
   12     9   2.38e-14
   12    10   8.27e-04
   12    11   3.46e-03
   12    12   2.92e-05
   12    13   2.39e-04
   12    14   1.27e-11
   12    15   1.02e-26
   12    16   2.93e-61
   12    17   0.00e+00
   12    18   0.00e+00
   12    19   0.00e+00
   12    20   0.00e+00
   12    21   0.00e+00
   12    22   0.00e+00
   12    23   0.00e+00
   12    24   0.00e+00
   12    25   0.00e+00
   12    26   0.00e+00
   12    27   0.00e+00
   12    28   0.00e+00
   12    29   0.00e+00
   12    30   0.00e+00
   12    31   0.00e+00
   12    32   0.00e+00
   12    33   0.00e+00
   12    34   0.00e+00
   12    35   0.00e+00
   13     8   6.57e-60
   13     9   1.89e-41
   13    10   2.88e-11
   13    11   1.40e-05
   13    12   6.54e-04
   13    13   8.58e-05
   13    14   2.36e-04
   13    15   1.35e-17
   13    16   1.39e-30
   13    17  3.32e-136
   13    18  1.34e-165
   13    19   0.00e+00
   13    20   0.00e+00
   13    21   0.00e+00
   13    22   0.00e+00
   13    23   0.00e+00
   13    24   0.00e+00
   13    25   0.00e+00
   13    26   0.00e+00
   13    27   0.00e+00
   13    28   0.00e+00
   13    29   0.00e+00
   13    30   0.00e+00
   13    31   0.00e+00
   13    32   0.00e+00
   13    33   0.00e+00
   13    34   0.00e+00
   13    35   0.00e+00
   13    36   0.00e+00
   13    37   0.00e+00
   13    38   0.00e+00
   14     8  1.70e-180
   14     9   5.36e-73
   14    10   2.24e-13
   14    11   7.61e-10
   14    12   1.01e-05
   14    13   1.67e-04
   14    14   9.25e-04
   14    15   4.31e-04
   14    16   7.27e-05
   14    17   2.77e-18
   14    18   2.66e-30
   14    19  1.28e-120
   14    20   0.00e+00
   14    21   0.00e+00
   14    22   0.00e+00
   14    23   0.00e+00
   14    24   0.00e+00
   14    25   0.00e+00
   14    26   0.00e+00
   14    27   0.00e+00
   14    28   0.00e+00
   14    29   0.00e+00
   14    30   0.00e+00
   14    31   0.00e+00
   14    32   0.00e+00
   14    33   0.00e+00
   14    34   0.00e+00
   14    35   0.00e+00
   14    36   0.00e+00
   14    37   0.00e+00
   14    38   0.00e+00
   14    39   0.00e+00
   14    40   0.00e+00
   15     8   0.00e+00
   15     9  1.37e-286
   15    10   4.87e-41
   15    11   5.37e-15
   15    12   2.01e-08
   15    13   4.23e-08
   15    14   2.92e-04
   15    15   1.93e-03
   15    16   1.89e-03
   15    17   1.04e-16
   15    18   1.95e-18
   15    19   1.16e-31
   15    20   3.77e-49
   15    21   0.00e+00
   15    22   0.00e+00
   15    23   0.00e+00
   15    24   0.00e+00
   15    25   0.00e+00
   15    26   0.00e+00
   15    27   0.00e+00
   15    28   0.00e+00
   15    29   0.00e+00
   15    30   0.00e+00
   15    31   0.00e+00
   15    32   0.00e+00
   15    33   0.00e+00
   15    34   0.00e+00
   15    35   0.00e+00
   15    36   0.00e+00
   15    37   0.00e+00
   15    38   0.00e+00
   15    39   0.00e+00
   15    40   0.00e+00
   15    41   0.00e+00
   15    42   0.00e+00
   16     8   0.00e+00
   16     9   0.00e+00
   16    10   4.65e-45
   16    11   1.66e-20
   16    12   1.18e-17
   16    13   7.75e-12
   16    14   3.72e-06
   16    15   2.35e-04
   16    16   2.56e-03
   16    17   3.15e-04
   16    18   1.99e-04
   16    19   1.22e-17
   16    20   3.22e-28
   16    21   1.74e-90
   16    22   1.87e-81
   16    23   0.00e+00
   16    24   0.00e+00
   16    25   0.00e+00
   16    26   0.00e+00
   16    27   0.00e+00
   16    28   0.00e+00
   16    29   0.00e+00
   16    30   0.00e+00
   16    31   0.00e+00
   16    32   0.00e+00
   16    33   0.00e+00
   16    34   0.00e+00
   16    35   0.00e+00
   16    36   0.00e+00
   16    37   0.00e+00
   16    38   0.00e+00
   16    39   0.00e+00
   16    40   0.00e+00
   16    41   0.00e+00
   16    42   0.00e+00
   16    43   0.00e+00
   16    44   0.00e+00
   17     8   0.00e+00
   17     9   0.00e+00
   17    10   0.00e+00
   17    11   2.83e-74
   17    12   9.56e-72
   17    13   7.30e-28
   17    14   1.72e-13
   17    15   2.68e-11
   17    16   1.78e-05
   17    17   4.46e-06
   17    18   3.16e-04
   17    19   1.42e-16
   17    20   4.32e-10
   17    21   2.42e-23
   17    22   6.12e-36
   17    23   0.00e+00
   17    24   0.00e+00
   17    25   0.00e+00
   17    26   0.00e+00
   17    27   0.00e+00
   17    28   0.00e+00
   17    29   0.00e+00
   17    30   0.00e+00
   17    31   0.00e+00
   17    32   0.00e+00
   17    33   0.00e+00
   17    34   0.00e+00
   17    35   0.00e+00
   17    36   0.00e+00
   17    37   0.00e+00
   17    38   0.00e+00
   17    39   0.00e+00
   17    40   0.00e+00
   17    41   0.00e+00
   17    42   0.00e+00
   17    43   0.00e+00
   18     9   0.00e+00
   18    10   0.00e+00
   18    11   0.00e+00
   18    12  2.15e-156
   18    13   4.50e-47
   18    14   5.67e-24
   18    15   6.68e-19
   18    16   4.36e-08
   18    17   4.91e-06
   18    18   5.33e-05
   18    19   2.10e-04
   18    20   5.89e-07
   18    21   5.62e-20
   18    22   1.19e-29
   18    23   1.43e-59
   18    24   0.00e+00
   18    25   0.00e+00
   18    26   0.00e+00
   18    27   0.00e+00
   18    28   0.00e+00
   18    29   0.00e+00
   18    30   0.00e+00
   18    31   0.00e+00
   18    32   0.00e+00
   18    33   0.00e+00
   18    34   0.00e+00
   18    35   0.00e+00
   18    36   0.00e+00
   18    37   0.00e+00
   18    38   0.00e+00
   18    39   0.00e+00
   18    40   0.00e+00
   18    41   0.00e+00
   18    42   0.00e+00
   19    10   0.00e+00
   19    11   0.00e+00
   19    12   0.00e+00
   19    13  2.71e-161
   19    14   9.18e-72
   19    15   1.33e-41
   19    16   8.97e-20
   19    17   1.06e-10
   19    18   9.02e-07
   19    19   3.58e-05
   19    20   7.90e-06
   19    21   5.19e-18
   19    22   4.13e-20
   19    23   3.22e-32
   19    24   5.33e-50
   19    25  6.42e-100
   19    26   0.00e+00
   19    27   0.00e+00
   19    28   0.00e+00
   19    29   0.00e+00
   19    30   0.00e+00
   19    31   0.00e+00
   19    32   0.00e+00
   19    33   0.00e+00
   19    34   0.00e+00
   19    35   0.00e+00
   19    36   0.00e+00
   19    37   0.00e+00
   19    38   0.00e+00
   19    39   0.00e+00
   19    40   0.00e+00
   19    41   0.00e+00
   20    10   0.00e+00
   20    11   0.00e+00
   20    12   0.00e+00
   20    13   0.00e+00
   20    14   0.00e+00
   20    15   1.20e-88
   20    16   6.74e-28
   20    17   4.79e-20
   20    18   9.72e-12
   20    19   2.38e-09
   20    20   1.60e-06
   20    21   1.35e-08
   20    22   4.17e-09
   20    23   1.50e-12
   20    24   2.25e-17
   20    25   6.37e-30
   20    26   0.00e+00
   20    27   0.00e+00
   20    28   0.00e+00
   20    29   0.00e+00
   20    30   0.00e+00
   20    31   0.00e+00
   20    32   0.00e+00
   20    33   0.00e+00
   20    34   0.00e+00
   20    35   0.00e+00
   20    36   0.00e+00
   20    37   0.00e+00
   20    38   0.00e+00
   20    39   0.00e+00
   20    40   0.00e+00
   21    11   0.00e+00
   21    12   0.00e+00
   21    13   0.00e+00
   21    14   0.00e+00
   21    15   0.00e+00
   21    16   2.27e-84
   21    17   7.38e-50
   21    18   1.02e-33
   21    19   6.99e-17
   21    20   7.44e-15
   21    21   7.88e-14
   21    22   2.37e-09
   21    23   3.86e-14
   21    24   4.42e-15
   21    25   9.38e-27
   21    26   8.36e-38
   21    27  2.71e-118
   21    28   0.00e+00
   21    29   0.00e+00
   21    30   0.00e+00
   21    31   0.00e+00
   21    32   0.00e+00
   21    33   0.00e+00
   21    34   0.00e+00
   21    35   0.00e+00
   21    36   0.00e+00
   21    37   0.00e+00
   21    38   0.00e+00
   21    39   0.00e+00
   22    12   0.00e+00
   22    13   0.00e+00
   22    14   0.00e+00
   22    15   0.00e+00
   22    16   0.00e+00
   22    17  1.82e-132
   22    18   1.29e-57
   22    19   1.25e-24
   22    20   1.80e-21
   22    21   3.84e-17
   22    22   2.50e-10
   22    23   5.91e-12
   22    24   9.47e-14
   22    25   1.88e-17
   22    26   1.47e-25
   22    27   2.39e-29
   22    28   0.00e+00
   22    29   0.00e+00
   22    30   0.00e+00
   22    31   0.00e+00
   22    32   0.00e+00
   22    33   0.00e+00
   22    34   0.00e+00
   22    35   0.00e+00
   22    36   0.00e+00
   22    37   0.00e+00
   22    38   0.00e+00
   23    13   0.00e+00
   23    14   0.00e+00
   23    15   0.00e+00
   23    16   0.00e+00
   23    17   0.00e+00
   23    18  9.59e-123
   23    19   1.47e-38
   23    20   3.56e-31
   23    21   1.01e-24
   23    22   2.43e-16
   23    23   5.42e-19
   23    24   4.29e-15
   23    25   2.68e-20
   23    26   1.60e-22
   23    27   4.76e-34
   23    28   6.35e-69
   23    29   0.00e+00
   23    30   0.00e+00
   23    31   0.00e+00
   23    32   0.00e+00
   23    33   0.00e+00
   23    34   0.00e+00
   23    35   0.00e+00
   23    36   0.00e+00
   23    37   0.00e+00
   24    14   0.00e+00
   24    15   0.00e+00
   24    16   0.00e+00
   24    17   0.00e+00
   24    18   0.00e+00
   24    19   2.55e-95
   24    20   1.24e-52
   24    21   4.54e-33
   24    22   7.34e-25
   24    23   2.18e-22
   24    24   3.19e-17
   24    25   4.86e-20
   24    26   5.59e-23
   24    27   1.78e-34
   24    28   7.83e-47
   24    29   0.00e+00
   24    30   0.00e+00
   24    31   0.00e+00
   24    32   0.00e+00
   24    33   0.00e+00
   24    34   0.00e+00
   24    35   0.00e+00
   24    36   0.00e+00
   25    15   0.00e+00
   25    16   0.00e+00
   25    17   0.00e+00
   25    18   0.00e+00
   25    19   0.00e+00
   25    20   0.00e+00
   25    21   8.90e-61
   25    22   2.03e-39
   25    23   4.11e-32
   25    24   1.14e-25
   25    25   7.63e-29
   25    26   6.57e-26
   25    27   6.20e-44
   25    28   4.49e-47
   25    29   0.00e+00
   25    30   0.00e+00
   25    31   0.00e+00
   25    32   0.00e+00
   25    33   0.00e+00
   25    34   0.00e+00
   25    35   0.00e+00
   26    16   0.00e+00
   26    17   0.00e+00
   26    18   0.00e+00
   26    19  1.57e-153
   26    20   0.00e+00
   26    21   8.62e-94
   26    22   2.26e-54
   26    23   2.33e-52
   26    24   1.19e-28
   26    25   9.63e-27
   26    26   1.47e-41
   26    27   8.93e-44
   26    28   9.03e-47
   26    29   0.00e+00
   26    30   0.00e+00
   26    31   0.00e+00
   26    32   0.00e+00
   26    33   0.00e+00
   26    34   0.00e+00
   27    17   0.00e+00
   27    18   0.00e+00
   27    19   0.00e+00
   27    20   0.00e+00
   27    21   0.00e+00
   27    22   0.00e+00
   27    23   4.62e-71
   27    24   0.00e+00
   27    25   7.74e-46
   27    26   5.25e-48
   27    27   0.00e+00
   27    28   0.00e+00
   27    29   0.00e+00
   27    30   0.00e+00
   27    31   0.00e+00
   27    32   0.00e+00
   27    33   0.00e+00
   28    18   0.00e+00
   28    19   0.00e+00
   28    20   0.00e+00
   28    21   0.00e+00
   28    22   0.00e+00
   28    23   0.00e+00
   28    24   0.00e+00
   28    25   0.00e+00
   28    26   0.00e+00
   28    27   0.00e+00
   28    28   0.00e+00
   28    29   0.00e+00
   28    30   0.00e+00
   28    31   0.00e+00
   28    32   0.00e+00
   29    19   0.00e+00
   29    20   0.00e+00
   29    21   0.00e+00
   29    22   0.00e+00
   29    23   0.00e+00
   29    24   0.00e+00
   29    25   0.00e+00
   29    26   0.00e+00
   29    27   0.00e+00
   29    28   0.00e+00
   29    29   0.00e+00
   29    30   0.00e+00
   29    31   0.00e+00
   30    21   0.00e+00
   30    22   0.00e+00
   30    23   0.00e+00
   30    24   0.00e+00
   30    25   0.00e+00
   30    26   0.00e+00
   30    27   0.00e+00
   30    28   0.00e+00
   30    29   0.00e+00
   30    30   0.00e+00
   31    22   0.00e+00
   31    23   0.00e+00
   31    24   0.00e+00
   31    25   0.00e+00
   31    26   0.00e+00
   31    27   0.00e+00
   31    28   0.00e+00
   31    29   0.00e+00
   32    23   0.00e+00
   32    24   0.00e+00
   32    25   0.00e+00
   32    26   0.00e+00
   32    27   0.00e+00
   32    28   0.00e+00
   33    24   0.00e+00
   33    25   0.00e+00
   33    26   0.00e+00
   33    27   0.00e+00
   34    25   0.00e+00
   34    26   0.00e+00
    0     1   3.90e-22
    1     0   2.20e-01
    2     2   4.49e-02
