    1     1   2.85e-19
    1     2   4.35e-30
    2     1   4.93e-14
    2     4   1.16e-60
    2     5   0.00e+00
    2     6   0.00e+00
    2     7   0.00e+00
    2     8   0.00e+00
    3     3   1.59e-28
    3     4   3.25e-24
    3     5   9.65e-46
    3     6   0.00e+00
    3     7   0.00e+00
    3     8   0.00e+00
    4     3   7.18e-08
    4     4   0.00e+00
    4     5   4.52e-35
    4     6   2.59e-56
    4     7  1.77e-183
    4     8   0.00e+00
    4     9   0.00e+00
    4    10   0.00e+00
    5     3   7.30e-13
    5     4   0.00e+00
    5     5   2.00e-22
    5     6   6.38e-22
    5     7   4.69e-45
    5     8   0.00e+00
    5     9   0.00e+00
    5    10   0.00e+00
    5    12   0.00e+00
    5    14   0.00e+00
    6     3   8.50e-10
    6     4   2.42e-21
    6     5   8.97e-10
    6     6   6.92e-10
    6     7   2.91e-16
    6     8   1.96e-25
    6     9   1.56e-49
    6    10   0.00e+00
    6    11   0.00e+00
    6    12   0.00e+00
    6    13   0.00e+00
    6    14   0.00e+00
    6    16   0.00e+00
    7     4   0.00e+00
    7     5   4.66e-11
    7     6   2.40e-09
    7     7   3.06e-09
    7     8   6.30e-14
    7     9   8.40e-37
    7    10   0.00e+00
    7    11   0.00e+00
    7    12   0.00e+00
    7    13   0.00e+00
    7    14   0.00e+00
    7    15   0.00e+00
    7    16   0.00e+00
    8     5   5.90e-10
    8     6   5.73e-05
    8     7   7.05e-04
    8     8   2.05e-04
    8     9   3.88e-10
    8    10   6.20e-19
    8    11   6.87e-41
    8    12   0.00e+00
    8    13   0.00e+00
    8    14   0.00e+00
    8    15   0.00e+00
    8    16   0.00e+00
    8    17   0.00e+00
    8    18   0.00e+00
    8    20   0.00e+00
    8    22   0.00e+00
    9     5   0.00e+00
    9     6   7.78e-29
    9     7   3.10e-17
    9     8   1.73e-03
    9     9   1.33e-08
    9    10   1.15e-15
    9    11   1.73e-34
    9    12   1.99e-86
    9    13  6.76e-158
    9    14   0.00e+00
    9    15   0.00e+00
    9    16   0.00e+00
    9    17   0.00e+00
    9    18   0.00e+00
    9    19   0.00e+00
    9    20   0.00e+00
    9    21   0.00e+00
    9    22   0.00e+00
    9    28   0.00e+00
   10     6   4.55e-76
   10     7   2.23e-23
   10     8   6.76e-03
   10     9   5.93e-08
   10    10   1.60e-03
   10    11   4.02e-12
   10    12   1.12e-18
   10    13   1.08e-38
   10    14   0.00e+00
   10    15   0.00e+00
   10    16   0.00e+00
   10    17   0.00e+00
   10    18   0.00e+00
   10    19   0.00e+00
   10    20   0.00e+00
   10    21   0.00e+00
   10    22   0.00e+00
   10    23   0.00e+00
   10    24   0.00e+00
   10    25   0.00e+00
   10    26   0.00e+00
   10    27   0.00e+00
   10    28   0.00e+00
   10    29   0.00e+00
   10    30   0.00e+00
   10    31   0.00e+00
   11     7   0.00e+00
   11     8   7.99e-13
   11     9   3.39e-08
   11    10   5.26e-06
   11    11   1.92e-07
   11    12   6.51e-11
   11    13   6.90e-29
   11    14   2.00e-62
   11    15  8.81e-141
   11    16   0.00e+00
   11    17   0.00e+00
   11    18   0.00e+00
   11    19   0.00e+00
   11    20   0.00e+00
   11    21   0.00e+00
   11    22   0.00e+00
   11    23   0.00e+00
   11    24   0.00e+00
   11    25   0.00e+00
   11    26   0.00e+00
   11    27   0.00e+00
   11    28   0.00e+00
   11    29   0.00e+00
   11    30   0.00e+00
   11    31   0.00e+00
   11    32   0.00e+00
   11    33   0.00e+00
   12     7  8.88e-144
   12     8   1.49e-10
   12     9   9.85e-08
   12    10   1.05e-02
   12    11   4.48e-05
   12    12   1.16e-08
   12    13   4.00e-11
   12    14   9.74e-19
   12    15   2.39e-37
   12    16   0.00e+00
   12    17   0.00e+00
   12    18   0.00e+00
   12    19   0.00e+00
   12    20   0.00e+00
   12    21   0.00e+00
   12    22   0.00e+00
   12    23   0.00e+00
   12    24   0.00e+00
   12    25   0.00e+00
   12    26   0.00e+00
   12    27   0.00e+00
   12    28   0.00e+00
   12    29   0.00e+00
   12    30   0.00e+00
   12    31   0.00e+00
   12    32   0.00e+00
   12    33   0.00e+00
   12    34   0.00e+00
   12    35   0.00e+00
   13     8   2.73e-31
   13     9   6.94e-23
   13    10   2.63e-07
   13    11   1.61e-05
   13    12   2.68e-06
   13    13   1.20e-09
   13    14   3.96e-09
   13    15   5.53e-26
   13    16   1.57e-53
   13    17  1.73e-115
   13    18   0.00e+00
   13    19   0.00e+00
   13    20   0.00e+00
   13    21   0.00e+00
   13    22   0.00e+00
   13    23   0.00e+00
   13    24   0.00e+00
   13    25   0.00e+00
   13    26   0.00e+00
   13    27   0.00e+00
   13    28   0.00e+00
   13    29   0.00e+00
   13    30   0.00e+00
   13    31   0.00e+00
   13    32   0.00e+00
   13    33   0.00e+00
   13    34   0.00e+00
   13    35   0.00e+00
   13    36   0.00e+00
   13    37   0.00e+00
   13    38   0.00e+00
   14     8  4.15e-128
   14     9   1.05e-21
   14    10   1.98e-06
   14    11   2.08e-04
   14    12   4.30e-06
   14    13   1.73e-05
   14    14   3.25e-05
   14    15   1.74e-08
   14    16   8.70e-11
   14    17   1.21e-27
   14    18   1.13e-40
   14    19  5.08e-107
   14    20   0.00e+00
   14    21   0.00e+00
   14    22   0.00e+00
   14    23   0.00e+00
   14    24   0.00e+00
   14    25   0.00e+00
   14    26   0.00e+00
   14    27   0.00e+00
   14    28   0.00e+00
   14    29   0.00e+00
   14    30   0.00e+00
   14    31   0.00e+00
   14    32   0.00e+00
   14    33   0.00e+00
   14    34   0.00e+00
   14    35   0.00e+00
   14    36   0.00e+00
   14    37   0.00e+00
   14    38   0.00e+00
   14    39   0.00e+00
   14    40   0.00e+00
   15     8   0.00e+00
   15     9  9.46e-132
   15    10   1.19e-22
   15    11   1.87e-09
   15    12   8.13e-04
   15    13   2.79e-05
   15    14   3.33e-04
   15    15   8.25e-06
   15    16   6.71e-08
   15    17   5.85e-24
   15    18   1.13e-25
   15    19   5.73e-42
   15    20   1.95e-85
   15    21   0.00e+00
   15    22   0.00e+00
   15    23   0.00e+00
   15    24   0.00e+00
   15    25   0.00e+00
   15    26   0.00e+00
   15    27   0.00e+00
   15    28   0.00e+00
   15    29   0.00e+00
   15    30   0.00e+00
   15    31   0.00e+00
   15    32   0.00e+00
   15    33   0.00e+00
   15    34   0.00e+00
   15    35   0.00e+00
   15    36   0.00e+00
   15    37   0.00e+00
   15    38   0.00e+00
   15    39   0.00e+00
   15    40   0.00e+00
   15    41   0.00e+00
   15    42   0.00e+00
   16     8   0.00e+00
   16     9   0.00e+00
   16    10   1.79e-27
   16    11   4.54e-10
   16    12   1.82e-07
   16    13   1.25e-03
   16    14   1.63e-03
   16    15   1.21e-04
   16    16   1.17e-06
   16    17   8.57e-09
   16    18   1.89e-10
   16    19   1.95e-25
   16    20   1.06e-38
   16    21   8.33e-85
   16    22   0.00e+00
   16    23   0.00e+00
   16    24   0.00e+00
   16    25   0.00e+00
   16    26   0.00e+00
   16    27   0.00e+00
   16    28   0.00e+00
   16    29   0.00e+00
   16    30   0.00e+00
   16    31   0.00e+00
   16    32   0.00e+00
   16    33   0.00e+00
   16    34   0.00e+00
   16    35   0.00e+00
   16    36   0.00e+00
   16    37   0.00e+00
   16    38   0.00e+00
   16    39   0.00e+00
   16    40   0.00e+00
   16    41   0.00e+00
   16    42   0.00e+00
   16    43   0.00e+00
   16    44   0.00e+00
   17     8   0.00e+00
   17     9   0.00e+00
   17    10   0.00e+00
   17    11   2.87e-37
   17    12   1.34e-34
   17    13   2.16e-14
   17    14   3.10e-06
   17    15   4.95e-06
   17    16   1.27e-06
   17    17   5.36e-08
   17    18   1.41e-09
   17    19   1.32e-24
   17    20   6.91e-16
   17    21   3.08e-30
   17    22   1.96e-43
   17    23   0.00e+00
   17    24   0.00e+00
   17    25   0.00e+00
   17    26   0.00e+00
   17    27   0.00e+00
   17    28   0.00e+00
   17    29   0.00e+00
   17    30   0.00e+00
   17    31   0.00e+00
   17    32   0.00e+00
   17    33   0.00e+00
   17    34   0.00e+00
   17    35   0.00e+00
   17    36   0.00e+00
   17    37   0.00e+00
   17    38   0.00e+00
   17    39   0.00e+00
   17    40   0.00e+00
   17    41   0.00e+00
   17    42   0.00e+00
   17    43   0.00e+00
   18     9   0.00e+00
   18    10   0.00e+00
   18    11   0.00e+00
   18    12   9.33e-97
   18    13   2.45e-16
   18    14   5.66e-11
   18    15   3.99e-07
   18    16   3.93e-06
   18    17   2.96e-07
   18    18   1.42e-09
   18    19   2.36e-08
   18    20   2.98e-10
   18    21   5.02e-25
   18    22   9.72e-36
   18    23   1.37e-53
   18    24   0.00e+00
   18    25   0.00e+00
   18    26   0.00e+00
   18    27   0.00e+00
   18    28   0.00e+00
   18    29   0.00e+00
   18    30   0.00e+00
   18    31   0.00e+00
   18    32   0.00e+00
   18    33   0.00e+00
   18    34   0.00e+00
   18    35   0.00e+00
   18    36   0.00e+00
   18    37   0.00e+00
   18    38   0.00e+00
   18    39   0.00e+00
   18    40   0.00e+00
   18    41   0.00e+00
   18    42   0.00e+00
   19    10   0.00e+00
   19    11   0.00e+00
   19    12   0.00e+00
   19    13   1.50e-44
   19    14   3.66e-37
   19    15   5.86e-21
   19    16   3.06e-12
   19    17   1.06e-08
   19    18   2.81e-07
   19    19   6.25e-08
   19    20   5.55e-08
   19    21   1.23e-21
   19    22   3.96e-24
   19    23   6.00e-38
   19    24   1.74e-53
   19    25  3.02e-105
   19    26   0.00e+00
   19    27   0.00e+00
   19    28   0.00e+00
   19    29   0.00e+00
   19    30   0.00e+00
   19    31   0.00e+00
   19    32   0.00e+00
   19    33   0.00e+00
   19    34   0.00e+00
   19    35   0.00e+00
   19    36   0.00e+00
   19    37   0.00e+00
   19    38   0.00e+00
   19    39   0.00e+00
   19    40   0.00e+00
   19    41   0.00e+00
   20    10   0.00e+00
   20    11   0.00e+00
   20    12   0.00e+00
   20    13   0.00e+00
   20    14   5.85e-95
   20    15   1.50e-22
   20    16   7.04e-14
   20    17   3.72e-10
   20    18   2.91e-07
   20    19   5.71e-08
   20    20   4.90e-07
   20    21   3.82e-10
   20    22   3.78e-12
   20    23   1.49e-18
   20    24   1.93e-25
   20    25   3.08e-40
   20    26   0.00e+00
   20    27   0.00e+00
   20    28   0.00e+00
   20    29   0.00e+00
   20    30   0.00e+00
   20    31   0.00e+00
   20    32   0.00e+00
   20    33   0.00e+00
   20    34   0.00e+00
   20    35   0.00e+00
   20    36   0.00e+00
   20    37   0.00e+00
   20    38   0.00e+00
   20    39   0.00e+00
   20    40   0.00e+00
   21    11   0.00e+00
   21    12   0.00e+00
   21    13   0.00e+00
   21    14   0.00e+00
   21    15   2.64e-52
   21    16   3.33e-43
   21    17   1.52e-27
   21    18   1.60e-20
   21    19   7.13e-11
   21    20   4.09e-09
   21    21   9.16e-11
   21    22   9.67e-13
   21    23   1.47e-19
   21    24   2.14e-23
   21    25   4.24e-37
   21    26   8.52e-59
   21    27   0.00e+00
   21    28   0.00e+00
   21    29   0.00e+00
   21    30   0.00e+00
   21    31   0.00e+00
   21    32   0.00e+00
   21    33   0.00e+00
   21    34   0.00e+00
   21    35   0.00e+00
   21    36   0.00e+00
   21    37   0.00e+00
   21    38   0.00e+00
   21    39   0.00e+00
   22    12   0.00e+00
   22    13   0.00e+00
   22    14   0.00e+00
   22    15   0.00e+00
   22    16  8.44e-131
   22    17   2.49e-46
   22    18   7.14e-23
   22    19   1.30e-12
   22    20   3.02e-10
   22    21   7.93e-12
   22    22   4.79e-14
   22    23   1.42e-17
   22    24   4.43e-21
   22    25   9.13e-28
   22    26   1.23e-43
   22    27   0.00e+00
   22    28   0.00e+00
   22    29   0.00e+00
   22    30   0.00e+00
   22    31   0.00e+00
   22    32   0.00e+00
   22    33   0.00e+00
   22    34   0.00e+00
   22    35   0.00e+00
   22    36   0.00e+00
   22    37   0.00e+00
   22    38   0.00e+00
   23    13   0.00e+00
   23    14   0.00e+00
   23    15   0.00e+00
   23    16   0.00e+00
   23    17  1.57e-132
   23    18   2.59e-45
   23    19   3.89e-22
   23    20   5.97e-17
   23    21   9.58e-14
   23    22   3.76e-16
   23    23   1.10e-19
   23    24   1.22e-22
   23    25   9.07e-32
   23    26   3.93e-44
   23    27   0.00e+00
   23    28   0.00e+00
   23    29   0.00e+00
   23    30   0.00e+00
   23    31   0.00e+00
   23    32   0.00e+00
   23    33   0.00e+00
   23    34   0.00e+00
   23    35   0.00e+00
   23    36   0.00e+00
   23    37   0.00e+00
   24    14   0.00e+00
   24    15   0.00e+00
   24    16   0.00e+00
   24    17   0.00e+00
   24    18   0.00e+00
   24    19   9.51e-25
   24    20   3.47e-19
   24    21   7.30e-16
   24    22   2.10e-19
   24    23   2.62e-21
   24    24   5.65e-25
   24    25   1.08e-38
   24    26   3.47e-42
   24    27   0.00e+00
   24    28   0.00e+00
   24    29   0.00e+00
   24    30   0.00e+00
   24    31   0.00e+00
   24    32   0.00e+00
   24    33   0.00e+00
   24    34   0.00e+00
   24    35   0.00e+00
   24    36   0.00e+00
   25    15   0.00e+00
   25    16   0.00e+00
   25    17   0.00e+00
   25    18   0.00e+00
   25    19   4.64e-46
   25    20   1.07e-37
   25    21   6.71e-20
   25    22   1.16e-24
   25    23   3.07e-24
   25    24   2.21e-28
   25    25   2.09e-44
   25    26   8.64e-47
   25    27   0.00e+00
   25    28   0.00e+00
   25    29   0.00e+00
   25    30   0.00e+00
   25    31   0.00e+00
   25    32   0.00e+00
   25    33   0.00e+00
   25    34   0.00e+00
   25    35   0.00e+00
   26    16   0.00e+00
   26    17   0.00e+00
   26    18   0.00e+00
   26    19   1.02e-51
   26    20  2.14e-120
   26    21   5.53e-24
   26    22   1.23e-28
   26    23   5.95e-28
   26    24   9.55e-46
   26    25   1.24e-47
   26    26   2.28e-49
   26    27   0.00e+00
   26    28   0.00e+00
   26    29   0.00e+00
   26    30   0.00e+00
   26    31   0.00e+00
   26    32   0.00e+00
   26    33   0.00e+00
   26    34   0.00e+00
   27    17   0.00e+00
   27    18   0.00e+00
   27    19   0.00e+00
   27    20   0.00e+00
   27    21   3.25e-40
   27    22  9.37e-108
   27    23   5.96e-48
   27    24   3.30e-52
   27    25   5.78e-52
   27    26   0.00e+00
   27    27   0.00e+00
   27    28   0.00e+00
   27    29   0.00e+00
   27    30   0.00e+00
   27    31   0.00e+00
   27    32   0.00e+00
   27    33   0.00e+00
   28    18   0.00e+00
   28    19   0.00e+00
   28    20   0.00e+00
   28    21   0.00e+00
   28    22  6.98e-122
   28    23   3.02e-53
   28    24   0.00e+00
   28    25   0.00e+00
   28    26   0.00e+00
   28    27   0.00e+00
   28    28   0.00e+00
   28    29   0.00e+00
   28    30   0.00e+00
   28    31   0.00e+00
   28    32   0.00e+00
   29    19   0.00e+00
   29    20   0.00e+00
   29    21   0.00e+00
   29    22   0.00e+00
   29    23   0.00e+00
   29    24   0.00e+00
   29    25   0.00e+00
   29    26   0.00e+00
   29    27   0.00e+00
   29    28   0.00e+00
   29    29   0.00e+00
   29    30   0.00e+00
   29    31   0.00e+00
   30    21   0.00e+00
   30    22   0.00e+00
   30    23   0.00e+00
   30    24   0.00e+00
   30    25   0.00e+00
   30    26   0.00e+00
   30    27   0.00e+00
   30    28   0.00e+00
   30    29   0.00e+00
   30    30   0.00e+00
   31    22   0.00e+00
   31    23   0.00e+00
   31    24   0.00e+00
   31    25   0.00e+00
   31    26   0.00e+00
   31    27   0.00e+00
   31    28   0.00e+00
   31    29   0.00e+00
   32    23   0.00e+00
   32    24   0.00e+00
   32    25   0.00e+00
   32    26   0.00e+00
   32    27   0.00e+00
   32    28   0.00e+00
   33    24   0.00e+00
   33    25   0.00e+00
   33    26   0.00e+00
   33    27   0.00e+00
   34    25   0.00e+00
   34    26   0.00e+00
    0     1   3.08e-23
    1     0   3.05e-01
    2     2   3.40e-02
