    1     1   2.95e-19
    1     2   3.15e-28
    2     1   2.18e-12
    2     4   8.34e-61
    2     5   0.00e+00
    2     6   0.00e+00
    2     7   0.00e+00
    2     8   0.00e+00
    3     3   1.62e-28
    3     4   3.10e-24
    3     5   1.45e-45
    3     6   0.00e+00
    3     7   0.00e+00
    3     8   0.00e+00
    4     3   8.55e-08
    4     4   0.00e+00
    4     5   1.07e-34
    4     6   5.40e-55
    4     7  6.75e-175
    4     8   0.00e+00
    4     9   0.00e+00
    4    10   0.00e+00
    5     3   1.01e-12
    5     4   0.00e+00
    5     5   9.26e-22
    5     6   5.19e-22
    5     7   5.75e-45
    5     8   0.00e+00
    5     9   0.00e+00
    5    10   0.00e+00
    5    12   0.00e+00
    5    14   0.00e+00
    6     3   1.13e-09
    6     4   1.54e-21
    6     5   1.32e-09
    6     6   2.31e-10
    6     7   4.23e-17
    6     8   1.92e-25
    6     9   2.30e-49
    6    10   0.00e+00
    6    11   0.00e+00
    6    12   0.00e+00
    6    13   0.00e+00
    6    14   0.00e+00
    6    16   0.00e+00
    7     4   0.00e+00
    7     5   7.16e-11
    7     6   7.70e-10
    7     7   3.05e-09
    7     8   2.18e-14
    7     9   4.44e-37
    7    10   0.00e+00
    7    11   0.00e+00
    7    12   0.00e+00
    7    13   0.00e+00
    7    14   0.00e+00
    7    15   0.00e+00
    7    16   0.00e+00
    8     5   1.58e-09
    8     6   5.70e-05
    8     7   4.83e-04
    8     8   3.89e-04
    8     9   3.10e-10
    8    10   1.29e-19
    8    11   2.12e-41
    8    12   0.00e+00
    8    13   0.00e+00
    8    14   0.00e+00
    8    15   0.00e+00
    8    16   0.00e+00
    8    17   0.00e+00
    8    18   0.00e+00
    8    20   0.00e+00
    8    22   0.00e+00
    9     5   0.00e+00
    9     6   6.40e-28
    9     7   5.59e-17
    9     8   3.28e-03
    9     9   4.87e-09
    9    10   2.81e-16
    9    11   5.74e-35
    9    12   3.61e-84
    9    13  4.83e-153
    9    14   0.00e+00
    9    15   0.00e+00
    9    16   0.00e+00
    9    17   0.00e+00
    9    18   0.00e+00
    9    19   0.00e+00
    9    20   0.00e+00
    9    21   0.00e+00
    9    22   0.00e+00
    9    28   0.00e+00
   10     6   1.91e-76
   10     7   1.31e-23
   10     8   5.25e-03
   10     9   2.94e-08
   10    10   3.59e-03
   10    11   5.73e-12
   10    12   2.11e-19
   10    13   2.78e-39
   10    14   0.00e+00
   10    15   0.00e+00
   10    16   0.00e+00
   10    17   0.00e+00
   10    18   0.00e+00
   10    19   0.00e+00
   10    20   0.00e+00
   10    21   0.00e+00
   10    22   0.00e+00
   10    23   0.00e+00
   10    24   0.00e+00
   10    25   0.00e+00
   10    26   0.00e+00
   10    27   0.00e+00
   10    28   0.00e+00
   10    29   0.00e+00
   10    30   0.00e+00
   10    31   0.00e+00
   11     7   0.00e+00
   11     8   1.25e-12
   11     9   2.10e-08
   11    10   1.42e-05
   11    11   8.50e-08
   11    12   1.39e-11
   11    13   1.93e-29
   11    14   2.70e-61
   11    15  1.44e-136
   11    16   0.00e+00
   11    17   0.00e+00
   11    18   0.00e+00
   11    19   0.00e+00
   11    20   0.00e+00
   11    21   0.00e+00
   11    22   0.00e+00
   11    23   0.00e+00
   11    24   0.00e+00
   11    25   0.00e+00
   11    26   0.00e+00
   11    27   0.00e+00
   11    28   0.00e+00
   11    29   0.00e+00
   11    30   0.00e+00
   11    31   0.00e+00
   11    32   0.00e+00
   11    33   0.00e+00
   12     7  2.74e-144
   12     8   9.68e-11
   12     9   4.76e-08
   12    10   8.66e-03
   12    11   1.98e-05
   12    12   4.27e-09
   12    13   5.92e-12
   12    14   2.49e-19
   12    15   8.10e-38
   12    16   0.00e+00
   12    17   0.00e+00
   12    18   0.00e+00
   12    19   0.00e+00
   12    20   0.00e+00
   12    21   0.00e+00
   12    22   0.00e+00
   12    23   0.00e+00
   12    24   0.00e+00
   12    25   0.00e+00
   12    26   0.00e+00
   12    27   0.00e+00
   12    28   0.00e+00
   12    29   0.00e+00
   12    30   0.00e+00
   12    31   0.00e+00
   12    32   0.00e+00
   12    33   0.00e+00
   12    34   0.00e+00
   12    35   0.00e+00
   13     8   1.14e-30
   13     9   7.40e-23
   13    10   2.60e-07
   13    11   8.67e-06
   13    12   8.23e-07
   13    13   4.79e-10
   13    14   1.15e-09
   13    15   2.00e-26
   13    16   1.41e-52
   13    17  2.35e-112
   13    18   0.00e+00
   13    19   0.00e+00
   13    20   0.00e+00
   13    21   0.00e+00
   13    22   0.00e+00
   13    23   0.00e+00
   13    24   0.00e+00
   13    25   0.00e+00
   13    26   0.00e+00
   13    27   0.00e+00
   13    28   0.00e+00
   13    29   0.00e+00
   13    30   0.00e+00
   13    31   0.00e+00
   13    32   0.00e+00
   13    33   0.00e+00
   13    34   0.00e+00
   13    35   0.00e+00
   13    36   0.00e+00
   13    37   0.00e+00
   13    38   0.00e+00
   14     8  8.05e-128
   14     9   4.53e-22
   14    10   1.46e-06
   14    11   1.38e-04
   14    12   1.95e-06
   14    13   1.04e-05
   14    14   2.05e-05
   14    15   1.05e-08
   14    16   1.29e-11
   14    17   2.13e-28
   14    18   2.33e-41
   14    19  5.27e-104
   14    20   0.00e+00
   14    21   0.00e+00
   14    22   0.00e+00
   14    23   0.00e+00
   14    24   0.00e+00
   14    25   0.00e+00
   14    26   0.00e+00
   14    27   0.00e+00
   14    28   0.00e+00
   14    29   0.00e+00
   14    30   0.00e+00
   14    31   0.00e+00
   14    32   0.00e+00
   14    33   0.00e+00
   14    34   0.00e+00
   14    35   0.00e+00
   14    36   0.00e+00
   14    37   0.00e+00
   14    38   0.00e+00
   14    39   0.00e+00
   14    40   0.00e+00
   15     8   0.00e+00
   15     9  7.19e-130
   15    10   3.27e-22
   15    11   1.42e-09
   15    12   9.69e-04
   15    13   1.86e-05
   15    14   4.25e-04
   15    15   2.88e-06
   15    16   1.35e-08
   15    17   1.49e-24
   15    18   1.19e-25
   15    19   9.29e-42
   15    20   0.00e+00
   15    21   0.00e+00
   15    22   0.00e+00
   15    23   0.00e+00
   15    24   0.00e+00
   15    25   0.00e+00
   15    26   0.00e+00
   15    27   0.00e+00
   15    28   0.00e+00
   15    29   0.00e+00
   15    30   0.00e+00
   15    31   0.00e+00
   15    32   0.00e+00
   15    33   0.00e+00
   15    34   0.00e+00
   15    35   0.00e+00
   15    36   0.00e+00
   15    37   0.00e+00
   15    38   0.00e+00
   15    39   0.00e+00
   15    40   0.00e+00
   15    41   0.00e+00
   15    42   0.00e+00
   16     8   0.00e+00
   16     9   0.00e+00
   16    10   5.35e-27
   16    11   5.52e-10
   16    12   1.38e-07
   16    13   1.50e-03
   16    14   1.19e-03
   16    15   5.35e-05
   16    16   5.44e-07
   16    17   6.61e-09
   16    18   2.87e-11
   16    19   4.33e-26
   16    20   5.74e-39
   16    21   5.63e-80
   16    22   0.00e+00
   16    23   0.00e+00
   16    24   0.00e+00
   16    25   0.00e+00
   16    26   0.00e+00
   16    27   0.00e+00
   16    28   0.00e+00
   16    29   0.00e+00
   16    30   0.00e+00
   16    31   0.00e+00
   16    32   0.00e+00
   16    33   0.00e+00
   16    34   0.00e+00
   16    35   0.00e+00
   16    36   0.00e+00
   16    37   0.00e+00
   16    38   0.00e+00
   16    39   0.00e+00
   16    40   0.00e+00
   16    41   0.00e+00
   16    42   0.00e+00
   16    43   0.00e+00
   16    44   0.00e+00
   17     8   0.00e+00
   17     9   0.00e+00
   17    10   0.00e+00
   17    11   3.89e-36
   17    12   1.21e-33
   17    13   5.21e-14
   17    14   2.19e-06
   17    15   1.67e-06
   17    16   1.49e-06
   17    17   1.67e-08
   17    18   2.12e-10
   17    19   2.97e-25
   17    20   8.89e-13
   17    21   4.90e-27
   17    22   2.06e-40
   17    23   0.00e+00
   17    24   0.00e+00
   17    25   0.00e+00
   17    26   0.00e+00
   17    27   0.00e+00
   17    28   0.00e+00
   17    29   0.00e+00
   17    30   0.00e+00
   17    31   0.00e+00
   17    32   0.00e+00
   17    33   0.00e+00
   17    34   0.00e+00
   17    35   0.00e+00
   17    36   0.00e+00
   17    37   0.00e+00
   17    38   0.00e+00
   17    39   0.00e+00
   17    40   0.00e+00
   17    41   0.00e+00
   17    42   0.00e+00
   17    43   0.00e+00
   18     9   0.00e+00
   18    10   0.00e+00
   18    11   0.00e+00
   18    12   1.13e-96
   18    13   5.99e-16
   18    14   3.58e-11
   18    15   8.02e-08
   18    16   2.28e-06
   18    17   9.22e-08
   18    18   3.16e-10
   18    19   3.27e-08
   18    20   4.33e-09
   18    21   1.14e-23
   18    22   6.62e-35
   18    23   1.77e-52
   18    24   0.00e+00
   18    25   0.00e+00
   18    26   0.00e+00
   18    27   0.00e+00
   18    28   0.00e+00
   18    29   0.00e+00
   18    30   0.00e+00
   18    31   0.00e+00
   18    32   0.00e+00
   18    33   0.00e+00
   18    34   0.00e+00
   18    35   0.00e+00
   18    36   0.00e+00
   18    37   0.00e+00
   18    38   0.00e+00
   18    39   0.00e+00
   18    40   0.00e+00
   18    41   0.00e+00
   18    42   0.00e+00
   19    10   0.00e+00
   19    11   0.00e+00
   19    12   0.00e+00
   19    13   4.65e-43
   19    14   2.42e-36
   19    15   3.40e-21
   19    16   1.01e-12
   19    17   2.51e-09
   19    18   4.18e-07
   19    19   4.08e-08
   19    20   8.22e-08
   19    21   1.99e-21
   19    22   6.37e-25
   19    23   1.53e-38
   19    24   7.39e-55
   19    25   0.00e+00
   19    26   0.00e+00
   19    27   0.00e+00
   19    28   0.00e+00
   19    29   0.00e+00
   19    30   0.00e+00
   19    31   0.00e+00
   19    32   0.00e+00
   19    33   0.00e+00
   19    34   0.00e+00
   19    35   0.00e+00
   19    36   0.00e+00
   19    37   0.00e+00
   19    38   0.00e+00
   19    39   0.00e+00
   19    40   0.00e+00
   19    41   0.00e+00
   20    10   0.00e+00
   20    11   0.00e+00
   20    12   0.00e+00
   20    13   0.00e+00
   20    14   1.31e-94
   20    15   4.86e-23
   20    16   1.24e-14
   20    17   6.84e-11
   20    18   1.99e-07
   20    19   2.17e-08
   20    20   4.59e-07
   20    21   7.69e-11
   20    22   1.77e-13
   20    23   2.05e-20
   20    24   1.01e-27
   20    25   0.00e+00
   20    26   0.00e+00
   20    27   0.00e+00
   20    28   0.00e+00
   20    29   0.00e+00
   20    30   0.00e+00
   20    31   0.00e+00
   20    32   0.00e+00
   20    33   0.00e+00
   20    34   0.00e+00
   20    35   0.00e+00
   20    36   0.00e+00
   20    37   0.00e+00
   20    38   0.00e+00
   20    39   0.00e+00
   20    40   0.00e+00
   21    11   0.00e+00
   21    12   0.00e+00
   21    13   0.00e+00
   21    14   0.00e+00
   21    15   1.34e-51
   21    16   9.01e-43
   21    17   1.15e-27
   21    18   3.10e-20
   21    19   1.57e-11
   21    20   2.13e-09
   21    21   1.04e-11
   21    22   3.25e-14
   21    23   1.81e-21
   21    24   3.17e-26
   21    25   8.89e-48
   21    26   0.00e+00
   21    27   0.00e+00
   21    28   0.00e+00
   21    29   0.00e+00
   21    30   0.00e+00
   21    31   0.00e+00
   21    32   0.00e+00
   21    33   0.00e+00
   21    34   0.00e+00
   21    35   0.00e+00
   21    36   0.00e+00
   21    37   0.00e+00
   21    38   0.00e+00
   21    39   0.00e+00
   22    12   0.00e+00
   22    13   0.00e+00
   22    14   0.00e+00
   22    15   0.00e+00
   22    16  1.73e-131
   22    17   1.03e-46
   22    18   4.88e-23
   22    19   2.36e-13
   22    20   8.57e-11
   22    21   6.15e-13
   22    22   9.68e-16
   22    23   5.51e-20
   22    24   4.73e-24
   22    25   4.42e-38
   22    26   0.00e+00
   22    27   0.00e+00
   22    28   0.00e+00
   22    29   0.00e+00
   22    30   0.00e+00
   22    31   0.00e+00
   22    32   0.00e+00
   22    33   0.00e+00
   22    34   0.00e+00
   22    35   0.00e+00
   22    36   0.00e+00
   22    37   0.00e+00
   22    38   0.00e+00
   23    13   0.00e+00
   23    14   0.00e+00
   23    15   0.00e+00
   23    16   0.00e+00
   23    17  2.84e-131
   23    18   1.27e-44
   23    19   1.30e-22
   23    20   2.37e-17
   23    21   5.08e-15
   23    22   4.27e-18
   23    23   3.36e-22
   23    24   9.30e-26
   23    25   3.17e-41
   23    26   3.97e-49
   23    27   0.00e+00
   23    28   0.00e+00
   23    29   0.00e+00
   23    30   0.00e+00
   23    31   0.00e+00
   23    32   0.00e+00
   23    33   0.00e+00
   23    34   0.00e+00
   23    35   0.00e+00
   23    36   0.00e+00
   23    37   0.00e+00
   24    14   0.00e+00
   24    15   0.00e+00
   24    16   0.00e+00
   24    17   0.00e+00
   24    18   0.00e+00
   24    19   2.40e-25
   24    20   9.82e-20
   24    21   2.75e-17
   24    22   1.68e-21
   24    23   5.79e-24
   24    24   3.59e-37
   24    25   1.57e-41
   24    26   5.74e-45
   24    27   0.00e+00
   24    28   0.00e+00
   24    29   0.00e+00
   24    30   0.00e+00
   24    31   0.00e+00
   24    32   0.00e+00
   24    33   0.00e+00
   24    34   0.00e+00
   24    35   0.00e+00
   24    36   0.00e+00
   25    15   0.00e+00
   25    16   0.00e+00
   25    17   0.00e+00
   25    18   0.00e+00
   25    19   7.26e-46
   25    20   1.51e-37
   25    21   1.94e-21
   25    22   3.06e-27
   25    23   5.58e-27
   25    24   9.73e-44
   25    25   6.31e-47
   25    26   0.00e+00
   25    27   0.00e+00
   25    28   0.00e+00
   25    29   0.00e+00
   25    30   0.00e+00
   25    31   0.00e+00
   25    32   0.00e+00
   25    33   0.00e+00
   25    34   0.00e+00
   25    35   0.00e+00
   26    16   0.00e+00
   26    17   0.00e+00
   26    18   0.00e+00
   26    19   1.34e-51
   26    20  7.67e-120
   26    21   1.36e-25
   26    22   2.39e-45
   26    23   1.37e-43
   26    24   8.19e-48
   26    25   2.52e-50
   26    26   0.00e+00
   26    27   0.00e+00
   26    28   0.00e+00
   26    29   0.00e+00
   26    30   0.00e+00
   26    31   0.00e+00
   26    32   0.00e+00
   26    33   0.00e+00
   26    34   0.00e+00
   27    17   0.00e+00
   27    18   0.00e+00
   27    19   0.00e+00
   27    20   0.00e+00
   27    21   0.00e+00
   27    22  8.04e-109
   27    23   1.06e-49
   27    24   0.00e+00
   27    25   0.00e+00
   27    26   0.00e+00
   27    27   0.00e+00
   27    28   0.00e+00
   27    29   0.00e+00
   27    30   0.00e+00
   27    31   0.00e+00
   27    32   0.00e+00
   27    33   0.00e+00
   28    18   0.00e+00
   28    19   0.00e+00
   28    20   0.00e+00
   28    21   0.00e+00
   28    22   0.00e+00
   28    23   0.00e+00
   28    24   0.00e+00
   28    25   0.00e+00
   28    26   0.00e+00
   28    27   0.00e+00
   28    28   0.00e+00
   28    29   0.00e+00
   28    30   0.00e+00
   28    31   0.00e+00
   28    32   0.00e+00
   29    19   0.00e+00
   29    20   0.00e+00
   29    21   0.00e+00
   29    22   0.00e+00
   29    23   0.00e+00
   29    24   0.00e+00
   29    25   0.00e+00
   29    26   0.00e+00
   29    27   0.00e+00
   29    28   0.00e+00
   29    29   0.00e+00
   29    30   0.00e+00
   29    31   0.00e+00
   30    21   0.00e+00
   30    22   0.00e+00
   30    23   0.00e+00
   30    24   0.00e+00
   30    25   0.00e+00
   30    26   0.00e+00
   30    27   0.00e+00
   30    28   0.00e+00
   30    29   0.00e+00
   30    30   0.00e+00
   31    22   0.00e+00
   31    23   0.00e+00
   31    24   0.00e+00
   31    25   0.00e+00
   31    26   0.00e+00
   31    27   0.00e+00
   31    28   0.00e+00
   31    29   0.00e+00
   32    23   0.00e+00
   32    24   0.00e+00
   32    25   0.00e+00
   32    26   0.00e+00
   32    27   0.00e+00
   32    28   0.00e+00
   33    24   0.00e+00
   33    25   0.00e+00
   33    26   0.00e+00
   33    27   0.00e+00
   34    25   0.00e+00
   34    26   0.00e+00
    0     1   6.08e-23
    1     0   3.12e-01
    2     2   3.37e-02
