    1     1   2.41e-19
    1     2   4.13e-32
    2     1   5.14e-16
    2     4   1.21e-60
    2     5   0.00e+00
    2     6   0.00e+00
    2     7   0.00e+00
    2     8   0.00e+00
    3     3   1.81e-28
    3     4   6.73e-24
    3     5   8.65e-46
    3     6   0.00e+00
    3     7   0.00e+00
    3     8   0.00e+00
    4     3   2.65e-08
    4     4   0.00e+00
    4     5   4.80e-36
    4     6   3.25e-58
    4     7  8.20e-259
    4     8   0.00e+00
    4     9   0.00e+00
    4    10   0.00e+00
    5     3   7.44e-14
    5     4   0.00e+00
    5     5   9.03e-24
    5     6   1.47e-21
    5     7   4.32e-45
    5     8   0.00e+00
    5     9   0.00e+00
    5    10   0.00e+00
    5    12   0.00e+00
    5    14   0.00e+00
    6     3   1.23e-12
    6     4   2.56e-21
    6     5   2.68e-10
    6     6   6.12e-08
    6     7   3.03e-13
    6     8   4.18e-25
    6     9   1.34e-49
    6    10   0.00e+00
    6    11   0.00e+00
    6    12   0.00e+00
    6    13   0.00e+00
    6    14   0.00e+00
    6    16   0.00e+00
    7     4   0.00e+00
    7     5   1.00e-11
    7     6   2.34e-07
    7     7   2.17e-09
    7     8   4.98e-12
    7     9   2.61e-35
    7    10   0.00e+00
    7    11   0.00e+00
    7    12   0.00e+00
    7    13   0.00e+00
    7    14   0.00e+00
    7    15   0.00e+00
    7    16   0.00e+00
    8     5   1.34e-11
    8     6   1.10e-04
    8     7   6.11e-03
    8     8   6.76e-06
    8     9   1.35e-10
    8    10   2.14e-17
    8    11   9.77e-40
    8    12   0.00e+00
    8    13   0.00e+00
    8    14   0.00e+00
    8    15   0.00e+00
    8    16   0.00e+00
    8    17   0.00e+00
    8    18   0.00e+00
    8    20   0.00e+00
    8    22   0.00e+00
    9     5   0.00e+00
    9     6   1.34e-30
    9     7   1.77e-17
    9     8   4.98e-05
    9     9   6.48e-08
    9    10   8.79e-14
    9    11   6.28e-33
    9    12   6.60e-90
    9    13  7.81e-166
    9    14   0.00e+00
    9    15   0.00e+00
    9    16   0.00e+00
    9    17   0.00e+00
    9    18   0.00e+00
    9    19   0.00e+00
    9    20   0.00e+00
    9    21   0.00e+00
    9    22   0.00e+00
    9    28   0.00e+00
   10     6   4.57e-76
   10     7   6.61e-27
   10     8   3.18e-03
   10     9   4.70e-07
   10    10   2.02e-05
   10    11   3.26e-13
   10    12   8.68e-17
   10    13   3.96e-37
   10    14   0.00e+00
   10    15   0.00e+00
   10    16   0.00e+00
   10    17   0.00e+00
   10    18   0.00e+00
   10    19   0.00e+00
   10    20   0.00e+00
   10    21   0.00e+00
   10    22   0.00e+00
   10    23   0.00e+00
   10    24   0.00e+00
   10    25   0.00e+00
   10    26   0.00e+00
   10    27   0.00e+00
   10    28   0.00e+00
   10    29   0.00e+00
   10    30   0.00e+00
   10    31   0.00e+00
   11     7   0.00e+00
   11     8   3.95e-14
   11     9   1.50e-07
   11    10   5.01e-08
   11    11   1.18e-06
   11    12   6.55e-09
   11    13   3.53e-27
   11    14   1.17e-63
   11    15  1.38e-146
   11    16   0.00e+00
   11    17   0.00e+00
   11    18   0.00e+00
   11    19   0.00e+00
   11    20   0.00e+00
   11    21   0.00e+00
   11    22   0.00e+00
   11    23   0.00e+00
   11    24   0.00e+00
   11    25   0.00e+00
   11    26   0.00e+00
   11    27   0.00e+00
   11    28   0.00e+00
   11    29   0.00e+00
   11    30   0.00e+00
   11    31   0.00e+00
   11    32   0.00e+00
   11    33   0.00e+00
   12     7  8.90e-144
   12     8   9.23e-13
   12     9   9.28e-08
   12    10   7.78e-03
   12    11   4.64e-04
   12    12   1.66e-07
   12    13   8.09e-09
   12    14   4.62e-16
   12    15   5.64e-35
   12    16   2.57e-61
   12    17   0.00e+00
   12    18   0.00e+00
   12    19   0.00e+00
   12    20   0.00e+00
   12    21   0.00e+00
   12    22   0.00e+00
   12    23   0.00e+00
   12    24   0.00e+00
   12    25   0.00e+00
   12    26   0.00e+00
   12    27   0.00e+00
   12    28   0.00e+00
   12    29   0.00e+00
   12    30   0.00e+00
   12    31   0.00e+00
   12    32   0.00e+00
   12    33   0.00e+00
   12    34   0.00e+00
   12    35   0.00e+00
   13     8   2.34e-35
   13     9   9.81e-24
   13    10   5.51e-08
   13    11   1.39e-04
   13    12   5.41e-05
   13    13   9.37e-08
   13    14   2.38e-07
   13    15   1.83e-24
   13    16   2.21e-41
   13    17  4.69e-118
   13    18  1.27e-139
   13    19   0.00e+00
   13    20   0.00e+00
   13    21   0.00e+00
   13    22   0.00e+00
   13    23   0.00e+00
   13    24   0.00e+00
   13    25   0.00e+00
   13    26   0.00e+00
   13    27   0.00e+00
   13    28   0.00e+00
   13    29   0.00e+00
   13    30   0.00e+00
   13    31   0.00e+00
   13    32   0.00e+00
   13    33   0.00e+00
   13    34   0.00e+00
   13    35   0.00e+00
   13    36   0.00e+00
   13    37   0.00e+00
   13    38   0.00e+00
   14     8  8.63e-142
   14     9   1.34e-23
   14    10   9.61e-08
   14    11   3.42e-04
   14    12   6.37e-05
   14    13   1.02e-04
   14    14   1.38e-04
   14    15   4.34e-07
   14    16   2.12e-08
   14    17   1.81e-25
   14    18   5.65e-39
   14    19  2.59e-109
   14    20   0.00e+00
   14    21   0.00e+00
   14    22   0.00e+00
   14    23   0.00e+00
   14    24   0.00e+00
   14    25   0.00e+00
   14    26   0.00e+00
   14    27   0.00e+00
   14    28   0.00e+00
   14    29   0.00e+00
   14    30   0.00e+00
   14    31   0.00e+00
   14    32   0.00e+00
   14    33   0.00e+00
   14    34   0.00e+00
   14    35   0.00e+00
   14    36   0.00e+00
   14    37   0.00e+00
   14    38   0.00e+00
   14    39   0.00e+00
   14    40   0.00e+00
   15     8   0.00e+00
   15     9  3.40e-147
   15    10   2.04e-25
   15    11   8.50e-10
   15    12   4.52e-04
   15    13   1.35e-04
   15    14   7.96e-04
   15    15   1.48e-04
   15    16   1.60e-05
   15    17   8.01e-22
   15    18   9.09e-23
   15    19   3.36e-39
   15    20   1.99e-85
   15    21   0.00e+00
   15    22   0.00e+00
   15    23   0.00e+00
   15    24   0.00e+00
   15    25   0.00e+00
   15    26   0.00e+00
   15    27   0.00e+00
   15    28   0.00e+00
   15    29   0.00e+00
   15    30   0.00e+00
   15    31   0.00e+00
   15    32   0.00e+00
   15    33   0.00e+00
   15    34   0.00e+00
   15    35   0.00e+00
   15    36   0.00e+00
   15    37   0.00e+00
   15    38   0.00e+00
   15    39   0.00e+00
   15    40   0.00e+00
   15    41   0.00e+00
   15    42   0.00e+00
   16     8   0.00e+00
   16     9   0.00e+00
   16    10   9.50e-31
   16    11   1.88e-11
   16    12   8.64e-09
   16    13   2.46e-04
   16    14   2.18e-03
   16    15   2.49e-03
   16    16   3.31e-04
   16    17   1.38e-05
   16    18   1.68e-06
   16    19   7.69e-22
   16    20   2.33e-35
   16    21   2.82e-87
   16    22   0.00e+00
   16    23   0.00e+00
   16    24   0.00e+00
   16    25   0.00e+00
   16    26   0.00e+00
   16    27   0.00e+00
   16    28   0.00e+00
   16    29   0.00e+00
   16    30   0.00e+00
   16    31   0.00e+00
   16    32   0.00e+00
   16    33   0.00e+00
   16    34   0.00e+00
   16    35   0.00e+00
   16    36   0.00e+00
   16    37   0.00e+00
   16    38   0.00e+00
   16    39   0.00e+00
   16    40   0.00e+00
   16    41   0.00e+00
   16    42   0.00e+00
   16    43   0.00e+00
   16    44   0.00e+00
   17     8   0.00e+00
   17     9   0.00e+00
   17    10   0.00e+00
   17    11   6.24e-41
   17    12   2.96e-38
   17    13   4.49e-16
   17    14   1.57e-06
   17    15   3.14e-05
   17    16   1.94e-04
   17    17   3.86e-05
   17    18   1.08e-05
   17    19   5.29e-21
   17    20   3.35e-13
   17    21   5.14e-29
   17    22   2.30e-81
   17    23   0.00e+00
   17    24   0.00e+00
   17    25   0.00e+00
   17    26   0.00e+00
   17    27   0.00e+00
   17    28   0.00e+00
   17    29   0.00e+00
   17    30   0.00e+00
   17    31   0.00e+00
   17    32   0.00e+00
   17    33   0.00e+00
   17    34   0.00e+00
   17    35   0.00e+00
   17    36   0.00e+00
   17    37   0.00e+00
   17    38   0.00e+00
   17    39   0.00e+00
   17    40   0.00e+00
   17    41   0.00e+00
   17    42   0.00e+00
   17    43   0.00e+00
   18     9   0.00e+00
   18    10   0.00e+00
   18    11   0.00e+00
   18    12  3.39e-107
   18    13   9.13e-19
   18    14   2.88e-12
   18    15   8.49e-07
   18    16   2.13e-04
   18    17   1.68e-04
   18    18   8.02e-06
   18    19   9.79e-06
   18    20   3.17e-09
   18    21   1.08e-24
   18    22   5.16e-33
   18    23   3.36e-59
   18    24   0.00e+00
   18    25   0.00e+00
   18    26   0.00e+00
   18    27   0.00e+00
   18    28   0.00e+00
   18    29   0.00e+00
   18    30   0.00e+00
   18    31   0.00e+00
   18    32   0.00e+00
   18    33   0.00e+00
   18    34   0.00e+00
   18    35   0.00e+00
   18    36   0.00e+00
   18    37   0.00e+00
   18    38   0.00e+00
   18    39   0.00e+00
   18    40   0.00e+00
   18    41   0.00e+00
   18    42   0.00e+00
   19    10   0.00e+00
   19    11   0.00e+00
   19    12   0.00e+00
   19    13   2.33e-49
   19    14   1.10e-40
   19    15   6.98e-22
   19    16   3.05e-11
   19    17   3.83e-06
   19    18   3.63e-05
   19    19   7.03e-06
   19    20   1.05e-06
   19    21   3.34e-21
   19    22   1.20e-21
   19    23   9.63e-36
   19    24   5.15e-50
   19    25  8.57e-100
   19    26   0.00e+00
   19    27   0.00e+00
   19    28   0.00e+00
   19    29   0.00e+00
   19    30   0.00e+00
   19    31   0.00e+00
   19    32   0.00e+00
   19    33   0.00e+00
   19    34   0.00e+00
   19    35   0.00e+00
   19    36   0.00e+00
   19    37   0.00e+00
   19    38   0.00e+00
   19    39   0.00e+00
   19    40   0.00e+00
   19    41   0.00e+00
   20    10   0.00e+00
   20    11   0.00e+00
   20    12   0.00e+00
   20    13   0.00e+00
   20    14  1.29e-107
   20    15   1.20e-24
   20    16   1.33e-13
   20    17   2.82e-08
   20    18   3.71e-06
   20    19   1.88e-06
   20    20   9.20e-07
   20    21   1.02e-08
   20    22   2.21e-09
   20    23   6.93e-14
   20    24   5.14e-19
   20    25   1.85e-33
   20    26   0.00e+00
   20    27   0.00e+00
   20    28   0.00e+00
   20    29   0.00e+00
   20    30   0.00e+00
   20    31   0.00e+00
   20    32   0.00e+00
   20    33   0.00e+00
   20    34   0.00e+00
   20    35   0.00e+00
   20    36   0.00e+00
   20    37   0.00e+00
   20    38   0.00e+00
   20    39   0.00e+00
   20    40   0.00e+00
   21    11   0.00e+00
   21    12   0.00e+00
   21    13   0.00e+00
   21    14   0.00e+00
   21    15   6.17e-57
   21    16   1.89e-45
   21    17   3.44e-27
   21    18   1.17e-20
   21    19   6.99e-10
   21    20   2.95e-09
   21    21   1.51e-09
   21    22   1.68e-09
   21    23   1.57e-14
   21    24   9.75e-17
   21    25   2.05e-30
   21    26   1.88e-40
   21    27   0.00e+00
   21    28   0.00e+00
   21    29   0.00e+00
   21    30   0.00e+00
   21    31   0.00e+00
   21    32   0.00e+00
   21    33   0.00e+00
   21    34   0.00e+00
   21    35   0.00e+00
   21    36   0.00e+00
   21    37   0.00e+00
   21    38   0.00e+00
   21    39   0.00e+00
   22    12   0.00e+00
   22    13   0.00e+00
   22    14   0.00e+00
   22    15   0.00e+00
   22    16  8.51e-131
   22    17   2.54e-50
   22    18   2.30e-24
   22    19   1.24e-12
   22    20   7.00e-11
   22    21   2.28e-10
   22    22   1.90e-10
   22    23   2.26e-12
   22    24   2.98e-14
   22    25   4.31e-19
   22    26   1.39e-27
   22    27   2.53e-32
   22    28   0.00e+00
   22    29   0.00e+00
   22    30   0.00e+00
   22    31   0.00e+00
   22    32   0.00e+00
   22    33   0.00e+00
   22    34   0.00e+00
   22    35   0.00e+00
   22    36   0.00e+00
   22    37   0.00e+00
   22    38   0.00e+00
   23    13   0.00e+00
   23    14   0.00e+00
   23    15   0.00e+00
   23    16   0.00e+00
   23    17  4.42e-152
   23    18   9.62e-49
   23    19   4.56e-23
   23    20   2.74e-18
   23    21   8.61e-13
   23    22   1.42e-12
   23    23   1.94e-14
   23    24   1.91e-15
   23    25   5.41e-21
   23    26   2.45e-24
   23    27   5.26e-38
   23    28   0.00e+00
   23    29   0.00e+00
   23    30   0.00e+00
   23    31   0.00e+00
   23    32   0.00e+00
   23    33   0.00e+00
   23    34   0.00e+00
   23    35   0.00e+00
   23    36   0.00e+00
   23    37   0.00e+00
   24    14   0.00e+00
   24    15   0.00e+00
   24    16   0.00e+00
   24    17   0.00e+00
   24    18   0.00e+00
   24    19   6.66e-27
   24    20   1.33e-21
   24    21   1.21e-15
   24    22   6.77e-16
   24    23   8.53e-16
   24    24   1.61e-17
   24    25   1.59e-20
   24    26   1.67e-23
   24    27   2.63e-37
   24    28   4.07e-47
   24    29   0.00e+00
   24    30   0.00e+00
   24    31   0.00e+00
   24    32   0.00e+00
   24    33   0.00e+00
   24    34   0.00e+00
   24    35   0.00e+00
   24    36   0.00e+00
   25    15   0.00e+00
   25    16   0.00e+00
   25    17   0.00e+00
   25    18   0.00e+00
   25    19   2.16e-57
   25    20   8.88e-42
   25    21   1.33e-20
   25    22   3.29e-22
   25    23   5.25e-19
   25    24   9.84e-21
   25    25   8.70e-24
   25    26   2.35e-26
   25    27   4.61e-44
   25    28   2.23e-47
   25    29   0.00e+00
   25    30   0.00e+00
   25    31   0.00e+00
   25    32   0.00e+00
   25    33   0.00e+00
   25    34   0.00e+00
   25    35   0.00e+00
   26    16   0.00e+00
   26    17   0.00e+00
   26    18   0.00e+00
   26    19   4.58e-65
   26    20  3.39e-137
   26    21   9.91e-26
   26    22   6.59e-27
   26    23   2.77e-23
   26    24   1.26e-24
   26    25   6.79e-27
   26    26   1.23e-41
   26    27   6.72e-44
   26    28   6.38e-47
   26    29   0.00e+00
   26    30   0.00e+00
   26    31   0.00e+00
   26    32   0.00e+00
   26    33   0.00e+00
   26    34   0.00e+00
   27    17   0.00e+00
   27    18   0.00e+00
   27    19   0.00e+00
   27    20   0.00e+00
   27    21   2.16e-43
   27    22   6.80e-48
   27    23   3.07e-28
   27    24   2.85e-29
   27    25   7.67e-46
   27    26   4.92e-48
   27    27   2.28e-51
   27    28   0.00e+00
   27    29   0.00e+00
   27    30   0.00e+00
   27    31   0.00e+00
   27    32   0.00e+00
   27    33   0.00e+00
   28    18   0.00e+00
   28    19   0.00e+00
   28    20   0.00e+00
   28    21   0.00e+00
   28    22  1.61e-134
   28    23   3.77e-57
   28    24   5.94e-54
   28    25   3.97e-50
   28    26   1.63e-51
   28    27   0.00e+00
   28    28   0.00e+00
   28    29   0.00e+00
   28    30   0.00e+00
   28    31   0.00e+00
   28    32   0.00e+00
   29    19   0.00e+00
   29    20   0.00e+00
   29    21   0.00e+00
   29    22   0.00e+00
   29    23   0.00e+00
   29    24   0.00e+00
   29    25   0.00e+00
   29    26   0.00e+00
   29    27   0.00e+00
   29    28   0.00e+00
   29    29   0.00e+00
   29    30   0.00e+00
   29    31   0.00e+00
   30    21   0.00e+00
   30    22   0.00e+00
   30    23   0.00e+00
   30    24   0.00e+00
   30    25   0.00e+00
   30    26   0.00e+00
   30    27   0.00e+00
   30    28   0.00e+00
   30    29   0.00e+00
   30    30   0.00e+00
   31    22   0.00e+00
   31    23   0.00e+00
   31    24   0.00e+00
   31    25   0.00e+00
   31    26   0.00e+00
   31    27   0.00e+00
   31    28   0.00e+00
   31    29   0.00e+00
   32    23   0.00e+00
   32    24   0.00e+00
   32    25   0.00e+00
   32    26   0.00e+00
   32    27   0.00e+00
   32    28   0.00e+00
   33    24   0.00e+00
   33    25   0.00e+00
   33    26   0.00e+00
   33    27   0.00e+00
   34    25   0.00e+00
   34    26   0.00e+00
    0     1   6.86e-24
    1     0   2.56e-01
    2     2   3.97e-02
