    1     1   2.87e-19
    1     2   3.03e-31
    2     1   4.28e-15
    2     4   1.18e-60
    2     5   0.00e+00
    2     6   0.00e+00
    2     7   0.00e+00
    2     8   0.00e+00
    3     3   1.59e-28
    3     4   4.83e-24
    3     5   6.62e-46
    3     6   0.00e+00
    3     7   0.00e+00
    3     8   0.00e+00
    4     3   6.72e-08
    4     4   0.00e+00
    4     5   2.52e-35
    4     6   2.28e-58
    4     7  6.60e-193
    4     8   0.00e+00
    4     9   0.00e+00
    4    10   0.00e+00
    5     3   7.08e-13
    5     4   0.00e+00
    5     5   1.91e-23
    5     6   7.39e-22
    5     7   5.17e-45
    5     8   0.00e+00
    5     9   0.00e+00
    5    10   0.00e+00
    5    12   0.00e+00
    5    14   0.00e+00
    6     3   5.79e-10
    6     4   2.53e-21
    6     5   5.27e-10
    6     6   2.63e-09
    6     7   3.25e-15
    6     8   1.81e-25
    6     9   1.37e-49
    6    10   0.00e+00
    6    11   0.00e+00
    6    12   0.00e+00
    6    13   0.00e+00
    6    14   0.00e+00
    6    16   0.00e+00
    7     4   0.00e+00
    7     5   2.46e-11
    7     6   9.99e-09
    7     7   5.12e-09
    7     8   2.16e-13
    7     9   2.69e-36
    7    10   0.00e+00
    7    11   0.00e+00
    7    12   0.00e+00
    7    13   0.00e+00
    7    14   0.00e+00
    7    15   0.00e+00
    7    16   0.00e+00
    8     5   1.35e-10
    8     6   5.78e-05
    8     7   1.04e-03
    8     8   7.59e-05
    8     9   9.07e-10
    8    10   3.03e-18
    8    11   3.27e-40
    8    12   0.00e+00
    8    13   0.00e+00
    8    14   0.00e+00
    8    15   0.00e+00
    8    16   0.00e+00
    8    17   0.00e+00
    8    18   0.00e+00
    8    20   0.00e+00
    8    22   0.00e+00
    9     5   0.00e+00
    9     6   3.15e-30
    9     7   1.22e-17
    9     8   1.34e-03
    9     9   3.57e-08
    9    10   6.41e-15
    9    11   1.08e-33
    9    12   1.28e-90
    9    13  5.04e-166
    9    14   0.00e+00
    9    15   0.00e+00
    9    16   0.00e+00
    9    17   0.00e+00
    9    18   0.00e+00
    9    19   0.00e+00
    9    20   0.00e+00
    9    21   0.00e+00
    9    22   0.00e+00
    9    28   0.00e+00
   10     6   4.55e-76
   10     7   1.17e-23
   10     8   6.94e-03
   10     9   1.36e-07
   10    10   1.04e-03
   10    11   4.23e-12
   10    12   7.61e-18
   10    13   8.18e-38
   10    14   0.00e+00
   10    15   0.00e+00
   10    16   0.00e+00
   10    17   0.00e+00
   10    18   0.00e+00
   10    19   0.00e+00
   10    20   0.00e+00
   10    21   0.00e+00
   10    22   0.00e+00
   10    23   0.00e+00
   10    24   0.00e+00
   10    25   0.00e+00
   10    26   0.00e+00
   10    27   0.00e+00
   10    28   0.00e+00
   10    29   0.00e+00
   10    30   0.00e+00
   10    31   0.00e+00
   11     7   0.00e+00
   11     8   3.38e-13
   11     9   4.94e-08
   11    10   2.56e-06
   11    11   4.18e-07
   11    12   4.45e-10
   11    13   5.61e-28
   11    14   1.11e-64
   11    15  1.16e-147
   11    16   0.00e+00
   11    17   0.00e+00
   11    18   0.00e+00
   11    19   0.00e+00
   11    20   0.00e+00
   11    21   0.00e+00
   11    22   0.00e+00
   11    23   0.00e+00
   11    24   0.00e+00
   11    25   0.00e+00
   11    26   0.00e+00
   11    27   0.00e+00
   11    28   0.00e+00
   11    29   0.00e+00
   11    30   0.00e+00
   11    31   0.00e+00
   11    32   0.00e+00
   11    33   0.00e+00
   12     7  8.88e-144
   12     8   8.80e-11
   12     9   1.09e-07
   12    10   1.08e-02
   12    11   1.24e-04
   12    12   2.81e-08
   12    13   3.39e-10
   12    14   6.18e-18
   12    15   1.77e-36
   12    16   1.42e-61
   12    17   0.00e+00
   12    18   0.00e+00
   12    19   0.00e+00
   12    20   0.00e+00
   12    21   0.00e+00
   12    22   0.00e+00
   12    23   0.00e+00
   12    24   0.00e+00
   12    25   0.00e+00
   12    26   0.00e+00
   12    27   0.00e+00
   12    28   0.00e+00
   12    29   0.00e+00
   12    30   0.00e+00
   12    31   0.00e+00
   12    32   0.00e+00
   12    33   0.00e+00
   12    34   0.00e+00
   12    35   0.00e+00
   13     8   9.79e-33
   13     9   1.70e-23
   13    10   2.53e-07
   13    11   3.54e-05
   13    12   9.00e-06
   13    13   4.85e-09
   13    14   2.06e-08
   13    15   3.71e-25
   13    16   1.03e-41
   13    17  1.14e-119
   13    18   0.00e+00
   13    19   0.00e+00
   13    20   0.00e+00
   13    21   0.00e+00
   13    22   0.00e+00
   13    23   0.00e+00
   13    24   0.00e+00
   13    25   0.00e+00
   13    26   0.00e+00
   13    27   0.00e+00
   13    28   0.00e+00
   13    29   0.00e+00
   13    30   0.00e+00
   13    31   0.00e+00
   13    32   0.00e+00
   13    33   0.00e+00
   13    34   0.00e+00
   13    35   0.00e+00
   13    36   0.00e+00
   13    37   0.00e+00
   13    38   0.00e+00
   14     8  3.18e-129
   14     9   3.31e-22
   14    10   1.86e-06
   14    11   2.48e-04
   14    12   1.03e-05
   14    13   3.54e-05
   14    14   6.53e-05
   14    15   6.49e-08
   14    16   9.06e-10
   14    17   1.77e-26
   14    18   6.43e-40
   14    19  6.59e-111
   14    20   0.00e+00
   14    21   0.00e+00
   14    22   0.00e+00
   14    23   0.00e+00
   14    24   0.00e+00
   14    25   0.00e+00
   14    26   0.00e+00
   14    27   0.00e+00
   14    28   0.00e+00
   14    29   0.00e+00
   14    30   0.00e+00
   14    31   0.00e+00
   14    32   0.00e+00
   14    33   0.00e+00
   14    34   0.00e+00
   14    35   0.00e+00
   14    36   0.00e+00
   14    37   0.00e+00
   14    38   0.00e+00
   14    39   0.00e+00
   14    40   0.00e+00
   15     8   0.00e+00
   15     9  2.57e-135
   15    10   1.66e-23
   15    11   2.32e-09
   15    12   6.60e-04
   15    13   5.45e-05
   15    14   4.74e-04
   15    15   2.69e-05
   15    16   3.48e-07
   15    17   3.93e-23
   15    18   4.92e-25
   15    19   4.24e-41
   15    20   1.40e-87
   15    21   0.00e+00
   15    22   0.00e+00
   15    23   0.00e+00
   15    24   0.00e+00
   15    25   0.00e+00
   15    26   0.00e+00
   15    27   0.00e+00
   15    28   0.00e+00
   15    29   0.00e+00
   15    30   0.00e+00
   15    31   0.00e+00
   15    32   0.00e+00
   15    33   0.00e+00
   15    34   0.00e+00
   15    35   0.00e+00
   15    36   0.00e+00
   15    37   0.00e+00
   15    38   0.00e+00
   15    39   0.00e+00
   15    40   0.00e+00
   15    41   0.00e+00
   15    42   0.00e+00
   16     8   0.00e+00
   16     9   0.00e+00
   16    10   2.88e-28
   16    11   2.23e-10
   16    12   1.28e-07
   16    13   9.50e-04
   16    14   1.81e-03
   16    15   2.23e-04
   16    16   4.84e-06
   16    17   3.25e-08
   16    18   1.64e-09
   16    19   1.31e-24
   16    20   8.80e-38
   16    21   2.09e-88
   16    22   0.00e+00
   16    23   0.00e+00
   16    24   0.00e+00
   16    25   0.00e+00
   16    26   0.00e+00
   16    27   0.00e+00
   16    28   0.00e+00
   16    29   0.00e+00
   16    30   0.00e+00
   16    31   0.00e+00
   16    32   0.00e+00
   16    33   0.00e+00
   16    34   0.00e+00
   16    35   0.00e+00
   16    36   0.00e+00
   16    37   0.00e+00
   16    38   0.00e+00
   16    39   0.00e+00
   16    40   0.00e+00
   16    41   0.00e+00
   16    42   0.00e+00
   16    43   0.00e+00
   16    44   0.00e+00
   17     8   0.00e+00
   17     9   0.00e+00
   17    10   0.00e+00
   17    11   3.42e-39
   17    12   2.04e-36
   17    13   6.85e-15
   17    14   4.76e-06
   17    15   6.18e-06
   17    16   2.36e-06
   17    17   1.74e-07
   17    18   8.28e-09
   17    19   8.94e-24
   17    20   2.80e-16
   17    21   2.06e-31
   17    22   8.31e-45
   17    23   0.00e+00
   17    24   0.00e+00
   17    25   0.00e+00
   17    26   0.00e+00
   17    27   0.00e+00
   17    28   0.00e+00
   17    29   0.00e+00
   17    30   0.00e+00
   17    31   0.00e+00
   17    32   0.00e+00
   17    33   0.00e+00
   17    34   0.00e+00
   17    35   0.00e+00
   17    36   0.00e+00
   17    37   0.00e+00
   17    38   0.00e+00
   17    39   0.00e+00
   17    40   0.00e+00
   17    41   0.00e+00
   17    42   0.00e+00
   17    43   0.00e+00
   18     9   0.00e+00
   18    10   0.00e+00
   18    11   0.00e+00
   18    12   1.41e-97
   18    13   6.51e-17
   18    14   4.68e-11
   18    15   4.70e-07
   18    16   4.72e-06
   18    17   5.94e-07
   18    18   6.04e-09
   18    19   2.93e-08
   18    20   1.00e-10
   18    21   1.90e-25
   18    22   9.98e-36
   18    23   4.64e-54
   18    24   0.00e+00
   18    25   0.00e+00
   18    26   0.00e+00
   18    27   0.00e+00
   18    28   0.00e+00
   18    29   0.00e+00
   18    30   0.00e+00
   18    31   0.00e+00
   18    32   0.00e+00
   18    33   0.00e+00
   18    34   0.00e+00
   18    35   0.00e+00
   18    36   0.00e+00
   18    37   0.00e+00
   18    38   0.00e+00
   18    39   0.00e+00
   18    40   0.00e+00
   18    41   0.00e+00
   18    42   0.00e+00
   19    10   0.00e+00
   19    11   0.00e+00
   19    12   0.00e+00
   19    13   7.76e-47
   19    14   8.19e-39
   19    15   1.58e-21
   19    16   3.10e-12
   19    17   2.05e-08
   19    18   2.40e-07
   19    19   1.01e-07
   19    20   5.07e-08
   19    21   1.15e-21
   19    22   1.84e-23
   19    23   2.38e-37
   19    24   2.64e-53
   19    25  3.42e-105
   19    26   0.00e+00
   19    27   0.00e+00
   19    28   0.00e+00
   19    29   0.00e+00
   19    30   0.00e+00
   19    31   0.00e+00
   19    32   0.00e+00
   19    33   0.00e+00
   19    34   0.00e+00
   19    35   0.00e+00
   19    36   0.00e+00
   19    37   0.00e+00
   19    38   0.00e+00
   19    39   0.00e+00
   19    40   0.00e+00
   19    41   0.00e+00
   20    10   0.00e+00
   20    11   0.00e+00
   20    12   0.00e+00
   20    13   0.00e+00
   20    14   4.90e-96
   20    15   2.79e-23
   20    16   6.78e-14
   20    17   4.84e-10
   20    18   2.79e-07
   20    19   7.61e-08
   20    20   5.01e-07
   20    21   9.21e-10
   20    22   2.23e-11
   20    23   1.67e-17
   20    24   3.41e-24
   20    25   1.21e-38
   20    26   0.00e+00
   20    27   0.00e+00
   20    28   0.00e+00
   20    29   0.00e+00
   20    30   0.00e+00
   20    31   0.00e+00
   20    32   0.00e+00
   20    33   0.00e+00
   20    34   0.00e+00
   20    35   0.00e+00
   20    36   0.00e+00
   20    37   0.00e+00
   20    38   0.00e+00
   20    39   0.00e+00
   20    40   0.00e+00
   21    11   0.00e+00
   21    12   0.00e+00
   21    13   0.00e+00
   21    14   0.00e+00
   21    15   6.82e-55
   21    16   4.59e-45
   21    17   2.48e-28
   21    18   3.59e-21
   21    19   9.72e-11
   21    20   4.22e-09
   21    21   2.34e-10
   21    22   4.73e-12
   21    23   1.13e-18
   21    24   6.31e-22
   21    25   1.30e-35
   21    26   2.96e-58
   21    27   0.00e+00
   21    28   0.00e+00
   21    29   0.00e+00
   21    30   0.00e+00
   21    31   0.00e+00
   21    32   0.00e+00
   21    33   0.00e+00
   21    34   0.00e+00
   21    35   0.00e+00
   21    36   0.00e+00
   21    37   0.00e+00
   21    38   0.00e+00
   21    39   0.00e+00
   22    12   0.00e+00
   22    13   0.00e+00
   22    14   0.00e+00
   22    15   0.00e+00
   22    16  8.44e-131
   22    17   8.32e-48
   22    18   2.24e-23
   22    19   9.48e-13
   22    20   3.20e-10
   22    21   1.73e-11
   22    22   2.24e-13
   22    23   1.79e-16
   22    24   1.06e-19
   22    25   4.55e-26
   22    26   7.91e-43
   22    27   0.00e+00
   22    28   0.00e+00
   22    29   0.00e+00
   22    30   0.00e+00
   22    31   0.00e+00
   22    32   0.00e+00
   22    33   0.00e+00
   22    34   0.00e+00
   22    35   0.00e+00
   22    36   0.00e+00
   22    37   0.00e+00
   22    38   0.00e+00
   23    13   0.00e+00
   23    14   0.00e+00
   23    15   0.00e+00
   23    16   0.00e+00
   23    17  5.48e-136
   23    18   4.16e-47
   23    19   1.37e-22
   23    20   4.79e-17
   23    21   1.65e-13
   23    22   1.80e-15
   23    23   1.05e-18
   23    24   2.52e-21
   23    25   4.62e-30
   23    26   2.56e-43
   23    27   0.00e+00
   23    28   0.00e+00
   23    29   0.00e+00
   23    30   0.00e+00
   23    31   0.00e+00
   23    32   0.00e+00
   23    33   0.00e+00
   23    34   0.00e+00
   23    35   0.00e+00
   23    36   0.00e+00
   23    37   0.00e+00
   24    14   0.00e+00
   24    15   0.00e+00
   24    16   0.00e+00
   24    17   0.00e+00
   24    18   0.00e+00
   24    19   1.76e-25
   24    20   1.65e-19
   24    21   9.04e-16
   24    22   8.42e-19
   24    23   2.13e-20
   24    24   9.53e-24
   24    25   2.14e-37
   24    26   1.84e-41
   24    27   0.00e+00
   24    28   0.00e+00
   24    29   0.00e+00
   24    30   0.00e+00
   24    31   0.00e+00
   24    32   0.00e+00
   24    33   0.00e+00
   24    34   0.00e+00
   24    35   0.00e+00
   24    36   0.00e+00
   25    15   0.00e+00
   25    16   0.00e+00
   25    17   0.00e+00
   25    18   0.00e+00
   25    19   5.50e-48
   25    20   4.73e-39
   25    21   5.14e-20
   25    22   2.45e-24
   25    23   1.64e-23
   25    24   3.85e-27
   25    25   5.64e-44
   25    26   4.21e-46
   25    27   0.00e+00
   25    28   0.00e+00
   25    29   0.00e+00
   25    30   0.00e+00
   25    31   0.00e+00
   25    32   0.00e+00
   25    33   0.00e+00
   25    34   0.00e+00
   25    35   0.00e+00
   26    16   0.00e+00
   26    17   0.00e+00
   26    18   0.00e+00
   26    19   1.18e-53
   26    20  1.16e-122
   26    21   2.27e-24
   26    22   2.00e-28
   26    23   2.76e-27
   26    24   1.82e-45
   26    25   3.26e-47
   26    26   1.41e-48
   26    27   0.00e+00
   26    28   0.00e+00
   26    29   0.00e+00
   26    30   0.00e+00
   26    31   0.00e+00
   26    32   0.00e+00
   26    33   0.00e+00
   26    34   0.00e+00
   27    17   0.00e+00
   27    18   0.00e+00
   27    19   0.00e+00
   27    20   0.00e+00
   27    21   2.06e-41
   27    22  9.37e-108
   27    23   7.59e-48
   27    24   5.72e-52
   27    25   1.34e-51
   27    26   0.00e+00
   27    27   0.00e+00
   27    28   0.00e+00
   27    29   0.00e+00
   27    30   0.00e+00
   27    31   0.00e+00
   27    32   0.00e+00
   27    33   0.00e+00
   28    18   0.00e+00
   28    19   0.00e+00
   28    20   0.00e+00
   28    21   0.00e+00
   28    22  6.98e-122
   28    23   3.70e-53
   28    24   0.00e+00
   28    25   0.00e+00
   28    26   0.00e+00
   28    27   0.00e+00
   28    28   0.00e+00
   28    29   0.00e+00
   28    30   0.00e+00
   28    31   0.00e+00
   28    32   0.00e+00
   29    19   0.00e+00
   29    20   0.00e+00
   29    21   0.00e+00
   29    22   0.00e+00
   29    23   0.00e+00
   29    24   0.00e+00
   29    25   0.00e+00
   29    26   0.00e+00
   29    27   0.00e+00
   29    28   0.00e+00
   29    29   0.00e+00
   29    30   0.00e+00
   29    31   0.00e+00
   30    21   0.00e+00
   30    22   0.00e+00
   30    23   0.00e+00
   30    24   0.00e+00
   30    25   0.00e+00
   30    26   0.00e+00
   30    27   0.00e+00
   30    28   0.00e+00
   30    29   0.00e+00
   30    30   0.00e+00
   31    22   0.00e+00
   31    23   0.00e+00
   31    24   0.00e+00
   31    25   0.00e+00
   31    26   0.00e+00
   31    27   0.00e+00
   31    28   0.00e+00
   31    29   0.00e+00
   32    23   0.00e+00
   32    24   0.00e+00
   32    25   0.00e+00
   32    26   0.00e+00
   32    27   0.00e+00
   32    28   0.00e+00
   33    24   0.00e+00
   33    25   0.00e+00
   33    26   0.00e+00
   33    27   0.00e+00
   34    25   0.00e+00
   34    26   0.00e+00
    0     1   1.96e-23
    1     0   3.01e-01
    2     2   3.43e-02
