    1     1   3.28e-19
    1     2   2.61e-26
    2     1   2.32e-10
    2     4   1.91e-63
    2     5   0.00e+00
    2     6   0.00e+00
    2     7   0.00e+00
    2     8   0.00e+00
    3     3   1.60e-28
    3     4   4.17e-24
    3     5   3.01e-46
    3     6   0.00e+00
    3     7   0.00e+00
    3     8   0.00e+00
    4     3   1.01e-07
    4     4   0.00e+00
    4     5   1.42e-34
    4     6   2.54e-60
    4     7   0.00e+00
    4     8   0.00e+00
    4     9   0.00e+00
    4    10   0.00e+00
    5     3   4.40e-12
    5     4   0.00e+00
    5     5   3.86e-24
    5     6   1.88e-22
    5     7   3.15e-45
    5     8   0.00e+00
    5     9   0.00e+00
    5    10   0.00e+00
    5    12   0.00e+00
    5    14   0.00e+00
    6     3   1.47e-09
    6     4   2.30e-23
    6     5   3.15e-10
    6     6   4.98e-10
    6     7   3.65e-16
    6     8   1.83e-25
    6     9   3.32e-49
    6    10   0.00e+00
    6    11   0.00e+00
    6    12   0.00e+00
    6    13   0.00e+00
    6    14   0.00e+00
    6    16   0.00e+00
    7     4   0.00e+00
    7     5   1.40e-11
    7     6   2.10e-09
    7     7   1.25e-08
    7     8   3.69e-14
    7     9   1.08e-36
    7    10   0.00e+00
    7    11   0.00e+00
    7    12   0.00e+00
    7    13   0.00e+00
    7    14   0.00e+00
    7    15   0.00e+00
    7    16   0.00e+00
    8     5   1.18e-10
    8     6   5.68e-05
    8     7   3.64e-04
    8     8   3.15e-04
    8     9   2.88e-09
    8    10   1.37e-19
    8    11   3.62e-41
    8    12   0.00e+00
    8    13   0.00e+00
    8    14   0.00e+00
    8    15   0.00e+00
    8    16   0.00e+00
    8    17   0.00e+00
    8    18   0.00e+00
    8    20   0.00e+00
    8    22   0.00e+00
    9     5   0.00e+00
    9     6   8.89e-31
    9     7   5.81e-18
    9     8   7.24e-03
    9     9   4.08e-09
    9    10   6.46e-16
    9    11   2.94e-34
    9    12   4.95e-96
    9    13   0.00e+00
    9    14   0.00e+00
    9    15   0.00e+00
    9    16   0.00e+00
    9    17   0.00e+00
    9    18   0.00e+00
    9    19   0.00e+00
    9    20   0.00e+00
    9    21   0.00e+00
    9    22   0.00e+00
    9    28   0.00e+00
   10     6   3.58e-92
   10     7   1.34e-25
   10     8   1.48e-03
   10     9   2.65e-08
   10    10   8.81e-03
   10    11   1.34e-11
   10    12   8.14e-17
   10    13   2.38e-36
   10    14   0.00e+00
   10    15   0.00e+00
   10    16   0.00e+00
   10    17   0.00e+00
   10    18   0.00e+00
   10    19   0.00e+00
   10    20   0.00e+00
   10    21   0.00e+00
   10    22   0.00e+00
   10    23   0.00e+00
   10    24   0.00e+00
   10    25   0.00e+00
   10    26   0.00e+00
   10    27   0.00e+00
   10    28   0.00e+00
   10    29   0.00e+00
   10    30   0.00e+00
   10    31   0.00e+00
   11     7   0.00e+00
   11     8   1.36e-13
   11     9   3.74e-09
   11    10   1.74e-05
   11    11   6.18e-08
   11    12   1.23e-10
   11    13   4.45e-28
   11    14   3.07e-66
   11    15  3.48e-154
   11    16   0.00e+00
   11    17   0.00e+00
   11    18   0.00e+00
   11    19   0.00e+00
   11    20   0.00e+00
   11    21   0.00e+00
   11    22   0.00e+00
   11    23   0.00e+00
   11    24   0.00e+00
   11    25   0.00e+00
   11    26   0.00e+00
   11    27   0.00e+00
   11    28   0.00e+00
   11    29   0.00e+00
   11    30   0.00e+00
   11    31   0.00e+00
   11    32   0.00e+00
   11    33   0.00e+00
   12     7   0.00e+00
   12     8   2.81e-12
   12     9   2.34e-09
   12    10   3.53e-03
   12    11   6.74e-05
   12    12   9.62e-10
   12    13   1.12e-10
   12    14   1.55e-18
   12    15   1.28e-36
   12    16   1.89e-61
   12    17   0.00e+00
   12    18   0.00e+00
   12    19   0.00e+00
   12    20   0.00e+00
   12    21   0.00e+00
   12    22   0.00e+00
   12    23   0.00e+00
   12    24   0.00e+00
   12    25   0.00e+00
   12    26   0.00e+00
   12    27   0.00e+00
   12    28   0.00e+00
   12    29   0.00e+00
   12    30   0.00e+00
   12    31   0.00e+00
   12    32   0.00e+00
   12    33   0.00e+00
   12    34   0.00e+00
   12    35   0.00e+00
   13     8   1.26e-34
   13     9   1.13e-25
   13    10   1.46e-07
   13    11   1.42e-05
   13    12   5.46e-06
   13    13   3.38e-09
   13    14   2.81e-08
   13    15   1.59e-24
   13    16   1.62e-40
   13    17  3.25e-123
   13    18   0.00e+00
   13    19   0.00e+00
   13    20   0.00e+00
   13    21   0.00e+00
   13    22   0.00e+00
   13    23   0.00e+00
   13    24   0.00e+00
   13    25   0.00e+00
   13    26   0.00e+00
   13    27   0.00e+00
   13    28   0.00e+00
   13    29   0.00e+00
   13    30   0.00e+00
   13    31   0.00e+00
   13    32   0.00e+00
   13    33   0.00e+00
   13    34   0.00e+00
   13    35   0.00e+00
   13    36   0.00e+00
   13    37   0.00e+00
   13    38   0.00e+00
   14     8  2.14e-150
   14     9  2.23e-129
   14    10   3.13e-07
   14    11   1.37e-05
   14    12   1.40e-05
   14    13   7.71e-05
   14    14   2.12e-04
   14    15   5.93e-08
   14    16   6.34e-10
   14    17   5.76e-26
   14    18   2.68e-40
   14    19  1.99e-114
   14    20   0.00e+00
   14    21   0.00e+00
   14    22   0.00e+00
   14    23   0.00e+00
   14    24   0.00e+00
   14    25   0.00e+00
   14    26   0.00e+00
   14    27   0.00e+00
   14    28   0.00e+00
   14    29   0.00e+00
   14    30   0.00e+00
   14    31   0.00e+00
   14    32   0.00e+00
   14    33   0.00e+00
   14    34   0.00e+00
   14    35   0.00e+00
   14    36   0.00e+00
   14    37   0.00e+00
   14    38   0.00e+00
   14    39   0.00e+00
   14    40   0.00e+00
   15     8   0.00e+00
   15     9  7.79e-154
   15    10   2.34e-24
   15    11   5.33e-10
   15    12   1.17e-03
   15    13   4.20e-04
   15    14   7.82e-04
   15    15   5.21e-06
   15    16   1.05e-08
   15    17   4.85e-24
   15    18   6.10e-25
   15    19   1.97e-40
   15    20   9.22e-51
   15    21   0.00e+00
   15    22   0.00e+00
   15    23   0.00e+00
   15    24   0.00e+00
   15    25   0.00e+00
   15    26   0.00e+00
   15    27   0.00e+00
   15    28   0.00e+00
   15    29   0.00e+00
   15    30   0.00e+00
   15    31   0.00e+00
   15    32   0.00e+00
   15    33   0.00e+00
   15    34   0.00e+00
   15    35   0.00e+00
   15    36   0.00e+00
   15    37   0.00e+00
   15    38   0.00e+00
   15    39   0.00e+00
   15    40   0.00e+00
   15    41   0.00e+00
   15    42   0.00e+00
   16     8   0.00e+00
   16     9   0.00e+00
   16    10   1.85e-28
   16    11   4.27e-11
   16    12   1.89e-08
   16    13   1.30e-03
   16    14   1.88e-04
   16    15   1.01e-05
   16    16   3.31e-06
   16    17   1.24e-08
   16    18   9.24e-09
   16    19   4.07e-23
   16    20   1.15e-35
   16    21   3.62e-86
   16    22   8.41e-76
   16    23   0.00e+00
   16    24   0.00e+00
   16    25   0.00e+00
   16    26   0.00e+00
   16    27   0.00e+00
   16    28   0.00e+00
   16    29   0.00e+00
   16    30   0.00e+00
   16    31   0.00e+00
   16    32   0.00e+00
   16    33   0.00e+00
   16    34   0.00e+00
   16    35   0.00e+00
   16    36   0.00e+00
   16    37   0.00e+00
   16    38   0.00e+00
   16    39   0.00e+00
   16    40   0.00e+00
   16    41   0.00e+00
   16    42   0.00e+00
   16    43   0.00e+00
   16    44   0.00e+00
   17     8   0.00e+00
   17     9   0.00e+00
   17    10   0.00e+00
   17    11   1.25e-40
   17    12   5.25e-38
   17    13   1.84e-14
   17    14   1.37e-06
   17    15   1.43e-08
   17    16   4.12e-07
   17    17   9.77e-09
   17    18   5.28e-08
   17    19   2.71e-22
   17    20   2.86e-09
   17    21   8.52e-24
   17    22   8.89e-38
   17    23   0.00e+00
   17    24   0.00e+00
   17    25   0.00e+00
   17    26   0.00e+00
   17    27   0.00e+00
   17    28   0.00e+00
   17    29   0.00e+00
   17    30   0.00e+00
   17    31   0.00e+00
   17    32   0.00e+00
   17    33   0.00e+00
   17    34   0.00e+00
   17    35   0.00e+00
   17    36   0.00e+00
   17    37   0.00e+00
   17    38   0.00e+00
   17    39   0.00e+00
   17    40   0.00e+00
   17    41   0.00e+00
   17    42   0.00e+00
   17    43   0.00e+00
   18     9   0.00e+00
   18    10   0.00e+00
   18    11   0.00e+00
   18    12  7.81e-116
   18    13   1.43e-16
   18    14   1.02e-12
   18    15   4.67e-11
   18    16   4.49e-08
   18    17   9.49e-09
   18    18   4.46e-08
   18    19   5.04e-08
   18    20   7.03e-08
   18    21   2.75e-22
   18    22   7.92e-36
   18    23   5.68e-55
   18    24   0.00e+00
   18    25   0.00e+00
   18    26   0.00e+00
   18    27   0.00e+00
   18    28   0.00e+00
   18    29   0.00e+00
   18    30   0.00e+00
   18    31   0.00e+00
   18    32   0.00e+00
   18    33   0.00e+00
   18    34   0.00e+00
   18    35   0.00e+00
   18    36   0.00e+00
   18    37   0.00e+00
   18    38   0.00e+00
   18    39   0.00e+00
   18    40   0.00e+00
   18    41   0.00e+00
   18    42   0.00e+00
   19    10   0.00e+00
   19    11   0.00e+00
   19    12   0.00e+00
   19    13   2.70e-47
   19    14   3.71e-41
   19    15   1.88e-25
   19    16   1.58e-15
   19    17   1.07e-10
   19    18   5.26e-07
   19    19   7.93e-09
   19    20   5.65e-08
   19    21   7.90e-22
   19    22   4.18e-26
   19    23   2.95e-42
   19    24   1.57e-61
   19    25   0.00e+00
   19    26   0.00e+00
   19    27   0.00e+00
   19    28   0.00e+00
   19    29   0.00e+00
   19    30   0.00e+00
   19    31   0.00e+00
   19    32   0.00e+00
   19    33   0.00e+00
   19    34   0.00e+00
   19    35   0.00e+00
   19    36   0.00e+00
   19    37   0.00e+00
   19    38   0.00e+00
   19    39   0.00e+00
   19    40   0.00e+00
   19    41   0.00e+00
   20    10   0.00e+00
   20    11   0.00e+00
   20    12   0.00e+00
   20    13   0.00e+00
   20    14  7.06e-112
   20    15   1.09e-28
   20    16   1.88e-18
   20    17   1.34e-13
   20    18   2.14e-08
   20    19   3.71e-10
   20    20   4.18e-07
   20    21   2.46e-12
   20    22   8.34e-16
   20    23   1.52e-23
   20    24   5.35e-32
   20    25   0.00e+00
   20    26   0.00e+00
   20    27   0.00e+00
   20    28   0.00e+00
   20    29   0.00e+00
   20    30   0.00e+00
   20    31   0.00e+00
   20    32   0.00e+00
   20    33   0.00e+00
   20    34   0.00e+00
   20    35   0.00e+00
   20    36   0.00e+00
   20    37   0.00e+00
   20    38   0.00e+00
   20    39   0.00e+00
   20    40   0.00e+00
   21    11   0.00e+00
   21    12   0.00e+00
   21    13   0.00e+00
   21    14   0.00e+00
   21    15   0.00e+00
   21    16   1.57e-50
   21    17   5.07e-32
   21    18   3.37e-22
   21    19   5.43e-14
   21    20   7.31e-11
   21    21   3.69e-14
   21    22   1.84e-17
   21    23   1.99e-25
   21    24   2.51e-31
   21    25   1.07e-55
   21    26   0.00e+00
   21    27   0.00e+00
   21    28   0.00e+00
   21    29   0.00e+00
   21    30   0.00e+00
   21    31   0.00e+00
   21    32   0.00e+00
   21    33   0.00e+00
   21    34   0.00e+00
   21    35   0.00e+00
   21    36   0.00e+00
   21    37   0.00e+00
   21    38   0.00e+00
   21    39   0.00e+00
   22    12   0.00e+00
   22    13   0.00e+00
   22    14   0.00e+00
   22    15   0.00e+00
   22    16   0.00e+00
   22    17   0.00e+00
   22    18   4.25e-26
   22    19   8.57e-17
   22    20   2.53e-13
   22    21   2.24e-16
   22    22   5.29e-20
   22    23   4.82e-25
   22    24   4.72e-37
   22    25   2.43e-45
   22    26   0.00e+00
   22    27   0.00e+00
   22    28   0.00e+00
   22    29   0.00e+00
   22    30   0.00e+00
   22    31   0.00e+00
   22    32   0.00e+00
   22    33   0.00e+00
   22    34   0.00e+00
   22    35   0.00e+00
   22    36   0.00e+00
   22    37   0.00e+00
   22    38   0.00e+00
   23    13   0.00e+00
   23    14   0.00e+00
   23    15   0.00e+00
   23    16   0.00e+00
   23    17   0.00e+00
   23    18  5.73e-159
   23    19   2.74e-26
   23    20   1.21e-19
   23    21   1.95e-19
   23    22   3.83e-23
   23    23   3.03e-28
   23    24   3.49e-41
   23    25   5.08e-49
   23    26   0.00e+00
   23    27   0.00e+00
   23    28   0.00e+00
   23    29   0.00e+00
   23    30   0.00e+00
   23    31   0.00e+00
   23    32   0.00e+00
   23    33   0.00e+00
   23    34   0.00e+00
   23    35   0.00e+00
   23    36   0.00e+00
   23    37   0.00e+00
   24    14   0.00e+00
   24    15   0.00e+00
   24    16   0.00e+00
   24    17   0.00e+00
   24    18   0.00e+00
   24    19   0.00e+00
   24    20   3.88e-23
   24    21   8.74e-23
   24    22   1.42e-27
   24    23   1.29e-42
   24    24   4.39e-44
   24    25   3.20e-49
   24    26   0.00e+00
   24    27   0.00e+00
   24    28   0.00e+00
   24    29   0.00e+00
   24    30   0.00e+00
   24    31   0.00e+00
   24    32   0.00e+00
   24    33   0.00e+00
   24    34   0.00e+00
   24    35   0.00e+00
   24    36   0.00e+00
   25    15   0.00e+00
   25    16   0.00e+00
   25    17   0.00e+00
   25    18   0.00e+00
   25    19   0.00e+00
   25    20   6.37e-43
   25    21   4.13e-28
   25    22   6.85e-47
   25    23   3.18e-48
   25    24   9.49e-52
   25    25   0.00e+00
   25    26   0.00e+00
   25    27   0.00e+00
   25    28   0.00e+00
   25    29   0.00e+00
   25    30   0.00e+00
   25    31   0.00e+00
   25    32   0.00e+00
   25    33   0.00e+00
   25    34   0.00e+00
   25    35   0.00e+00
   26    16   0.00e+00
   26    17   0.00e+00
   26    18   0.00e+00
   26    19   0.00e+00
   26    20   0.00e+00
   26    21   0.00e+00
   26    22   6.31e-52
   26    23   3.30e-52
   26    24   0.00e+00
   26    25   0.00e+00
   26    26   0.00e+00
   26    27   0.00e+00
   26    28   0.00e+00
   26    29   0.00e+00
   26    30   0.00e+00
   26    31   0.00e+00
   26    32   0.00e+00
   26    33   0.00e+00
   26    34   0.00e+00
   27    17   0.00e+00
   27    18   0.00e+00
   27    19   0.00e+00
   27    20   0.00e+00
   27    21   0.00e+00
   27    22   0.00e+00
   27    23   0.00e+00
   27    24   0.00e+00
   27    25   0.00e+00
   27    26   0.00e+00
   27    27   0.00e+00
   27    28   0.00e+00
   27    29   0.00e+00
   27    30   0.00e+00
   27    31   0.00e+00
   27    32   0.00e+00
   27    33   0.00e+00
   28    18   0.00e+00
   28    19   0.00e+00
   28    20   0.00e+00
   28    21   0.00e+00
   28    22   0.00e+00
   28    23   0.00e+00
   28    24   0.00e+00
   28    25   0.00e+00
   28    26   0.00e+00
   28    27   0.00e+00
   28    28   0.00e+00
   28    29   0.00e+00
   28    30   0.00e+00
   28    31   0.00e+00
   28    32   0.00e+00
   29    19   0.00e+00
   29    20   0.00e+00
   29    21   0.00e+00
   29    22   0.00e+00
   29    23   0.00e+00
   29    24   0.00e+00
   29    25   0.00e+00
   29    26   0.00e+00
   29    27   0.00e+00
   29    28   0.00e+00
   29    29   0.00e+00
   29    30   0.00e+00
   29    31   0.00e+00
   30    21   0.00e+00
   30    22   0.00e+00
   30    23   0.00e+00
   30    24   0.00e+00
   30    25   0.00e+00
   30    26   0.00e+00
   30    27   0.00e+00
   30    28   0.00e+00
   30    29   0.00e+00
   30    30   0.00e+00
   31    22   0.00e+00
   31    23   0.00e+00
   31    24   0.00e+00
   31    25   0.00e+00
   31    26   0.00e+00
   31    27   0.00e+00
   31    28   0.00e+00
   31    29   0.00e+00
   32    23   0.00e+00
   32    24   0.00e+00
   32    25   0.00e+00
   32    26   0.00e+00
   32    27   0.00e+00
   32    28   0.00e+00
   33    24   0.00e+00
   33    25   0.00e+00
   33    26   0.00e+00
   33    27   0.00e+00
   34    25   0.00e+00
   34    26   0.00e+00
    0     1   3.75e-23
    1     0   3.29e-01
    2     2   3.36e-02
