    1     1   3.00e-19
    1     2   7.71e-28
    2     1   4.76e-12
    2     4   6.55e-61
    2     5   0.00e+00
    2     6   0.00e+00
    2     7   0.00e+00
    2     8   0.00e+00
    3     3   1.63e-28
    3     4   3.32e-24
    3     5   1.51e-45
    3     6   0.00e+00
    3     7   0.00e+00
    3     8   0.00e+00
    4     3   8.89e-08
    4     4   0.00e+00
    4     5   1.23e-34
    4     6   4.31e-55
    4     7  1.91e-175
    4     8   0.00e+00
    4     9   0.00e+00
    4    10   0.00e+00
    5     3   1.14e-12
    5     4   0.00e+00
    5     5   8.41e-22
    5     6   4.89e-22
    5     7   6.20e-45
    5     8   0.00e+00
    5     9   0.00e+00
    5    10   0.00e+00
    5    12   0.00e+00
    5    14   0.00e+00
    6     3   1.19e-09
    6     4   1.20e-21
    6     5   1.29e-09
    6     6   2.12e-10
    6     7   3.82e-17
    6     8   1.84e-25
    6     9   2.53e-49
    6    10   0.00e+00
    6    11   0.00e+00
    6    12   0.00e+00
    6    13   0.00e+00
    6    14   0.00e+00
    6    16   0.00e+00
    7     4   0.00e+00
    7     5   7.05e-11
    7     6   7.14e-10
    7     7   3.46e-09
    7     8   1.98e-14
    7     9   4.62e-37
    7    10   0.00e+00
    7    11   0.00e+00
    7    12   0.00e+00
    7    13   0.00e+00
    7    14   0.00e+00
    7    15   0.00e+00
    7    16   0.00e+00
    8     5   1.55e-09
    8     6   5.70e-05
    8     7   4.55e-04
    8     8   3.62e-04
    8     9   3.60e-10
    8    10   1.07e-19
    8    11   2.02e-41
    8    12   0.00e+00
    8    13   0.00e+00
    8    14   0.00e+00
    8    15   0.00e+00
    8    16   0.00e+00
    8    17   0.00e+00
    8    18   0.00e+00
    8    20   0.00e+00
    8    22   0.00e+00
    9     5   0.00e+00
    9     6   5.82e-28
    9     7   5.32e-17
    9     8   3.89e-03
    9     9   4.23e-09
    9    10   2.54e-16
    9    11   6.01e-35
    9    12   1.59e-84
    9    13  1.54e-153
    9    14   0.00e+00
    9    15   0.00e+00
    9    16   0.00e+00
    9    17   0.00e+00
    9    18   0.00e+00
    9    19   0.00e+00
    9    20   0.00e+00
    9    21   0.00e+00
    9    22   0.00e+00
    9    28   0.00e+00
   10     6   5.05e-77
   10     7   9.28e-24
   10     8   4.70e-03
   10     9   2.75e-08
   10    10   4.27e-03
   10    11   6.44e-12
   10    12   1.84e-19
   10    13   2.81e-39
   10    14   0.00e+00
   10    15   0.00e+00
   10    16   0.00e+00
   10    17   0.00e+00
   10    18   0.00e+00
   10    19   0.00e+00
   10    20   0.00e+00
   10    21   0.00e+00
   10    22   0.00e+00
   10    23   0.00e+00
   10    24   0.00e+00
   10    25   0.00e+00
   10    26   0.00e+00
   10    27   0.00e+00
   10    28   0.00e+00
   10    29   0.00e+00
   10    30   0.00e+00
   10    31   0.00e+00
   11     7   0.00e+00
   11     8   1.16e-12
   11     9   1.92e-08
   11    10   1.66e-05
   11    11   7.53e-08
   11    12   1.36e-11
   11    13   2.19e-29
   11    14   1.57e-61
   11    15  5.57e-137
   11    16   0.00e+00
   11    17   0.00e+00
   11    18   0.00e+00
   11    19   0.00e+00
   11    20   0.00e+00
   11    21   0.00e+00
   11    22   0.00e+00
   11    23   0.00e+00
   11    24   0.00e+00
   11    25   0.00e+00
   11    26   0.00e+00
   11    27   0.00e+00
   11    28   0.00e+00
   11    29   0.00e+00
   11    30   0.00e+00
   11    31   0.00e+00
   11    32   0.00e+00
   11    33   0.00e+00
   12     7  3.04e-145
   12     8   7.28e-11
   12     9   3.65e-08
   12    10   8.00e-03
   12    11   2.00e-05
   12    12   3.65e-09
   12    13   5.01e-12
   12    14   2.24e-19
   12    15   8.43e-38
   12    16   0.00e+00
   12    17   0.00e+00
   12    18   0.00e+00
   12    19   0.00e+00
   12    20   0.00e+00
   12    21   0.00e+00
   12    22   0.00e+00
   12    23   0.00e+00
   12    24   0.00e+00
   12    25   0.00e+00
   12    26   0.00e+00
   12    27   0.00e+00
   12    28   0.00e+00
   12    29   0.00e+00
   12    30   0.00e+00
   12    31   0.00e+00
   12    32   0.00e+00
   12    33   0.00e+00
   12    34   0.00e+00
   12    35   0.00e+00
   13     8   7.99e-31
   13     9   5.04e-23
   13    10   2.58e-07
   13    11   9.14e-06
   13    12   7.19e-07
   13    13   4.55e-10
   13    14   1.13e-09
   13    15   2.31e-26
   13    16   9.00e-53
   13    17  1.82e-112
   13    18   0.00e+00
   13    19   0.00e+00
   13    20   0.00e+00
   13    21   0.00e+00
   13    22   0.00e+00
   13    23   0.00e+00
   13    24   0.00e+00
   13    25   0.00e+00
   13    26   0.00e+00
   13    27   0.00e+00
   13    28   0.00e+00
   13    29   0.00e+00
   13    30   0.00e+00
   13    31   0.00e+00
   13    32   0.00e+00
   13    33   0.00e+00
   13    34   0.00e+00
   13    35   0.00e+00
   13    36   0.00e+00
   13    37   0.00e+00
   13    38   0.00e+00
   14     8  1.44e-128
   14     9   2.43e-22
   14    10   1.30e-06
   14    11   1.23e-04
   14    12   1.67e-06
   14    13   1.06e-05
   14    14   2.13e-05
   14    15   1.19e-08
   14    16   1.15e-11
   14    17   2.25e-28
   14    18   2.64e-41
   14    19  4.16e-104
   14    20   0.00e+00
   14    21   0.00e+00
   14    22   0.00e+00
   14    23   0.00e+00
   14    24   0.00e+00
   14    25   0.00e+00
   14    26   0.00e+00
   14    27   0.00e+00
   14    28   0.00e+00
   14    29   0.00e+00
   14    30   0.00e+00
   14    31   0.00e+00
   14    32   0.00e+00
   14    33   0.00e+00
   14    34   0.00e+00
   14    35   0.00e+00
   14    36   0.00e+00
   14    37   0.00e+00
   14    38   0.00e+00
   14    39   0.00e+00
   14    40   0.00e+00
   15     8   0.00e+00
   15     9  1.35e-130
   15    10   2.84e-22
   15    11   1.38e-09
   15    12   9.99e-04
   15    13   2.01e-05
   15    14   4.96e-04
   15    15   2.60e-06
   15    16   1.10e-08
   15    17   1.44e-24
   15    18   1.49e-25
   15    19   1.37e-41
   15    20   0.00e+00
   15    21   0.00e+00
   15    22   0.00e+00
   15    23   0.00e+00
   15    24   0.00e+00
   15    25   0.00e+00
   15    26   0.00e+00
   15    27   0.00e+00
   15    28   0.00e+00
   15    29   0.00e+00
   15    30   0.00e+00
   15    31   0.00e+00
   15    32   0.00e+00
   15    33   0.00e+00
   15    34   0.00e+00
   15    35   0.00e+00
   15    36   0.00e+00
   15    37   0.00e+00
   15    38   0.00e+00
   15    39   0.00e+00
   15    40   0.00e+00
   15    41   0.00e+00
   15    42   0.00e+00
   16     8   0.00e+00
   16     9   0.00e+00
   16    10   5.09e-27
   16    11   5.01e-10
   16    12   1.17e-07
   16    13   1.54e-03
   16    14   1.05e-03
   16    15   4.48e-05
   16    16   7.28e-07
   16    17   7.12e-09
   16    18   2.49e-11
   16    19   5.73e-26
   16    20   1.33e-38
   16    21   1.84e-79
   16    22   0.00e+00
   16    23   0.00e+00
   16    24   0.00e+00
   16    25   0.00e+00
   16    26   0.00e+00
   16    27   0.00e+00
   16    28   0.00e+00
   16    29   0.00e+00
   16    30   0.00e+00
   16    31   0.00e+00
   16    32   0.00e+00
   16    33   0.00e+00
   16    34   0.00e+00
   16    35   0.00e+00
   16    36   0.00e+00
   16    37   0.00e+00
   16    38   0.00e+00
   16    39   0.00e+00
   16    40   0.00e+00
   16    41   0.00e+00
   16    42   0.00e+00
   16    43   0.00e+00
   16    44   0.00e+00
   17     8   0.00e+00
   17     9   0.00e+00
   17    10   0.00e+00
   17    11   3.13e-36
   17    12   9.00e-34
   17    13   5.54e-14
   17    14   2.15e-06
   17    15   1.13e-06
   17    16   1.65e-06
   17    17   1.37e-08
   17    18   1.88e-10
   17    19   4.17e-25
   17    20   4.72e-12
   17    21   2.57e-26
   17    22   1.01e-39
   17    23   0.00e+00
   17    24   0.00e+00
   17    25   0.00e+00
   17    26   0.00e+00
   17    27   0.00e+00
   17    28   0.00e+00
   17    29   0.00e+00
   17    30   0.00e+00
   17    31   0.00e+00
   17    32   0.00e+00
   17    33   0.00e+00
   17    34   0.00e+00
   17    35   0.00e+00
   17    36   0.00e+00
   17    37   0.00e+00
   17    38   0.00e+00
   17    39   0.00e+00
   17    40   0.00e+00
   17    41   0.00e+00
   17    42   0.00e+00
   17    43   0.00e+00
   18     9   0.00e+00
   18    10   0.00e+00
   18    11   0.00e+00
   18    12   2.42e-97
   18    13   7.09e-16
   18    14   2.89e-11
   18    15   4.31e-08
   18    16   1.77e-06
   18    17   6.82e-08
   18    18   4.85e-10
   18    19   3.67e-08
   18    20   7.94e-09
   18    21   2.49e-23
   18    22   1.09e-34
   18    23   3.17e-52
   18    24   0.00e+00
   18    25   0.00e+00
   18    26   0.00e+00
   18    27   0.00e+00
   18    28   0.00e+00
   18    29   0.00e+00
   18    30   0.00e+00
   18    31   0.00e+00
   18    32   0.00e+00
   18    33   0.00e+00
   18    34   0.00e+00
   18    35   0.00e+00
   18    36   0.00e+00
   18    37   0.00e+00
   18    38   0.00e+00
   18    39   0.00e+00
   18    40   0.00e+00
   18    41   0.00e+00
   18    42   0.00e+00
   19    10   0.00e+00
   19    11   0.00e+00
   19    12   0.00e+00
   19    13   4.82e-43
   19    14   1.74e-36
   19    15   1.83e-21
   19    16   6.03e-13
   19    17   1.70e-09
   19    18   4.57e-07
   19    19   3.65e-08
   19    20   8.78e-08
   19    21   2.15e-21
   19    22   4.55e-25
   19    23   1.16e-38
   19    24   1.97e-55
   19    25   0.00e+00
   19    26   0.00e+00
   19    27   0.00e+00
   19    28   0.00e+00
   19    29   0.00e+00
   19    30   0.00e+00
   19    31   0.00e+00
   19    32   0.00e+00
   19    33   0.00e+00
   19    34   0.00e+00
   19    35   0.00e+00
   19    36   0.00e+00
   19    37   0.00e+00
   19    38   0.00e+00
   19    39   0.00e+00
   19    40   0.00e+00
   19    41   0.00e+00
   20    10   0.00e+00
   20    11   0.00e+00
   20    12   0.00e+00
   20    13   0.00e+00
   20    14   3.94e-95
   20    15   2.07e-23
   20    16   5.79e-15
   20    17   3.76e-11
   20    18   1.66e-07
   20    19   1.51e-08
   20    20   4.50e-07
   20    21   4.99e-11
   20    22   8.07e-14
   20    23   6.82e-21
   20    24   2.55e-28
   20    25   0.00e+00
   20    26   0.00e+00
   20    27   0.00e+00
   20    28   0.00e+00
   20    29   0.00e+00
   20    30   0.00e+00
   20    31   0.00e+00
   20    32   0.00e+00
   20    33   0.00e+00
   20    34   0.00e+00
   20    35   0.00e+00
   20    36   0.00e+00
   20    37   0.00e+00
   20    38   0.00e+00
   20    39   0.00e+00
   20    40   0.00e+00
   21    11   0.00e+00
   21    12   0.00e+00
   21    13   0.00e+00
   21    14   0.00e+00
   21    15   4.91e-52
   21    16   3.62e-43
   21    17   6.15e-28
   21    18   2.61e-20
   21    19   9.05e-12
   21    20   1.62e-09
   21    21   5.38e-12
   21    22   1.23e-14
   21    23   5.22e-22
   21    24   5.47e-27
   21    25   1.85e-48
   21    26   0.00e+00
   21    27   0.00e+00
   21    28   0.00e+00
   21    29   0.00e+00
   21    30   0.00e+00
   21    31   0.00e+00
   21    32   0.00e+00
   21    33   0.00e+00
   21    34   0.00e+00
   21    35   0.00e+00
   21    36   0.00e+00
   21    37   0.00e+00
   21    38   0.00e+00
   21    39   0.00e+00
   22    12   0.00e+00
   22    13   0.00e+00
   22    14   0.00e+00
   22    15   0.00e+00
   22    16  1.37e-132
   22    17   3.10e-47
   22    18   3.11e-23
   22    19   1.13e-13
   22    20   5.12e-11
   22    21   2.60e-13
   22    22   2.92e-16
   22    23   1.11e-20
   22    24   6.66e-25
   22    25   5.46e-39
   22    26   0.00e+00
   22    27   0.00e+00
   22    28   0.00e+00
   22    29   0.00e+00
   22    30   0.00e+00
   22    31   0.00e+00
   22    32   0.00e+00
   22    33   0.00e+00
   22    34   0.00e+00
   22    35   0.00e+00
   22    36   0.00e+00
   22    37   0.00e+00
   22    38   0.00e+00
   23    13   0.00e+00
   23    14   0.00e+00
   23    15   0.00e+00
   23    16   0.00e+00
   23    17   0.00e+00
   23    18   7.44e-45
   23    19   6.48e-23
   23    20   1.52e-17
   23    21   1.75e-15
   23    22   1.02e-18
   23    23   5.62e-23
   23    24   9.43e-27
   23    25   4.57e-42
   23    26   3.36e-50
   23    27   0.00e+00
   23    28   0.00e+00
   23    29   0.00e+00
   23    30   0.00e+00
   23    31   0.00e+00
   23    32   0.00e+00
   23    33   0.00e+00
   23    34   0.00e+00
   23    35   0.00e+00
   23    36   0.00e+00
   23    37   0.00e+00
   24    14   0.00e+00
   24    15   0.00e+00
   24    16   0.00e+00
   24    17   0.00e+00
   24    18   0.00e+00
   24    19   9.71e-26
   24    20   5.04e-20
   24    21   7.63e-18
   24    22   3.25e-22
   24    23   8.04e-25
   24    24   7.67e-38
   24    25   2.28e-42
   24    26   5.25e-46
   24    27   0.00e+00
   24    28   0.00e+00
   24    29   0.00e+00
   24    30   0.00e+00
   24    31   0.00e+00
   24    32   0.00e+00
   24    33   0.00e+00
   24    34   0.00e+00
   24    35   0.00e+00
   24    36   0.00e+00
   25    15   0.00e+00
   25    16   0.00e+00
   25    17   0.00e+00
   25    18   0.00e+00
   25    19   0.00e+00
   25    20   7.39e-38
   25    21   4.33e-22
   25    22   4.70e-28
   25    23   5.50e-28
   25    24   1.57e-44
   25    25   5.87e-48
   25    26   0.00e+00
   25    27   0.00e+00
   25    28   0.00e+00
   25    29   0.00e+00
   25    30   0.00e+00
   25    31   0.00e+00
   25    32   0.00e+00
   25    33   0.00e+00
   25    34   0.00e+00
   25    35   0.00e+00
   26    16   0.00e+00
   26    17   0.00e+00
   26    18   0.00e+00
   26    19   0.00e+00
   26    20   0.00e+00
   26    21   2.43e-26
   26    22   7.90e-46
   26    23   2.50e-44
   26    24   1.09e-48
   26    25   2.22e-51
   26    26   0.00e+00
   26    27   0.00e+00
   26    28   0.00e+00
   26    29   0.00e+00
   26    30   0.00e+00
   26    31   0.00e+00
   26    32   0.00e+00
   26    33   0.00e+00
   26    34   0.00e+00
   27    17   0.00e+00
   27    18   0.00e+00
   27    19   0.00e+00
   27    20   0.00e+00
   27    21   0.00e+00
   27    22  4.58e-110
   27    23   1.55e-50
   27    24   0.00e+00
   27    25   0.00e+00
   27    26   0.00e+00
   27    27   0.00e+00
   27    28   0.00e+00
   27    29   0.00e+00
   27    30   0.00e+00
   27    31   0.00e+00
   27    32   0.00e+00
   27    33   0.00e+00
   28    18   0.00e+00
   28    19   0.00e+00
   28    20   0.00e+00
   28    21   0.00e+00
   28    22   0.00e+00
   28    23   0.00e+00
   28    24   0.00e+00
   28    25   0.00e+00
   28    26   0.00e+00
   28    27   0.00e+00
   28    28   0.00e+00
   28    29   0.00e+00
   28    30   0.00e+00
   28    31   0.00e+00
   28    32   0.00e+00
   29    19   0.00e+00
   29    20   0.00e+00
   29    21   0.00e+00
   29    22   0.00e+00
   29    23   0.00e+00
   29    24   0.00e+00
   29    25   0.00e+00
   29    26   0.00e+00
   29    27   0.00e+00
   29    28   0.00e+00
   29    29   0.00e+00
   29    30   0.00e+00
   29    31   0.00e+00
   30    21   0.00e+00
   30    22   0.00e+00
   30    23   0.00e+00
   30    24   0.00e+00
   30    25   0.00e+00
   30    26   0.00e+00
   30    27   0.00e+00
   30    28   0.00e+00
   30    29   0.00e+00
   30    30   0.00e+00
   31    22   0.00e+00
   31    23   0.00e+00
   31    24   0.00e+00
   31    25   0.00e+00
   31    26   0.00e+00
   31    27   0.00e+00
   31    28   0.00e+00
   31    29   0.00e+00
   32    23   0.00e+00
   32    24   0.00e+00
   32    25   0.00e+00
   32    26   0.00e+00
   32    27   0.00e+00
   32    28   0.00e+00
   33    24   0.00e+00
   33    25   0.00e+00
   33    26   0.00e+00
   33    27   0.00e+00
   34    25   0.00e+00
   34    26   0.00e+00
    0     1   6.86e-23
    1     0   3.15e-01
    2     2   3.37e-02
