    1     1   5.11e-19
    1     2   4.43e-30
    2     1   1.53e-15
    2     4   1.21e-60
    2     5   0.00e+00
    2     6   0.00e+00
    2     7   0.00e+00
    2     8   0.00e+00
    3     3   4.44e-28
    3     4   1.27e-22
    3     5   7.67e-45
    3     6   0.00e+00
    3     7   0.00e+00
    3     8   0.00e+00
    4     3   2.45e-08
    4     4   0.00e+00
    4     5   2.79e-34
    4     6   1.05e-69
    4     7  2.23e-279
    4     8   0.00e+00
    4     9   0.00e+00
    4    10   0.00e+00
    5     3   9.87e-14
    5     4   0.00e+00
    5     5   3.47e-28
    5     6   9.03e-21
    5     7   1.19e-41
    5     8   0.00e+00
    5     9   0.00e+00
    5    10   0.00e+00
    5    12   0.00e+00
    5    14   0.00e+00
    6     3   3.17e-14
    6     4   2.08e-21
    6     5   5.51e-11
    6     6   9.00e-06
    6     7   2.44e-09
    6     8   3.82e-22
    6     9   5.62e-44
    6    10   0.00e+00
    6    11   0.00e+00
    6    12   0.00e+00
    6    13   0.00e+00
    6    14   0.00e+00
    6    16   0.00e+00
    7     4   0.00e+00
    7     5   1.14e-13
    7     6   2.64e-05
    7     7   3.08e-07
    7     8   5.83e-10
    7     9   1.29e-30
    7    10   0.00e+00
    7    11   0.00e+00
    7    12   0.00e+00
    7    13   0.00e+00
    7    14   0.00e+00
    7    15   0.00e+00
    7    16   0.00e+00
    8     5   3.01e-15
    8     6   3.28e-04
    8     7   8.76e-03
    8     8   1.07e-06
    8     9   1.07e-08
    8    10   5.28e-15
    8    11   1.28e-34
    8    12   0.00e+00
    8    13   0.00e+00
    8    14   0.00e+00
    8    15   0.00e+00
    8    16   0.00e+00
    8    17   0.00e+00
    8    18   0.00e+00
    8    20   0.00e+00
    8    22   0.00e+00
    9     5   0.00e+00
    9     6   4.41e-38
    9     7   1.51e-20
    9     8   3.39e-05
    9     9   8.28e-07
    9    10   2.87e-11
    9    11   2.00e-27
    9    12  6.29e-101
    9    13   0.00e+00
    9    14   0.00e+00
    9    15   0.00e+00
    9    16   0.00e+00
    9    17   0.00e+00
    9    18   0.00e+00
    9    19   0.00e+00
    9    20   0.00e+00
    9    21   0.00e+00
    9    22   0.00e+00
    9    28   0.00e+00
   10     6   4.57e-76
   10     7   9.59e-31
   10     8   2.92e-04
   10     9   1.13e-06
   10    10   3.38e-04
   10    11   1.04e-10
   10    12   1.78e-13
   10    13   7.86e-31
   10    14   9.51e-73
   10    15   0.00e+00
   10    16   0.00e+00
   10    17   0.00e+00
   10    18   0.00e+00
   10    19   0.00e+00
   10    20   0.00e+00
   10    21   0.00e+00
   10    22   0.00e+00
   10    23   0.00e+00
   10    24   0.00e+00
   10    25   0.00e+00
   10    26   0.00e+00
   10    27   0.00e+00
   10    28   0.00e+00
   10    29   0.00e+00
   10    30   0.00e+00
   10    31   0.00e+00
   11     7   0.00e+00
   11     8   2.59e-17
   11     9   3.73e-09
   11    10   2.64e-07
   11    11   2.09e-05
   11    12   4.98e-06
   11    13   3.40e-21
   11    14   2.11e-36
   11    15  1.98e-199
   11    16   0.00e+00
   11    17   0.00e+00
   11    18   0.00e+00
   11    19   0.00e+00
   11    20   0.00e+00
   11    21   0.00e+00
   11    22   0.00e+00
   11    23   0.00e+00
   11    24   0.00e+00
   11    25   0.00e+00
   11    26   0.00e+00
   11    27   0.00e+00
   11    28   0.00e+00
   11    29   0.00e+00
   11    30   0.00e+00
   11    31   0.00e+00
   11    32   0.00e+00
   11    33   0.00e+00
   12     7  8.90e-144
   12     8   1.34e-17
   12     9   1.30e-10
   12    10   2.76e-03
   12    11   3.17e-03
   12    12   2.19e-06
   12    13   7.37e-06
   12    14   6.75e-13
   12    15   8.14e-29
   12    16   2.30e-59
   12    17   0.00e+00
   12    18   0.00e+00
   12    19   0.00e+00
   12    20   0.00e+00
   12    21   0.00e+00
   12    22   0.00e+00
   12    23   0.00e+00
   12    24   0.00e+00
   12    25   0.00e+00
   12    26   0.00e+00
   12    27   0.00e+00
   12    28   0.00e+00
   12    29   0.00e+00
   12    30   0.00e+00
   12    31   0.00e+00
   12    32   0.00e+00
   12    33   0.00e+00
   12    34   0.00e+00
   12    35   0.00e+00
   13     8   4.30e-47
   13     9   2.09e-31
   13    10   5.79e-09
   13    11   1.26e-04
   13    12   3.99e-04
   13    13   1.39e-05
   13    14   4.27e-05
   13    15   4.16e-19
   13    16   7.99e-33
   13    17  3.44e-134
   13    18  4.49e-161
   13    19   0.00e+00
   13    20   0.00e+00
   13    21   0.00e+00
   13    22   0.00e+00
   13    23   0.00e+00
   13    24   0.00e+00
   13    25   0.00e+00
   13    26   0.00e+00
   13    27   0.00e+00
   13    28   0.00e+00
   13    29   0.00e+00
   13    30   0.00e+00
   13    31   0.00e+00
   13    32   0.00e+00
   13    33   0.00e+00
   13    34   0.00e+00
   13    35   0.00e+00
   13    36   0.00e+00
   13    37   0.00e+00
   13    38   0.00e+00
   14     8  1.22e-163
   14     9   8.12e-45
   14    10   5.82e-10
   14    11   1.69e-06
   14    12   6.38e-05
   14    13   2.91e-04
   14    14   8.19e-04
   14    15   6.89e-05
   14    16   1.50e-05
   14    17   1.31e-19
   14    18   8.12e-32
   14    19  6.13e-120
   14    20   0.00e+00
   14    21   0.00e+00
   14    22   0.00e+00
   14    23   0.00e+00
   14    24   0.00e+00
   14    25   0.00e+00
   14    26   0.00e+00
   14    27   0.00e+00
   14    28   0.00e+00
   14    29   0.00e+00
   14    30   0.00e+00
   14    31   0.00e+00
   14    32   0.00e+00
   14    33   0.00e+00
   14    34   0.00e+00
   14    35   0.00e+00
   14    36   0.00e+00
   14    37   0.00e+00
   14    38   0.00e+00
   14    39   0.00e+00
   14    40   0.00e+00
   15     8   0.00e+00
   15     9  1.58e-216
   15    10   2.53e-32
   15    11   6.13e-12
   15    12   8.69e-06
   15    13   1.09e-05
   15    14   8.80e-04
   15    15   1.60e-03
   15    16   8.85e-04
   15    17   1.52e-17
   15    18   4.55e-19
   15    19   7.80e-33
   15    20   3.11e-50
   15    21   0.00e+00
   15    22   0.00e+00
   15    23   0.00e+00
   15    24   0.00e+00
   15    25   0.00e+00
   15    26   0.00e+00
   15    27   0.00e+00
   15    28   0.00e+00
   15    29   0.00e+00
   15    30   0.00e+00
   15    31   0.00e+00
   15    32   0.00e+00
   15    33   0.00e+00
   15    34   0.00e+00
   15    35   0.00e+00
   15    36   0.00e+00
   15    37   0.00e+00
   15    38   0.00e+00
   15    39   0.00e+00
   15    40   0.00e+00
   15    41   0.00e+00
   15    42   0.00e+00
   16     8   0.00e+00
   16     9   0.00e+00
   16    10   3.14e-37
   16    11   1.24e-15
   16    12   7.06e-13
   16    13   1.93e-07
   16    14   1.70e-04
   16    15   1.40e-03
   16    16   2.38e-03
   16    17   2.23e-04
   16    18   1.34e-04
   16    19   3.23e-18
   16    20   2.26e-29
   16    21   1.88e-90
   16    22   1.98e-81
   16    23   0.00e+00
   16    24   0.00e+00
   16    25   0.00e+00
   16    26   0.00e+00
   16    27   0.00e+00
   16    28   0.00e+00
   16    29   0.00e+00
   16    30   0.00e+00
   16    31   0.00e+00
   16    32   0.00e+00
   16    33   0.00e+00
   16    34   0.00e+00
   16    35   0.00e+00
   16    36   0.00e+00
   16    37   0.00e+00
   16    38   0.00e+00
   16    39   0.00e+00
   16    40   0.00e+00
   16    41   0.00e+00
   16    42   0.00e+00
   16    43   0.00e+00
   16    44   0.00e+00
   17     8   0.00e+00
   17     9   0.00e+00
   17    10   0.00e+00
   17    11   2.63e-54
   17    12   8.12e-52
   17    13   2.76e-21
   17    14   9.29e-09
   17    15   1.89e-08
   17    16   1.14e-04
   17    17   6.38e-05
   17    18   2.53e-04
   17    19   3.00e-17
   17    20   1.17e-10
   17    21   2.54e-24
   17    22   2.21e-37
   17    23   0.00e+00
   17    24   0.00e+00
   17    25   0.00e+00
   17    26   0.00e+00
   17    27   0.00e+00
   17    28   0.00e+00
   17    29   0.00e+00
   17    30   0.00e+00
   17    31   0.00e+00
   17    32   0.00e+00
   17    33   0.00e+00
   17    34   0.00e+00
   17    35   0.00e+00
   17    36   0.00e+00
   17    37   0.00e+00
   17    38   0.00e+00
   17    39   0.00e+00
   17    40   0.00e+00
   17    41   0.00e+00
   17    42   0.00e+00
   17    43   0.00e+00
   18     9   0.00e+00
   18    10   0.00e+00
   18    11   0.00e+00
   18    12  6.85e-136
   18    13   4.83e-26
   18    14   6.10e-17
   18    15   1.10e-12
   18    16   8.20e-06
   18    17   6.55e-05
   18    18   5.31e-05
   18    19   1.81e-04
   18    20   2.20e-07
   18    21   8.53e-21
   18    22   2.81e-30
   18    23   1.44e-59
   18    24   0.00e+00
   18    25   0.00e+00
   18    26   0.00e+00
   18    27   0.00e+00
   18    28   0.00e+00
   18    29   0.00e+00
   18    30   0.00e+00
   18    31   0.00e+00
   18    32   0.00e+00
   18    33   0.00e+00
   18    34   0.00e+00
   18    35   0.00e+00
   18    36   0.00e+00
   18    37   0.00e+00
   18    38   0.00e+00
   18    39   0.00e+00
   18    40   0.00e+00
   18    41   0.00e+00
   18    42   0.00e+00
   19    10   0.00e+00
   19    11   0.00e+00
   19    12   0.00e+00
   19    13   1.98e-68
   19    14   2.70e-54
   19    15   2.19e-31
   19    16   4.20e-15
   19    17   6.33e-08
   19    18   2.66e-05
   19    19   3.56e-05
   19    20   7.59e-06
   19    21   1.60e-18
   19    22   1.75e-20
   19    23   5.76e-33
   19    24   5.34e-50
   19    25  6.45e-100
   19    26   0.00e+00
   19    27   0.00e+00
   19    28   0.00e+00
   19    29   0.00e+00
   19    30   0.00e+00
   19    31   0.00e+00
   19    32   0.00e+00
   19    33   0.00e+00
   19    34   0.00e+00
   19    35   0.00e+00
   19    36   0.00e+00
   19    37   0.00e+00
   19    38   0.00e+00
   19    39   0.00e+00
   19    40   0.00e+00
   19    41   0.00e+00
   20    10   0.00e+00
   20    11   0.00e+00
   20    12   0.00e+00
   20    13   0.00e+00
   20    14   0.00e+00
   20    15   1.36e-50
   20    16   3.75e-20
   20    17   2.67e-13
   20    18   4.30e-08
   20    19   2.79e-07
   20    20   1.59e-06
   20    21   1.35e-08
   20    22   4.14e-09
   20    23   7.00e-13
   20    24   9.73e-18
   20    25   1.26e-30
   20    26   0.00e+00
   20    27   0.00e+00
   20    28   0.00e+00
   20    29   0.00e+00
   20    30   0.00e+00
   20    31   0.00e+00
   20    32   0.00e+00
   20    33   0.00e+00
   20    34   0.00e+00
   20    35   0.00e+00
   20    36   0.00e+00
   20    37   0.00e+00
   20    38   0.00e+00
   20    39   0.00e+00
   20    40   0.00e+00
   21    11   0.00e+00
   21    12   0.00e+00
   21    13   0.00e+00
   21    14   0.00e+00
   21    15  1.72e-120
   21    16   1.59e-62
   21    17   2.59e-37
   21    18   3.81e-26
   21    19   1.10e-12
   21    20   1.21e-11
   21    21   2.10e-11
   21    22   2.36e-09
   21    23   3.84e-14
   21    24   1.90e-15
   21    25   1.73e-27
   21    26   3.82e-38
   21    27   0.00e+00
   21    28   0.00e+00
   21    29   0.00e+00
   21    30   0.00e+00
   21    31   0.00e+00
   21    32   0.00e+00
   21    33   0.00e+00
   21    34   0.00e+00
   21    35   0.00e+00
   21    36   0.00e+00
   21    37   0.00e+00
   21    38   0.00e+00
   21    39   0.00e+00
   22    12   0.00e+00
   22    13   0.00e+00
   22    14   0.00e+00
   22    15   0.00e+00
   22    16   0.00e+00
   22    17   1.69e-97
   22    18   5.33e-33
   22    19   5.00e-18
   22    20   8.65e-16
   22    21   2.28e-13
   22    22   2.50e-10
   22    23   5.85e-12
   22    24   9.43e-14
   22    25   8.47e-18
   22    26   5.88e-26
   22    27   4.73e-30
   22    28   0.00e+00
   22    29   0.00e+00
   22    30   0.00e+00
   22    31   0.00e+00
   22    32   0.00e+00
   22    33   0.00e+00
   22    34   0.00e+00
   22    35   0.00e+00
   22    36   0.00e+00
   22    37   0.00e+00
   22    38   0.00e+00
   23    13   0.00e+00
   23    14   0.00e+00
   23    15   0.00e+00
   23    16   0.00e+00
   23    17   0.00e+00
   23    18   1.24e-82
   23    19   3.26e-30
   23    20   7.64e-24
   23    21   1.90e-18
   23    22   3.63e-14
   23    23   2.40e-16
   23    24   4.29e-15
   23    25   2.46e-20
   23    26   6.96e-23
   23    27   8.47e-35
   23    28   0.00e+00
   23    29   0.00e+00
   23    30   0.00e+00
   23    31   0.00e+00
   23    32   0.00e+00
   23    33   0.00e+00
   23    34   0.00e+00
   23    35   0.00e+00
   23    36   0.00e+00
   23    37   0.00e+00
   24    14   0.00e+00
   24    15   0.00e+00
   24    16   0.00e+00
   24    17   0.00e+00
   24    18   0.00e+00
   24    19   3.77e-55
   24    20   5.77e-30
   24    21   3.80e-24
   24    22   6.01e-20
   24    23   1.51e-18
   24    24   3.19e-17
   24    25   4.86e-20
   24    26   5.58e-23
   24    27   5.84e-35
   24    28   7.83e-47
   24    29   0.00e+00
   24    30   0.00e+00
   24    31   0.00e+00
   24    32   0.00e+00
   24    33   0.00e+00
   24    34   0.00e+00
   24    35   0.00e+00
   24    36   0.00e+00
   25    15   0.00e+00
   25    16   0.00e+00
   25    17   0.00e+00
   25    18   0.00e+00
   25    19   0.00e+00
   25    20   4.80e-72
   25    21   2.61e-32
   25    22   3.74e-30
   25    23   6.49e-25
   25    24   6.76e-23
   25    25   4.62e-26
   25    26   6.56e-26
   25    27   6.20e-44
   25    28   4.49e-47
   25    29   0.00e+00
   25    30   0.00e+00
   25    31   0.00e+00
   25    32   0.00e+00
   25    33   0.00e+00
   25    34   0.00e+00
   25    35   0.00e+00
   26    16   0.00e+00
   26    17   0.00e+00
   26    18   0.00e+00
   26    19  4.66e-122
   26    20  4.04e-190
   26    21   5.13e-54
   26    22   2.33e-45
   26    23   4.56e-32
   26    24   1.07e-28
   26    25   9.63e-27
   26    26   1.47e-41
   26    27   8.93e-44
   26    28   9.03e-47
   26    29   0.00e+00
   26    30   0.00e+00
   26    31   0.00e+00
   26    32   0.00e+00
   26    33   0.00e+00
   26    34   0.00e+00
   27    17   0.00e+00
   27    18   0.00e+00
   27    19   0.00e+00
   27    20   0.00e+00
   27    21   0.00e+00
   27    22   0.00e+00
   27    23   7.67e-47
   27    24   3.19e-29
   27    25   7.74e-46
   27    26   5.25e-48
   27    27   0.00e+00
   27    28   0.00e+00
   27    29   0.00e+00
   27    30   0.00e+00
   27    31   0.00e+00
   27    32   0.00e+00
   27    33   0.00e+00
   28    18   0.00e+00
   28    19   0.00e+00
   28    20   0.00e+00
   28    21   0.00e+00
   28    22   0.00e+00
   28    23   0.00e+00
   28    24   0.00e+00
   28    25   0.00e+00
   28    26   0.00e+00
   28    27   0.00e+00
   28    28   0.00e+00
   28    29   0.00e+00
   28    30   0.00e+00
   28    31   0.00e+00
   28    32   0.00e+00
   29    19   0.00e+00
   29    20   0.00e+00
   29    21   0.00e+00
   29    22   0.00e+00
   29    23   0.00e+00
   29    24   0.00e+00
   29    25   0.00e+00
   29    26   0.00e+00
   29    27   0.00e+00
   29    28   0.00e+00
   29    29   0.00e+00
   29    30   0.00e+00
   29    31   0.00e+00
   30    21   0.00e+00
   30    22   0.00e+00
   30    23   0.00e+00
   30    24   0.00e+00
   30    25   0.00e+00
   30    26   0.00e+00
   30    27   0.00e+00
   30    28   0.00e+00
   30    29   0.00e+00
   30    30   0.00e+00
   31    22   0.00e+00
   31    23   0.00e+00
   31    24   0.00e+00
   31    25   0.00e+00
   31    26   0.00e+00
   31    27   0.00e+00
   31    28   0.00e+00
   31    29   0.00e+00
   32    23   0.00e+00
   32    24   0.00e+00
   32    25   0.00e+00
   32    26   0.00e+00
   32    27   0.00e+00
   32    28   0.00e+00
   33    24   0.00e+00
   33    25   0.00e+00
   33    26   0.00e+00
   33    27   0.00e+00
   34    25   0.00e+00
   34    26   0.00e+00
    0     1   3.86e-22
    1     0   2.25e-01
    2     2   4.37e-02
