    1     1   2.86e-19
    1     2   1.58e-30
    2     1   1.97e-14
    2     4   1.17e-60
    2     5   0.00e+00
    2     6   0.00e+00
    2     7   0.00e+00
    2     8   0.00e+00
    3     3   1.59e-28
    3     4   3.68e-24
    3     5   8.39e-46
    3     6   0.00e+00
    3     7   0.00e+00
    3     8   0.00e+00
    4     3   6.97e-08
    4     4   0.00e+00
    4     5   3.58e-35
    4     6   4.85e-57
    4     7  5.74e-187
    4     8   0.00e+00
    4     9   0.00e+00
    4    10   0.00e+00
    5     3   7.17e-13
    5     4   0.00e+00
    5     5   8.70e-23
    5     6   6.75e-22
    5     7   4.82e-45
    5     8   0.00e+00
    5     9   0.00e+00
    5    10   0.00e+00
    5    12   0.00e+00
    5    14   0.00e+00
    6     3   7.62e-10
    6     4   2.48e-21
    6     5   7.47e-10
    6     6   1.09e-09
    6     7   6.77e-16
    6     8   1.90e-25
    6     9   1.47e-49
    6    10   0.00e+00
    6    11   0.00e+00
    6    12   0.00e+00
    6    13   0.00e+00
    6    14   0.00e+00
    6    16   0.00e+00
    7     4   0.00e+00
    7     5   3.76e-11
    7     6   3.92e-09
    7     7   3.62e-09
    7     8   9.61e-14
    7     9   1.24e-36
    7    10   0.00e+00
    7    11   0.00e+00
    7    12   0.00e+00
    7    13   0.00e+00
    7    14   0.00e+00
    7    15   0.00e+00
    7    16   0.00e+00
    8     5   3.58e-10
    8     6   5.74e-05
    8     7   8.00e-04
    8     8   1.48e-04
    8     9   5.19e-10
    8    10   1.10e-18
    8    11   1.20e-40
    8    12   0.00e+00
    8    13   0.00e+00
    8    14   0.00e+00
    8    15   0.00e+00
    8    16   0.00e+00
    8    17   0.00e+00
    8    18   0.00e+00
    8    20   0.00e+00
    8    22   0.00e+00
    9     5   0.00e+00
    9     6   2.52e-29
    9     7   2.21e-17
    9     8   1.56e-03
    9     9   1.91e-08
    9    10   2.06e-15
    9    11   3.19e-34
    9    12   6.85e-88
    9    13  9.44e-161
    9    14   0.00e+00
    9    15   0.00e+00
    9    16   0.00e+00
    9    17   0.00e+00
    9    18   0.00e+00
    9    19   0.00e+00
    9    20   0.00e+00
    9    21   0.00e+00
    9    22   0.00e+00
    9    28   0.00e+00
   10     6   4.55e-76
   10     7   1.98e-23
   10     8   6.89e-03
   10     9   7.79e-08
   10    10   1.35e-03
   10    11   4.02e-12
   10    12   2.21e-18
   10    13   2.19e-38
   10    14   0.00e+00
   10    15   0.00e+00
   10    16   0.00e+00
   10    17   0.00e+00
   10    18   0.00e+00
   10    19   0.00e+00
   10    20   0.00e+00
   10    21   0.00e+00
   10    22   0.00e+00
   10    23   0.00e+00
   10    24   0.00e+00
   10    25   0.00e+00
   10    26   0.00e+00
   10    27   0.00e+00
   10    28   0.00e+00
   10    29   0.00e+00
   10    30   0.00e+00
   10    31   0.00e+00
   11     7   0.00e+00
   11     8   5.96e-13
   11     9   3.88e-08
   11    10   4.00e-06
   11    11   2.55e-07
   11    12   1.27e-10
   11    13   1.41e-28
   11    14   3.26e-63
   11    15  3.24e-143
   11    16   0.00e+00
   11    17   0.00e+00
   11    18   0.00e+00
   11    19   0.00e+00
   11    20   0.00e+00
   11    21   0.00e+00
   11    22   0.00e+00
   11    23   0.00e+00
   11    24   0.00e+00
   11    25   0.00e+00
   11    26   0.00e+00
   11    27   0.00e+00
   11    28   0.00e+00
   11    29   0.00e+00
   11    30   0.00e+00
   11    31   0.00e+00
   11    32   0.00e+00
   11    33   0.00e+00
   12     7  8.88e-144
   12     8   1.34e-10
   12     9   1.06e-07
   12    10   1.07e-02
   12    11   6.35e-05
   12    12   1.60e-08
   12    13   8.54e-11
   12    14   1.80e-18
   12    15   4.62e-37
   12    16   0.00e+00
   12    17   0.00e+00
   12    18   0.00e+00
   12    19   0.00e+00
   12    20   0.00e+00
   12    21   0.00e+00
   12    22   0.00e+00
   12    23   0.00e+00
   12    24   0.00e+00
   12    25   0.00e+00
   12    26   0.00e+00
   12    27   0.00e+00
   12    28   0.00e+00
   12    29   0.00e+00
   12    30   0.00e+00
   12    31   0.00e+00
   12    32   0.00e+00
   12    33   0.00e+00
   12    34   0.00e+00
   12    35   0.00e+00
   13     8   9.19e-32
   13     9   4.51e-23
   13    10   2.62e-07
   13    11   2.10e-05
   13    12   4.13e-06
   13    13   1.89e-09
   13    14   7.07e-09
   13    15   1.07e-25
   13    16   3.57e-54
   13    17  5.57e-117
   13    18   0.00e+00
   13    19   0.00e+00
   13    20   0.00e+00
   13    21   0.00e+00
   13    22   0.00e+00
   13    23   0.00e+00
   13    24   0.00e+00
   13    25   0.00e+00
   13    26   0.00e+00
   13    27   0.00e+00
   13    28   0.00e+00
   13    29   0.00e+00
   13    30   0.00e+00
   13    31   0.00e+00
   13    32   0.00e+00
   13    33   0.00e+00
   13    34   0.00e+00
   13    35   0.00e+00
   13    36   0.00e+00
   13    37   0.00e+00
   13    38   0.00e+00
   14     8  1.99e-128
   14     9   8.22e-22
   14    10   2.01e-06
   14    11   2.25e-04
   14    12   5.79e-06
   14    13   2.22e-05
   14    14   4.14e-05
   14    15   2.67e-08
   14    16   1.96e-10
   14    17   3.03e-27
   14    18   1.52e-40
   14    19  2.32e-108
   14    20   0.00e+00
   14    21   0.00e+00
   14    22   0.00e+00
   14    23   0.00e+00
   14    24   0.00e+00
   14    25   0.00e+00
   14    26   0.00e+00
   14    27   0.00e+00
   14    28   0.00e+00
   14    29   0.00e+00
   14    30   0.00e+00
   14    31   0.00e+00
   14    32   0.00e+00
   14    33   0.00e+00
   14    34   0.00e+00
   14    35   0.00e+00
   14    36   0.00e+00
   14    37   0.00e+00
   14    38   0.00e+00
   14    39   0.00e+00
   14    40   0.00e+00
   15     8   0.00e+00
   15     9  8.44e-133
   15    10   6.15e-23
   15    11   2.04e-09
   15    12   7.64e-04
   15    13   3.50e-05
   15    14   3.65e-04
   15    15   1.24e-05
   15    16   1.19e-07
   15    17   1.12e-23
   15    18   1.74e-25
   15    19   1.22e-41
   15    20   3.45e-86
   15    21   0.00e+00
   15    22   0.00e+00
   15    23   0.00e+00
   15    24   0.00e+00
   15    25   0.00e+00
   15    26   0.00e+00
   15    27   0.00e+00
   15    28   0.00e+00
   15    29   0.00e+00
   15    30   0.00e+00
   15    31   0.00e+00
   15    32   0.00e+00
   15    33   0.00e+00
   15    34   0.00e+00
   15    35   0.00e+00
   15    36   0.00e+00
   15    37   0.00e+00
   15    38   0.00e+00
   15    39   0.00e+00
   15    40   0.00e+00
   15    41   0.00e+00
   15    42   0.00e+00
   16     8   0.00e+00
   16     9   0.00e+00
   16    10   9.74e-28
   16    11   3.69e-10
   16    12   1.71e-07
   16    13   1.16e-03
   16    14   1.70e-03
   16    15   1.49e-04
   16    16   1.91e-06
   16    17   1.27e-08
   16    18   3.95e-10
   16    19   3.71e-25
   16    20   2.13e-38
   16    21   3.37e-86
   16    22   0.00e+00
   16    23   0.00e+00
   16    24   0.00e+00
   16    25   0.00e+00
   16    26   0.00e+00
   16    27   0.00e+00
   16    28   0.00e+00
   16    29   0.00e+00
   16    30   0.00e+00
   16    31   0.00e+00
   16    32   0.00e+00
   16    33   0.00e+00
   16    34   0.00e+00
   16    35   0.00e+00
   16    36   0.00e+00
   16    37   0.00e+00
   16    38   0.00e+00
   16    39   0.00e+00
   16    40   0.00e+00
   16    41   0.00e+00
   16    42   0.00e+00
   16    43   0.00e+00
   16    44   0.00e+00
   17     8   0.00e+00
   17     9   0.00e+00
   17    10   0.00e+00
   17    11   6.32e-38
   17    12   3.26e-35
   17    13   1.47e-14
   17    14   3.63e-06
   17    15   5.59e-06
   17    16   1.52e-06
   17    17   8.03e-08
   17    18   2.60e-09
   17    19   2.51e-24
   17    20   2.70e-16
   17    21   7.98e-31
   17    22   5.35e-44
   17    23   0.00e+00
   17    24   0.00e+00
   17    25   0.00e+00
   17    26   0.00e+00
   17    27   0.00e+00
   17    28   0.00e+00
   17    29   0.00e+00
   17    30   0.00e+00
   17    31   0.00e+00
   17    32   0.00e+00
   17    33   0.00e+00
   17    34   0.00e+00
   17    35   0.00e+00
   17    36   0.00e+00
   17    37   0.00e+00
   17    38   0.00e+00
   17    39   0.00e+00
   17    40   0.00e+00
   17    41   0.00e+00
   17    42   0.00e+00
   17    43   0.00e+00
   18     9   0.00e+00
   18    10   0.00e+00
   18    11   0.00e+00
   18    12   5.44e-97
   18    13   1.71e-16
   18    14   5.59e-11
   18    15   4.57e-07
   18    16   4.23e-06
   18    17   3.81e-07
   18    18   2.34e-09
   18    19   2.43e-08
   18    20   1.84e-10
   18    21   3.18e-25
   18    22   8.67e-36
   18    23   8.68e-54
   18    24   0.00e+00
   18    25   0.00e+00
   18    26   0.00e+00
   18    27   0.00e+00
   18    28   0.00e+00
   18    29   0.00e+00
   18    30   0.00e+00
   18    31   0.00e+00
   18    32   0.00e+00
   18    33   0.00e+00
   18    34   0.00e+00
   18    35   0.00e+00
   18    36   0.00e+00
   18    37   0.00e+00
   18    38   0.00e+00
   18    39   0.00e+00
   18    40   0.00e+00
   18    41   0.00e+00
   18    42   0.00e+00
   19    10   0.00e+00
   19    11   0.00e+00
   19    12   0.00e+00
   19    13   2.62e-45
   19    14   1.02e-37
   19    15   4.00e-21
   19    16   3.25e-12
   19    17   1.37e-08
   19    18   2.62e-07
   19    19   7.28e-08
   19    20   5.24e-08
   19    21   1.16e-21
   19    22   6.76e-24
   19    23   9.43e-38
   19    24   2.20e-53
   19    25  3.93e-105
   19    26   0.00e+00
   19    27   0.00e+00
   19    28   0.00e+00
   19    29   0.00e+00
   19    30   0.00e+00
   19    31   0.00e+00
   19    32   0.00e+00
   19    33   0.00e+00
   19    34   0.00e+00
   19    35   0.00e+00
   19    36   0.00e+00
   19    37   0.00e+00
   19    38   0.00e+00
   19    39   0.00e+00
   19    40   0.00e+00
   19    41   0.00e+00
   20    10   0.00e+00
   20    11   0.00e+00
   20    12   0.00e+00
   20    13   0.00e+00
   20    14   2.87e-95
   20    15   1.03e-22
   20    16   7.69e-14
   20    17   4.40e-10
   20    18   2.94e-07
   20    19   6.47e-08
   20    20   4.95e-07
   20    21   5.31e-10
   20    22   7.32e-12
   20    23   3.68e-18
   20    24   5.70e-25
   20    25   1.67e-39
   20    26   0.00e+00
   20    27   0.00e+00
   20    28   0.00e+00
   20    29   0.00e+00
   20    30   0.00e+00
   20    31   0.00e+00
   20    32   0.00e+00
   20    33   0.00e+00
   20    34   0.00e+00
   20    35   0.00e+00
   20    36   0.00e+00
   20    37   0.00e+00
   20    38   0.00e+00
   20    39   0.00e+00
   20    40   0.00e+00
   21    11   0.00e+00
   21    12   0.00e+00
   21    13   0.00e+00
   21    14   0.00e+00
   21    15   4.06e-53
   21    16   8.20e-44
   21    17   8.67e-28
   21    18   9.70e-21
   21    19   8.46e-11
   21    20   4.26e-09
   21    21   1.34e-10
   21    22   1.79e-12
   21    23   3.25e-19
   21    24   7.77e-23
   21    25   1.55e-36
   21    26   2.13e-58
   21    27   0.00e+00
   21    28   0.00e+00
   21    29   0.00e+00
   21    30   0.00e+00
   21    31   0.00e+00
   21    32   0.00e+00
   21    33   0.00e+00
   21    34   0.00e+00
   21    35   0.00e+00
   21    36   0.00e+00
   21    37   0.00e+00
   21    38   0.00e+00
   21    39   0.00e+00
   22    12   0.00e+00
   22    13   0.00e+00
   22    14   0.00e+00
   22    15   0.00e+00
   22    16  8.44e-131
   22    17   1.08e-46
   22    18   5.40e-23
   22    19   1.33e-12
   22    20   3.29e-10
   22    21   1.12e-11
   22    22   9.03e-14
   22    23   3.88e-17
   22    24   1.54e-20
   22    25   4.17e-27
   22    26   2.83e-43
   22    27   0.00e+00
   22    28   0.00e+00
   22    29   0.00e+00
   22    30   0.00e+00
   22    31   0.00e+00
   22    32   0.00e+00
   22    33   0.00e+00
   22    34   0.00e+00
   22    35   0.00e+00
   22    36   0.00e+00
   22    37   0.00e+00
   22    38   0.00e+00
   23    13   0.00e+00
   23    14   0.00e+00
   23    15   0.00e+00
   23    16   0.00e+00
   23    17  1.51e-133
   23    18   6.91e-46
   23    19   3.09e-22
   23    20   5.90e-17
   23    21   1.31e-13
   23    22   7.38e-16
   23    23   2.77e-19
   23    24   4.12e-22
   23    25   4.61e-31
   23    26   8.83e-44
   23    27   0.00e+00
   23    28   0.00e+00
   23    29   0.00e+00
   23    30   0.00e+00
   23    31   0.00e+00
   23    32   0.00e+00
   23    33   0.00e+00
   23    34   0.00e+00
   23    35   0.00e+00
   23    36   0.00e+00
   23    37   0.00e+00
   24    14   0.00e+00
   24    15   0.00e+00
   24    16   0.00e+00
   24    17   0.00e+00
   24    18   0.00e+00
   24    19   6.71e-25
   24    20   3.10e-19
   24    21   9.33e-16
   24    22   3.97e-19
   24    23   6.40e-21
   24    24   1.83e-24
   24    25   3.71e-38
   24    26   7.41e-42
   24    27   0.00e+00
   24    28   0.00e+00
   24    29   0.00e+00
   24    30   0.00e+00
   24    31   0.00e+00
   24    32   0.00e+00
   24    33   0.00e+00
   24    34   0.00e+00
   24    35   0.00e+00
   24    36   0.00e+00
   25    15   0.00e+00
   25    16   0.00e+00
   25    17   0.00e+00
   25    18   0.00e+00
   25    19   1.25e-46
   25    20   4.16e-38
   25    21   7.71e-20
   25    22   1.90e-24
   25    23   6.73e-24
   25    24   7.99e-28
   25    25   3.50e-44
   25    26   1.83e-46
   25    27   0.00e+00
   25    28   0.00e+00
   25    29   0.00e+00
   25    30   0.00e+00
   25    31   0.00e+00
   25    32   0.00e+00
   25    33   0.00e+00
   25    34   0.00e+00
   25    35   0.00e+00
   26    16   0.00e+00
   26    17   0.00e+00
   26    18   0.00e+00
   26    19   2.80e-52
   26    20  4.70e-121
   26    21   5.47e-24
   26    22   1.93e-28
   26    23   1.28e-27
   26    24   1.37e-45
   26    25   2.07e-47
   26    26   5.87e-49
   26    27   0.00e+00
   26    28   0.00e+00
   26    29   0.00e+00
   26    30   0.00e+00
   26    31   0.00e+00
   26    32   0.00e+00
   26    33   0.00e+00
   26    34   0.00e+00
   27    17   0.00e+00
   27    18   0.00e+00
   27    19   0.00e+00
   27    20   0.00e+00
   27    21   1.67e-40
   27    22  9.37e-108
   27    23   7.05e-48
   27    24   4.67e-52
   27    25   9.32e-52
   27    26   0.00e+00
   27    27   0.00e+00
   27    28   0.00e+00
   27    29   0.00e+00
   27    30   0.00e+00
   27    31   0.00e+00
   27    32   0.00e+00
   27    33   0.00e+00
   28    18   0.00e+00
   28    19   0.00e+00
   28    20   0.00e+00
   28    21   0.00e+00
   28    22  6.98e-122
   28    23   3.51e-53
   28    24   0.00e+00
   28    25   0.00e+00
   28    26   0.00e+00
   28    27   0.00e+00
   28    28   0.00e+00
   28    29   0.00e+00
   28    30   0.00e+00
   28    31   0.00e+00
   28    32   0.00e+00
   29    19   0.00e+00
   29    20   0.00e+00
   29    21   0.00e+00
   29    22   0.00e+00
   29    23   0.00e+00
   29    24   0.00e+00
   29    25   0.00e+00
   29    26   0.00e+00
   29    27   0.00e+00
   29    28   0.00e+00
   29    29   0.00e+00
   29    30   0.00e+00
   29    31   0.00e+00
   30    21   0.00e+00
   30    22   0.00e+00
   30    23   0.00e+00
   30    24   0.00e+00
   30    25   0.00e+00
   30    26   0.00e+00
   30    27   0.00e+00
   30    28   0.00e+00
   30    29   0.00e+00
   30    30   0.00e+00
   31    22   0.00e+00
   31    23   0.00e+00
   31    24   0.00e+00
   31    25   0.00e+00
   31    26   0.00e+00
   31    27   0.00e+00
   31    28   0.00e+00
   31    29   0.00e+00
   32    23   0.00e+00
   32    24   0.00e+00
   32    25   0.00e+00
   32    26   0.00e+00
   32    27   0.00e+00
   32    28   0.00e+00
   33    24   0.00e+00
   33    25   0.00e+00
   33    26   0.00e+00
   33    27   0.00e+00
   34    25   0.00e+00
   34    26   0.00e+00
    0     1   2.59e-23
    1     0   3.03e-01
    2     2   3.41e-02
