    1     1   3.25e-19
    1     2   9.88e-31
    2     1   9.49e-16
    2     4   1.21e-60
    2     5   0.00e+00
    2     6   0.00e+00
    2     7   0.00e+00
    2     8   0.00e+00
    3     3   2.78e-28
    3     4   5.09e-23
    3     5   1.26e-45
    3     6   0.00e+00
    3     7   0.00e+00
    3     8   0.00e+00
    4     3   2.45e-08
    4     4   0.00e+00
    4     5   1.07e-34
    4     6   2.21e-65
    4     7  2.87e-278
    4     8   0.00e+00
    4     9   0.00e+00
    4    10   0.00e+00
    5     3   7.40e-14
    5     4   0.00e+00
    5     5   2.50e-27
    5     6   4.40e-21
    5     7   1.22e-42
    5     8   0.00e+00
    5     9   0.00e+00
    5    10   0.00e+00
    5    12   0.00e+00
    5    14   0.00e+00
    6     3   7.01e-14
    6     4   2.23e-21
    6     5   7.63e-11
    6     6   2.19e-06
    6     7   2.24e-10
    6     8   1.51e-23
    6     9   4.60e-46
    6    10   0.00e+00
    6    11   0.00e+00
    6    12   0.00e+00
    6    13   0.00e+00
    6    14   0.00e+00
    6    16   0.00e+00
    7     4   0.00e+00
    7     5   5.20e-13
    7     6   8.19e-06
    7     7   6.45e-08
    7     8   1.37e-10
    7     9   6.44e-32
    7    10   0.00e+00
    7    11   0.00e+00
    7    12   0.00e+00
    7    13   0.00e+00
    7    14   0.00e+00
    7    15   0.00e+00
    7    16   0.00e+00
    8     5   4.65e-14
    8     6   2.59e-04
    8     7   8.48e-03
    8     8   1.22e-06
    8     9   2.97e-09
    8    10   9.97e-16
    8    11   4.74e-36
    8    12   0.00e+00
    8    13   0.00e+00
    8    14   0.00e+00
    8    15   0.00e+00
    8    16   0.00e+00
    8    17   0.00e+00
    8    18   0.00e+00
    8    20   0.00e+00
    8    22   0.00e+00
    9     5   0.00e+00
    9     6   2.53e-35
    9     7   1.92e-19
    9     8   3.50e-05
    9     9   3.90e-07
    9    10   5.13e-12
    9    11   5.76e-29
    9    12   2.67e-97
    9    13  6.13e-306
    9    14   0.00e+00
    9    15   0.00e+00
    9    16   0.00e+00
    9    17   0.00e+00
    9    18   0.00e+00
    9    19   0.00e+00
    9    20   0.00e+00
    9    21   0.00e+00
    9    22   0.00e+00
    9    28   0.00e+00
   10     6   4.57e-76
   10     7   2.57e-29
   10     8   6.73e-04
   10     9   1.04e-06
   10    10   1.64e-04
   10    11   1.86e-11
   10    12   2.44e-14
   10    13   1.74e-32
   10    14   1.21e-71
   10    15   0.00e+00
   10    16   0.00e+00
   10    17   0.00e+00
   10    18   0.00e+00
   10    19   0.00e+00
   10    20   0.00e+00
   10    21   0.00e+00
   10    22   0.00e+00
   10    23   0.00e+00
   10    24   0.00e+00
   10    25   0.00e+00
   10    26   0.00e+00
   10    27   0.00e+00
   10    28   0.00e+00
   10    29   0.00e+00
   10    30   0.00e+00
   10    31   0.00e+00
   11     7   0.00e+00
   11     8   3.17e-16
   11     9   2.07e-08
   11    10   1.78e-07
   11    11   8.58e-06
   11    12   8.09e-07
   11    13   8.30e-23
   11    14   7.50e-39
   11    15  2.25e-178
   11    16   0.00e+00
   11    17   0.00e+00
   11    18   0.00e+00
   11    19   0.00e+00
   11    20   0.00e+00
   11    21   0.00e+00
   11    22   0.00e+00
   11    23   0.00e+00
   11    24   0.00e+00
   11    25   0.00e+00
   11    26   0.00e+00
   11    27   0.00e+00
   11    28   0.00e+00
   11    29   0.00e+00
   11    30   0.00e+00
   11    31   0.00e+00
   11    32   0.00e+00
   11    33   0.00e+00
   12     7  8.90e-144
   12     8   5.46e-16
   12     9   1.68e-09
   12    10   3.97e-03
   12    11   2.38e-03
   12    12   7.56e-07
   12    13   9.73e-07
   12    14   8.83e-14
   12    15   1.85e-30
   12    16   3.72e-59
   12    17   0.00e+00
   12    18   0.00e+00
   12    19   0.00e+00
   12    20   0.00e+00
   12    21   0.00e+00
   12    22   0.00e+00
   12    23   0.00e+00
   12    24   0.00e+00
   12    25   0.00e+00
   12    26   0.00e+00
   12    27   0.00e+00
   12    28   0.00e+00
   12    29   0.00e+00
   12    30   0.00e+00
   12    31   0.00e+00
   12    32   0.00e+00
   12    33   0.00e+00
   12    34   0.00e+00
   12    35   0.00e+00
   13     8   5.14e-43
   13     9   2.43e-28
   13    10   1.69e-08
   13    11   2.09e-04
   13    12   2.42e-04
   13    13   3.50e-06
   13    14   1.27e-05
   13    15   2.09e-20
   13    16   7.27e-35
   13    17  6.72e-130
   13    18  1.01e-155
   13    19   0.00e+00
   13    20   0.00e+00
   13    21   0.00e+00
   13    22   0.00e+00
   13    23   0.00e+00
   13    24   0.00e+00
   13    25   0.00e+00
   13    26   0.00e+00
   13    27   0.00e+00
   13    28   0.00e+00
   13    29   0.00e+00
   13    30   0.00e+00
   13    31   0.00e+00
   13    32   0.00e+00
   13    33   0.00e+00
   13    34   0.00e+00
   13    35   0.00e+00
   13    36   0.00e+00
   13    37   0.00e+00
   13    38   0.00e+00
   14     8  2.25e-158
   14     9   7.57e-36
   14    10   3.95e-09
   14    11   1.70e-05
   14    12   8.58e-05
   14    13   2.75e-04
   14    14   6.68e-04
   14    15   1.90e-05
   14    16   4.22e-06
   14    17   7.42e-21
   14    18   2.33e-33
   14    19  1.55e-118
   14    20   0.00e+00
   14    21   0.00e+00
   14    22   0.00e+00
   14    23   0.00e+00
   14    24   0.00e+00
   14    25   0.00e+00
   14    26   0.00e+00
   14    27   0.00e+00
   14    28   0.00e+00
   14    29   0.00e+00
   14    30   0.00e+00
   14    31   0.00e+00
   14    32   0.00e+00
   14    33   0.00e+00
   14    34   0.00e+00
   14    35   0.00e+00
   14    36   0.00e+00
   14    37   0.00e+00
   14    38   0.00e+00
   14    39   0.00e+00
   14    40   0.00e+00
   15     8   0.00e+00
   15     9  3.31e-193
   15    10   7.85e-30
   15    11   4.60e-11
   15    12   4.54e-05
   15    13   4.97e-05
   15    14   1.14e-03
   15    15   1.12e-03
   15    16   4.01e-04
   15    17   2.01e-18
   15    18   9.10e-20
   15    19   4.16e-34
   15    20   1.80e-51
   15    21   0.00e+00
   15    22   0.00e+00
   15    23   0.00e+00
   15    24   0.00e+00
   15    25   0.00e+00
   15    26   0.00e+00
   15    27   0.00e+00
   15    28   0.00e+00
   15    29   0.00e+00
   15    30   0.00e+00
   15    31   0.00e+00
   15    32   0.00e+00
   15    33   0.00e+00
   15    34   0.00e+00
   15    35   0.00e+00
   15    36   0.00e+00
   15    37   0.00e+00
   15    38   0.00e+00
   15    39   0.00e+00
   15    40   0.00e+00
   15    41   0.00e+00
   15    42   0.00e+00
   16     8   0.00e+00
   16     9   0.00e+00
   16    10   5.81e-35
   16    11   4.20e-14
   16    12   2.19e-11
   16    13   4.21e-06
   16    14   5.00e-04
   16    15   2.21e-03
   16    16   1.95e-03
   16    17   1.53e-04
   16    18   7.44e-05
   16    19   7.34e-19
   16    20   1.50e-30
   16    21   2.51e-90
   16    22   2.34e-81
   16    23   0.00e+00
   16    24   0.00e+00
   16    25   0.00e+00
   16    26   0.00e+00
   16    27   0.00e+00
   16    28   0.00e+00
   16    29   0.00e+00
   16    30   0.00e+00
   16    31   0.00e+00
   16    32   0.00e+00
   16    33   0.00e+00
   16    34   0.00e+00
   16    35   0.00e+00
   16    36   0.00e+00
   16    37   0.00e+00
   16    38   0.00e+00
   16    39   0.00e+00
   16    40   0.00e+00
   16    41   0.00e+00
   16    42   0.00e+00
   16    43   0.00e+00
   16    44   0.00e+00
   17     8   0.00e+00
   17     9   0.00e+00
   17    10   0.00e+00
   17    11   1.85e-49
   17    12   6.62e-47
   17    13   3.07e-19
   17    14   1.96e-07
   17    15   3.45e-07
   17    16   1.91e-04
   17    17   1.04e-04
   17    18   1.77e-04
   17    19   6.02e-18
   17    20   4.55e-11
   17    21   3.32e-25
   17    22   8.49e-39
   17    23   0.00e+00
   17    24   0.00e+00
   17    25   0.00e+00
   17    26   0.00e+00
   17    27   0.00e+00
   17    28   0.00e+00
   17    29   0.00e+00
   17    30   0.00e+00
   17    31   0.00e+00
   17    32   0.00e+00
   17    33   0.00e+00
   17    34   0.00e+00
   17    35   0.00e+00
   17    36   0.00e+00
   17    37   0.00e+00
   17    38   0.00e+00
   17    39   0.00e+00
   17    40   0.00e+00
   17    41   0.00e+00
   17    42   0.00e+00
   17    43   0.00e+00
   18     9   0.00e+00
   18    10   0.00e+00
   18    11   0.00e+00
   18    12  2.15e-126
   18    13   2.73e-23
   18    14   7.85e-15
   18    15   1.84e-10
   18    16   3.61e-05
   18    17   1.35e-04
   18    18   4.91e-05
   18    19   1.36e-04
   18    20   1.15e-07
   18    21   1.57e-21
   18    22   7.66e-31
   18    23   1.43e-59
   18    24   0.00e+00
   18    25   0.00e+00
   18    26   0.00e+00
   18    27   0.00e+00
   18    28   0.00e+00
   18    29   0.00e+00
   18    30   0.00e+00
   18    31   0.00e+00
   18    32   0.00e+00
   18    33   0.00e+00
   18    34   0.00e+00
   18    35   0.00e+00
   18    36   0.00e+00
   18    37   0.00e+00
   18    38   0.00e+00
   18    39   0.00e+00
   18    40   0.00e+00
   18    41   0.00e+00
   18    42   0.00e+00
   19    10   0.00e+00
   19    11   0.00e+00
   19    12   0.00e+00
   19    13   4.11e-60
   19    14   5.79e-49
   19    15   6.74e-28
   19    16   1.31e-13
   19    17   4.25e-07
   19    18   5.78e-05
   19    19   3.36e-05
   19    20   6.69e-06
   19    21   4.94e-19
   19    22   1.04e-20
   19    23   1.34e-33
   19    24   5.36e-50
   19    25  6.48e-100
   19    26   0.00e+00
   19    27   0.00e+00
   19    28   0.00e+00
   19    29   0.00e+00
   19    30   0.00e+00
   19    31   0.00e+00
   19    32   0.00e+00
   19    33   0.00e+00
   19    34   0.00e+00
   19    35   0.00e+00
   19    36   0.00e+00
   19    37   0.00e+00
   19    38   0.00e+00
   19    39   0.00e+00
   19    40   0.00e+00
   19    41   0.00e+00
   20    10   0.00e+00
   20    11   0.00e+00
   20    12   0.00e+00
   20    13   0.00e+00
   20    14  6.97e-123
   20    15   2.59e-38
   20    16   1.07e-17
   20    17   2.83e-11
   20    18   4.20e-07
   20    19   9.96e-07
   20    20   1.56e-06
   20    21   1.34e-08
   20    22   4.04e-09
   20    23   4.61e-13
   20    24   5.96e-18
   20    25   3.08e-31
   20    26   0.00e+00
   20    27   0.00e+00
   20    28   0.00e+00
   20    29   0.00e+00
   20    30   0.00e+00
   20    31   0.00e+00
   20    32   0.00e+00
   20    33   0.00e+00
   20    34   0.00e+00
   20    35   0.00e+00
   20    36   0.00e+00
   20    37   0.00e+00
   20    38   0.00e+00
   20    39   0.00e+00
   20    40   0.00e+00
   21    11   0.00e+00
   21    12   0.00e+00
   21    13   0.00e+00
   21    14   0.00e+00
   21    15   8.21e-99
   21    16   2.90e-56
   21    17   1.77e-33
   21    18   6.48e-24
   21    19   2.05e-11
   21    20   1.03e-10
   21    21   1.14e-10
   21    22   2.35e-09
   21    23   3.72e-14
   21    24   1.16e-15
   21    25   4.09e-28
   21    26   1.52e-38
   21    27   0.00e+00
   21    28   0.00e+00
   21    29   0.00e+00
   21    30   0.00e+00
   21    31   0.00e+00
   21    32   0.00e+00
   21    33   0.00e+00
   21    34   0.00e+00
   21    35   0.00e+00
   21    36   0.00e+00
   21    37   0.00e+00
   21    38   0.00e+00
   21    39   0.00e+00
   22    12   0.00e+00
   22    13   0.00e+00
   22    14   0.00e+00
   22    15   0.00e+00
   22    16   0.00e+00
   22    17   9.12e-82
   22    18   3.47e-29
   22    19   6.65e-16
   22    20   5.29e-14
   22    21   3.07e-12
   22    22   2.49e-10
   22    23   5.64e-12
   22    24   9.18e-14
   22    25   5.37e-18
   22    26   3.40e-26
   22    27   1.90e-30
   22    28   0.00e+00
   22    29   0.00e+00
   22    30   0.00e+00
   22    31   0.00e+00
   22    32   0.00e+00
   22    33   0.00e+00
   22    34   0.00e+00
   22    35   0.00e+00
   22    36   0.00e+00
   22    37   0.00e+00
   22    38   0.00e+00
   23    13   0.00e+00
   23    14   0.00e+00
   23    15   0.00e+00
   23    16   0.00e+00
   23    17   0.00e+00
   23    18   1.17e-69
   23    19   1.64e-27
   23    20   7.08e-22
   23    21   1.99e-16
   23    22   1.72e-13
   23    23   1.75e-15
   23    24   4.26e-15
   23    25   2.31e-20
   23    26   4.25e-23
   23    27   1.94e-35
   23    28   0.00e+00
   23    29   0.00e+00
   23    30   0.00e+00
   23    31   0.00e+00
   23    32   0.00e+00
   23    33   0.00e+00
   23    34   0.00e+00
   23    35   0.00e+00
   23    36   0.00e+00
   23    37   0.00e+00
   24    14   0.00e+00
   24    15   0.00e+00
   24    16   0.00e+00
   24    17   0.00e+00
   24    18   0.00e+00
   24    19   1.89e-41
   24    20   4.44e-27
   24    21   3.48e-21
   24    22   2.28e-18
   24    23   2.11e-17
   24    24   3.15e-17
   24    25   4.77e-20
   24    26   5.50e-23
   24    27   2.10e-35
   24    28   7.83e-47
   24    29   0.00e+00
   24    30   0.00e+00
   24    31   0.00e+00
   24    32   0.00e+00
   24    33   0.00e+00
   24    34   0.00e+00
   24    35   0.00e+00
   24    36   0.00e+00
   25    15   0.00e+00
   25    16   0.00e+00
   25    17   0.00e+00
   25    18   0.00e+00
   25    19   0.00e+00
   25    20   9.12e-57
   25    21   2.93e-28
   25    22   3.47e-27
   25    23   1.28e-22
   25    24   5.89e-22
   25    25   4.39e-25
   25    26   6.49e-26
   25    27   6.20e-44
   25    28   4.49e-47
   25    29   0.00e+00
   25    30   0.00e+00
   25    31   0.00e+00
   25    32   0.00e+00
   25    33   0.00e+00
   25    34   0.00e+00
   25    35   0.00e+00
   26    16   0.00e+00
   26    17   0.00e+00
   26    18   0.00e+00
   26    19  3.14e-106
   26    20  4.87e-174
   26    21   3.72e-41
   26    22   1.40e-36
   26    23   8.84e-29
   26    24   1.19e-27
   26    25   9.63e-27
   26    26   1.47e-41
   26    27   8.93e-44
   26    28   9.03e-47
   26    29   0.00e+00
   26    30   0.00e+00
   26    31   0.00e+00
   26    32   0.00e+00
   26    33   0.00e+00
   26    34   0.00e+00
   27    17   0.00e+00
   27    18   0.00e+00
   27    19   0.00e+00
   27    20   0.00e+00
   27    21   0.00e+00
   27    22   0.00e+00
   27    23   3.52e-39
   27    24   3.19e-29
   27    25   7.74e-46
   27    26   5.25e-48
   27    27   2.51e-51
   27    28   0.00e+00
   27    29   0.00e+00
   27    30   0.00e+00
   27    31   0.00e+00
   27    32   0.00e+00
   27    33   0.00e+00
   28    18   0.00e+00
   28    19   0.00e+00
   28    20   0.00e+00
   28    21   0.00e+00
   28    22   0.00e+00
   28    23   0.00e+00
   28    24   0.00e+00
   28    25   0.00e+00
   28    26   0.00e+00
   28    27   0.00e+00
   28    28   0.00e+00
   28    29   0.00e+00
   28    30   0.00e+00
   28    31   0.00e+00
   28    32   0.00e+00
   29    19   0.00e+00
   29    20   0.00e+00
   29    21   0.00e+00
   29    22   0.00e+00
   29    23   0.00e+00
   29    24   0.00e+00
   29    25   0.00e+00
   29    26   0.00e+00
   29    27   0.00e+00
   29    28   0.00e+00
   29    29   0.00e+00
   29    30   0.00e+00
   29    31   0.00e+00
   30    21   0.00e+00
   30    22   0.00e+00
   30    23   0.00e+00
   30    24   0.00e+00
   30    25   0.00e+00
   30    26   0.00e+00
   30    27   0.00e+00
   30    28   0.00e+00
   30    29   0.00e+00
   30    30   0.00e+00
   31    22   0.00e+00
   31    23   0.00e+00
   31    24   0.00e+00
   31    25   0.00e+00
   31    26   0.00e+00
   31    27   0.00e+00
   31    28   0.00e+00
   31    29   0.00e+00
   32    23   0.00e+00
   32    24   0.00e+00
   32    25   0.00e+00
   32    26   0.00e+00
   32    27   0.00e+00
   32    28   0.00e+00
   33    24   0.00e+00
   33    25   0.00e+00
   33    26   0.00e+00
   33    27   0.00e+00
   34    25   0.00e+00
   34    26   0.00e+00
    0     1   1.60e-22
    1     0   2.30e-01
    2     2   4.30e-02
