    1     1   8.05e-19
    1     2   1.58e-29
    2     1   2.73e-15
    2     4   1.21e-60
    2     5   0.00e+00
    2     6   0.00e+00
    2     7   0.00e+00
    2     8   0.00e+00
    3     3   7.08e-28
    3     4   4.34e-22
    3     5   6.08e-44
    3     6   0.00e+00
    3     7   0.00e+00
    3     8   0.00e+00
    4     3   2.45e-08
    4     4   0.00e+00
    4     5   4.32e-34
    4     6   2.91e-77
    4     7  1.04e-279
    4     8   0.00e+00
    4     9   0.00e+00
    4    10   0.00e+00
    5     3   1.85e-13
    5     4   0.00e+00
    5     5   1.11e-27
    5     6   3.57e-20
    5     7   1.97e-40
    5     8   0.00e+00
    5     9   0.00e+00
    5    10   0.00e+00
    5    12   0.00e+00
    5    14   0.00e+00
    6     3   1.24e-14
    6     4   1.83e-21
    6     5   4.64e-11
    6     6   4.85e-05
    6     7   3.82e-08
    6     8   1.41e-20
    6     9   9.01e-42
    6    10   0.00e+00
    6    11   0.00e+00
    6    12   0.00e+00
    6    13   0.00e+00
    6    14   0.00e+00
    6    16   0.00e+00
    7     4   0.00e+00
    7     5   1.57e-14
    7     6   8.24e-05
    7     7   2.58e-06
    7     8   5.04e-09
    7     9   4.71e-29
    7    10   0.00e+00
    7    11   0.00e+00
    7    12   0.00e+00
    7    13   0.00e+00
    7    14   0.00e+00
    7    15   0.00e+00
    7    16   0.00e+00
    8     5   6.79e-17
    8     6   3.95e-04
    8     7   8.82e-03
    8     8   1.15e-06
    8     9   5.99e-08
    8    10   5.68e-14
    8    11   6.55e-33
    8    12  4.06e-110
    8    13   0.00e+00
    8    14   0.00e+00
    8    15   0.00e+00
    8    16   0.00e+00
    8    17   0.00e+00
    8    18   0.00e+00
    8    20   0.00e+00
    8    22   0.00e+00
    9     5   0.00e+00
    9     6   7.65e-43
    9     7   2.11e-22
    9     8   3.26e-05
    9     9   2.15e-06
    9    10   3.78e-10
    9    11   1.62e-25
    9    12   4.00e-41
    9    13   0.00e+00
    9    14   0.00e+00
    9    15   0.00e+00
    9    16   0.00e+00
    9    17   0.00e+00
    9    18   0.00e+00
    9    19   0.00e+00
    9    20   0.00e+00
    9    21   0.00e+00
    9    22   0.00e+00
    9    28   0.00e+00
   10     6   4.57e-76
   10     7   1.89e-33
   10     8   7.05e-05
   10     9   1.08e-06
   10    10   6.89e-04
   10    11   1.09e-09
   10    12   1.39e-12
   10    13   3.78e-29
   10    14   5.60e-76
   10    15   0.00e+00
   10    16   0.00e+00
   10    17   0.00e+00
   10    18   0.00e+00
   10    19   0.00e+00
   10    20   0.00e+00
   10    21   0.00e+00
   10    22   0.00e+00
   10    23   0.00e+00
   10    24   0.00e+00
   10    25   0.00e+00
   10    26   0.00e+00
   10    27   0.00e+00
   10    28   0.00e+00
   10    29   0.00e+00
   10    30   0.00e+00
   10    31   0.00e+00
   11     7   0.00e+00
   11     8   4.13e-19
   11     9   1.50e-10
   11    10   3.66e-07
   11    11   7.54e-05
   11    12   5.72e-05
   11    13   2.33e-19
   11    14   8.95e-34
   11    15  4.84e-212
   11    16   0.00e+00
   11    17   0.00e+00
   11    18   0.00e+00
   11    19   0.00e+00
   11    20   0.00e+00
   11    21   0.00e+00
   11    22   0.00e+00
   11    23   0.00e+00
   11    24   0.00e+00
   11    25   0.00e+00
   11    26   0.00e+00
   11    27   0.00e+00
   11    28   0.00e+00
   11    29   0.00e+00
   11    30   0.00e+00
   11    31   0.00e+00
   11    32   0.00e+00
   11    33   0.00e+00
   12     7  8.90e-144
   12     8   3.42e-20
   12     9   1.39e-12
   12    10   1.49e-03
   12    11   3.63e-03
   12    12   1.11e-05
   12    13   7.70e-05
   12    14   5.79e-12
   12    15   2.94e-27
   12    16   1.03e-60
   12    17   0.00e+00
   12    18   0.00e+00
   12    19   0.00e+00
   12    20   0.00e+00
   12    21   0.00e+00
   12    22   0.00e+00
   12    23   0.00e+00
   12    24   0.00e+00
   12    25   0.00e+00
   12    26   0.00e+00
   12    27   0.00e+00
   12    28   0.00e+00
   12    29   0.00e+00
   12    30   0.00e+00
   12    31   0.00e+00
   12    32   0.00e+00
   12    33   0.00e+00
   12    34   0.00e+00
   12    35   0.00e+00
   13     8   7.61e-54
   13     9   1.08e-36
   13    10   4.15e-10
   13    11   4.21e-05
   13    12   6.19e-04
   13    13   5.52e-05
   13    14   1.39e-04
   13    15   5.46e-18
   13    16   3.78e-31
   13    17  8.51e-136
   13    18  5.45e-164
   13    19   0.00e+00
   13    20   0.00e+00
   13    21   0.00e+00
   13    22   0.00e+00
   13    23   0.00e+00
   13    24   0.00e+00
   13    25   0.00e+00
   13    26   0.00e+00
   13    27   0.00e+00
   13    28   0.00e+00
   13    29   0.00e+00
   13    30   0.00e+00
   13    31   0.00e+00
   13    32   0.00e+00
   13    33   0.00e+00
   13    34   0.00e+00
   13    35   0.00e+00
   13    36   0.00e+00
   13    37   0.00e+00
   13    38   0.00e+00
   14     8  1.64e-172
   14     9   7.48e-60
   14    10   1.09e-11
   14    11   2.86e-08
   14    12   2.69e-05
   14    13   2.47e-04
   14    14   9.06e-04
   14    15   2.52e-04
   14    16   4.31e-05
   14    17   1.23e-18
   14    18   1.16e-30
   14    19  1.99e-120
   14    20   0.00e+00
   14    21   0.00e+00
   14    22   0.00e+00
   14    23   0.00e+00
   14    24   0.00e+00
   14    25   0.00e+00
   14    26   0.00e+00
   14    27   0.00e+00
   14    28   0.00e+00
   14    29   0.00e+00
   14    30   0.00e+00
   14    31   0.00e+00
   14    32   0.00e+00
   14    33   0.00e+00
   14    34   0.00e+00
   14    35   0.00e+00
   14    36   0.00e+00
   14    37   0.00e+00
   14    38   0.00e+00
   14    39   0.00e+00
   14    40   0.00e+00
   15     8   0.00e+00
   15     9  5.30e-255
   15    10   7.80e-37
   15    11   1.83e-13
   15    12   3.98e-07
   15    13   6.25e-07
   15    14   5.07e-04
   15    15   1.90e-03
   15    16   1.57e-03
   15    17   6.66e-17
   15    18   1.41e-18
   15    19   6.47e-32
   15    20   2.20e-49
   15    21   0.00e+00
   15    22   0.00e+00
   15    23   0.00e+00
   15    24   0.00e+00
   15    25   0.00e+00
   15    26   0.00e+00
   15    27   0.00e+00
   15    28   0.00e+00
   15    29   0.00e+00
   15    30   0.00e+00
   15    31   0.00e+00
   15    32   0.00e+00
   15    33   0.00e+00
   15    34   0.00e+00
   15    35   0.00e+00
   15    36   0.00e+00
   15    37   0.00e+00
   15    38   0.00e+00
   15    39   0.00e+00
   15    40   0.00e+00
   15    41   0.00e+00
   15    42   0.00e+00
   16     8   0.00e+00
   16     9   0.00e+00
   16    10   2.68e-41
   16    11   3.71e-18
   16    12   2.15e-15
   16    13   9.19e-10
   16    14   2.45e-05
   16    15   5.68e-04
   16    16   2.54e-03
   16    17   2.89e-04
   16    18   1.85e-04
   16    19   9.04e-18
   16    20   1.71e-28
   16    21   1.76e-90
   16    22   1.88e-81
   16    23   0.00e+00
   16    24   0.00e+00
   16    25   0.00e+00
   16    26   0.00e+00
   16    27   0.00e+00
   16    28   0.00e+00
   16    29   0.00e+00
   16    30   0.00e+00
   16    31   0.00e+00
   16    32   0.00e+00
   16    33   0.00e+00
   16    34   0.00e+00
   16    35   0.00e+00
   16    36   0.00e+00
   16    37   0.00e+00
   16    38   0.00e+00
   16    39   0.00e+00
   16    40   0.00e+00
   16    41   0.00e+00
   16    42   0.00e+00
   16    43   0.00e+00
   16    44   0.00e+00
   17     8   0.00e+00
   17     9   0.00e+00
   17    10   0.00e+00
   17    11   1.88e-62
   17    12   3.95e-60
   17    13   9.15e-25
   17    14   3.24e-11
   17    15   3.12e-10
   17    16   4.41e-05
   17    17   1.78e-05
   17    18   3.03e-04
   17    19   9.77e-17
   17    20   2.72e-10
   17    21   1.31e-23
   17    22   2.61e-36
   17    23   0.00e+00
   17    24   0.00e+00
   17    25   0.00e+00
   17    26   0.00e+00
   17    27   0.00e+00
   17    28   0.00e+00
   17    29   0.00e+00
   17    30   0.00e+00
   17    31   0.00e+00
   17    32   0.00e+00
   17    33   0.00e+00
   17    34   0.00e+00
   17    35   0.00e+00
   17    36   0.00e+00
   17    37   0.00e+00
   17    38   0.00e+00
   17    39   0.00e+00
   17    40   0.00e+00
   17    41   0.00e+00
   17    42   0.00e+00
   17    43   0.00e+00
   18     9   0.00e+00
   18    10   0.00e+00
   18    11   0.00e+00
   18    12  8.48e-152
   18    13   1.32e-30
   18    14   1.15e-20
   18    15   2.84e-16
   18    16   5.72e-07
   18    17   1.75e-05
   18    18   5.34e-05
   18    19   2.06e-04
   18    20   4.08e-07
   18    21   3.38e-20
   18    22   8.20e-30
   18    23   1.43e-59
   18    24   0.00e+00
   18    25   0.00e+00
   18    26   0.00e+00
   18    27   0.00e+00
   18    28   0.00e+00
   18    29   0.00e+00
   18    30   0.00e+00
   18    31   0.00e+00
   18    32   0.00e+00
   18    33   0.00e+00
   18    34   0.00e+00
   18    35   0.00e+00
   18    36   0.00e+00
   18    37   0.00e+00
   18    38   0.00e+00
   18    39   0.00e+00
   18    40   0.00e+00
   18    41   0.00e+00
   18    42   0.00e+00
   19    10   0.00e+00
   19    11   0.00e+00
   19    12   0.00e+00
   19    13  7.54e-120
   19    14   1.78e-63
   19    15   4.46e-37
   19    16   1.40e-17
   19    17   2.27e-09
   19    18   5.03e-06
   19    19   3.59e-05
   19    20   7.87e-06
   19    21   3.90e-18
   19    22   3.02e-20
   19    23   2.02e-32
   19    24   5.33e-50
   19    25  6.43e-100
   19    26   0.00e+00
   19    27   0.00e+00
   19    28   0.00e+00
   19    29   0.00e+00
   19    30   0.00e+00
   19    31   0.00e+00
   19    32   0.00e+00
   19    33   0.00e+00
   19    34   0.00e+00
   19    35   0.00e+00
   19    36   0.00e+00
   19    37   0.00e+00
   19    38   0.00e+00
   19    39   0.00e+00
   19    40   0.00e+00
   19    41   0.00e+00
   20    10   0.00e+00
   20    11   0.00e+00
   20    12   0.00e+00
   20    13   0.00e+00
   20    14   0.00e+00
   20    15   4.37e-71
   20    16   2.98e-24
   20    17   7.90e-17
   20    18   6.00e-10
   20    19   2.52e-08
   20    20   1.60e-06
   20    21   1.35e-08
   20    22   4.17e-09
   20    23   1.11e-12
   20    24   1.62e-17
   20    25   4.12e-30
   20    26   0.00e+00
   20    27   0.00e+00
   20    28   0.00e+00
   20    29   0.00e+00
   20    30   0.00e+00
   20    31   0.00e+00
   20    32   0.00e+00
   20    33   0.00e+00
   20    34   0.00e+00
   20    35   0.00e+00
   20    36   0.00e+00
   20    37   0.00e+00
   20    38   0.00e+00
   20    39   0.00e+00
   20    40   0.00e+00
   21    11   0.00e+00
   21    12   0.00e+00
   21    13   0.00e+00
   21    14   0.00e+00
   21    15  2.59e-156
   21    16   3.79e-73
   21    17   6.95e-44
   21    18   4.58e-30
   21    19   6.78e-15
   21    20   2.77e-13
   21    21   1.14e-12
   21    22   2.37e-09
   21    23   3.86e-14
   21    24   3.18e-15
   21    25   5.91e-27
   21    26   7.14e-38
   21    27  2.01e-118
   21    28   0.00e+00
   21    29   0.00e+00
   21    30   0.00e+00
   21    31   0.00e+00
   21    32   0.00e+00
   21    33   0.00e+00
   21    34   0.00e+00
   21    35   0.00e+00
   21    36   0.00e+00
   21    37   0.00e+00
   21    38   0.00e+00
   21    39   0.00e+00
   22    12   0.00e+00
   22    13   0.00e+00
   22    14   0.00e+00
   22    15   0.00e+00
   22    16   0.00e+00
   22    17  2.80e-116
   22    18   4.40e-46
   22    19   1.48e-21
   22    20   8.77e-19
   22    21   2.61e-15
   22    22   2.50e-10
   22    23   5.91e-12
   22    24   9.47e-14
   22    25   1.38e-17
   22    26   1.03e-25
   22    27   1.26e-29
   22    28   0.00e+00
   22    29   0.00e+00
   22    30   0.00e+00
   22    31   0.00e+00
   22    32   0.00e+00
   22    33   0.00e+00
   22    34   0.00e+00
   22    35   0.00e+00
   22    36   0.00e+00
   22    37   0.00e+00
   22    38   0.00e+00
   23    13   0.00e+00
   23    14   0.00e+00
   23    15   0.00e+00
   23    16   0.00e+00
   23    17   0.00e+00
   23    18  2.85e-104
   23    19   1.13e-34
   23    20   2.38e-27
   23    21   9.21e-22
   23    22   2.58e-15
   23    23   8.81e-18
   23    24   4.29e-15
   23    25   2.58e-20
   23    26   1.16e-22
   23    27   2.97e-34
   23    28   2.97e-69
   23    29   0.00e+00
   23    30   0.00e+00
   23    31   0.00e+00
   23    32   0.00e+00
   23    33   0.00e+00
   23    34   0.00e+00
   23    35   0.00e+00
   23    36   0.00e+00
   23    37   0.00e+00
   24    14   0.00e+00
   24    15   0.00e+00
   24    16   0.00e+00
   24    17   0.00e+00
   24    18   0.00e+00
   24    19   2.98e-77
   24    20   2.78e-39
   24    21   6.42e-29
   24    22   1.39e-22
   24    23   1.60e-20
   24    24   3.19e-17
   24    25   4.86e-20
   24    26   5.59e-23
   24    27   1.34e-34
   24    28   7.83e-47
   24    29   0.00e+00
   24    30   0.00e+00
   24    31   0.00e+00
   24    32   0.00e+00
   24    33   0.00e+00
   24    34   0.00e+00
   24    35   0.00e+00
   24    36   0.00e+00
   25    15   0.00e+00
   25    16   0.00e+00
   25    17   0.00e+00
   25    18   0.00e+00
   25    19   0.00e+00
   25    20   0.00e+00
   25    21   5.45e-46
   25    22   4.06e-35
   25    23   9.82e-29
   25    24   2.07e-24
   25    25   1.37e-27
   25    26   6.57e-26
   25    27   6.20e-44
   25    28   4.49e-47
   25    29   0.00e+00
   25    30   0.00e+00
   25    31   0.00e+00
   25    32   0.00e+00
   25    33   0.00e+00
   25    34   0.00e+00
   25    35   0.00e+00
   26    16   0.00e+00
   26    17   0.00e+00
   26    18   0.00e+00
   26    19  1.78e-142
   26    20   0.00e+00
   26    21   1.82e-75
   26    22   2.94e-51
   26    23   3.46e-42
   26    24   1.19e-28
   26    25   9.63e-27
   26    26   1.47e-41
   26    27   8.93e-44
   26    28   9.03e-47
   26    29   0.00e+00
   26    30   0.00e+00
   26    31   0.00e+00
   26    32   0.00e+00
   26    33   0.00e+00
   26    34   0.00e+00
   27    17   0.00e+00
   27    18   0.00e+00
   27    19   0.00e+00
   27    20   0.00e+00
   27    21   0.00e+00
   27    22   0.00e+00
   27    23   1.04e-59
   27    24   0.00e+00
   27    25   7.74e-46
   27    26   5.25e-48
   27    27   0.00e+00
   27    28   0.00e+00
   27    29   0.00e+00
   27    30   0.00e+00
   27    31   0.00e+00
   27    32   0.00e+00
   27    33   0.00e+00
   28    18   0.00e+00
   28    19   0.00e+00
   28    20   0.00e+00
   28    21   0.00e+00
   28    22   0.00e+00
   28    23   0.00e+00
   28    24   0.00e+00
   28    25   0.00e+00
   28    26   0.00e+00
   28    27   0.00e+00
   28    28   0.00e+00
   28    29   0.00e+00
   28    30   0.00e+00
   28    31   0.00e+00
   28    32   0.00e+00
   29    19   0.00e+00
   29    20   0.00e+00
   29    21   0.00e+00
   29    22   0.00e+00
   29    23   0.00e+00
   29    24   0.00e+00
   29    25   0.00e+00
   29    26   0.00e+00
   29    27   0.00e+00
   29    28   0.00e+00
   29    29   0.00e+00
   29    30   0.00e+00
   29    31   0.00e+00
   30    21   0.00e+00
   30    22   0.00e+00
   30    23   0.00e+00
   30    24   0.00e+00
   30    25   0.00e+00
   30    26   0.00e+00
   30    27   0.00e+00
   30    28   0.00e+00
   30    29   0.00e+00
   30    30   0.00e+00
   31    22   0.00e+00
   31    23   0.00e+00
   31    24   0.00e+00
   31    25   0.00e+00
   31    26   0.00e+00
   31    27   0.00e+00
   31    28   0.00e+00
   31    29   0.00e+00
   32    23   0.00e+00
   32    24   0.00e+00
   32    25   0.00e+00
   32    26   0.00e+00
   32    27   0.00e+00
   32    28   0.00e+00
   33    24   0.00e+00
   33    25   0.00e+00
   33    26   0.00e+00
   33    27   0.00e+00
   34    25   0.00e+00
   34    26   0.00e+00
    0     1   5.66e-22
    1     0   2.22e-01
    2     2   4.45e-02
