    1     1   2.53e-19
    1     2   2.05e-31
    2     1   6.58e-16
    2     4   1.21e-60
    2     5   0.00e+00
    2     6   0.00e+00
    2     7   0.00e+00
    2     8   0.00e+00
    3     3   2.10e-28
    3     4   2.10e-23
    3     5   6.54e-46
    3     6   0.00e+00
    3     7   0.00e+00
    3     8   0.00e+00
    4     3   2.46e-08
    4     4   0.00e+00
    4     5   2.83e-35
    4     6   6.91e-62
    4     7  2.62e-274
    4     8   0.00e+00
    4     9   0.00e+00
    4    10   0.00e+00
    5     3   6.41e-14
    5     4   0.00e+00
    5     5   1.24e-25
    5     6   2.69e-21
    5     7   1.15e-43
    5     8   0.00e+00
    5     9   0.00e+00
    5    10   0.00e+00
    5    12   0.00e+00
    5    14   0.00e+00
    6     3   1.75e-13
    6     4   2.38e-21
    6     5   1.26e-10
    6     6   5.08e-07
    6     7   1.62e-11
    6     8   9.07e-25
    6     9   4.23e-48
    6    10   0.00e+00
    6    11   0.00e+00
    6    12   0.00e+00
    6    13   0.00e+00
    6    14   0.00e+00
    6    16   0.00e+00
    7     4   0.00e+00
    7     5   2.21e-12
    7     6   2.07e-06
    7     7   1.46e-08
    7     8   3.47e-11
    7     9   2.56e-33
    7    10   0.00e+00
    7    11   0.00e+00
    7    12   0.00e+00
    7    13   0.00e+00
    7    14   0.00e+00
    7    15   0.00e+00
    7    16   0.00e+00
    8     5   6.25e-13
    8     6   1.89e-04
    8     7   7.86e-03
    8     8   1.98e-06
    8     9   7.66e-10
    8    10   2.00e-16
    8    11   1.40e-37
    8    12   0.00e+00
    8    13   0.00e+00
    8    14   0.00e+00
    8    15   0.00e+00
    8    16   0.00e+00
    8    17   0.00e+00
    8    18   0.00e+00
    8    20   0.00e+00
    8    22   0.00e+00
    9     5   0.00e+00
    9     6   4.62e-33
    9     7   1.63e-18
    9     8   3.69e-05
    9     9   1.83e-07
    9    10   9.61e-13
    9    11   1.32e-30
    9    12   6.00e-95
    9    13  6.02e-238
    9    14   0.00e+00
    9    15   0.00e+00
    9    16   0.00e+00
    9    17   0.00e+00
    9    18   0.00e+00
    9    19   0.00e+00
    9    20   0.00e+00
    9    21   0.00e+00
    9    22   0.00e+00
    9    28   0.00e+00
   10     6   4.57e-76
   10     7   3.20e-28
   10     8   1.37e-03
   10     9   8.36e-07
   10    10   6.66e-05
   10    11   3.19e-12
   10    12   2.39e-15
   10    13   2.09e-34
   10    14   2.09e-71
   10    15   0.00e+00
   10    16   0.00e+00
   10    17   0.00e+00
   10    18   0.00e+00
   10    19   0.00e+00
   10    20   0.00e+00
   10    21   0.00e+00
   10    22   0.00e+00
   10    23   0.00e+00
   10    24   0.00e+00
   10    25   0.00e+00
   10    26   0.00e+00
   10    27   0.00e+00
   10    28   0.00e+00
   10    29   0.00e+00
   10    30   0.00e+00
   10    31   0.00e+00
   11     7   0.00e+00
   11     8   2.76e-15
   11     9   6.81e-08
   11    10   1.02e-07
   11    11   3.69e-06
   11    12   1.21e-07
   11    13   1.40e-24
   11    14   1.38e-41
   11    15  1.82e-158
   11    16   0.00e+00
   11    17   0.00e+00
   11    18   0.00e+00
   11    19   0.00e+00
   11    20   0.00e+00
   11    21   0.00e+00
   11    22   0.00e+00
   11    23   0.00e+00
   11    24   0.00e+00
   11    25   0.00e+00
   11    26   0.00e+00
   11    27   0.00e+00
   11    28   0.00e+00
   11    29   0.00e+00
   11    30   0.00e+00
   11    31   0.00e+00
   11    32   0.00e+00
   11    33   0.00e+00
   12     7  8.90e-144
   12     8   1.48e-14
   12     9   1.25e-08
   12    10   5.39e-03
   12    11   1.44e-03
   12    12   3.53e-07
   12    13   1.35e-07
   12    14   1.10e-14
   12    15   2.76e-32
   12    16   1.05e-59
   12    17   0.00e+00
   12    18   0.00e+00
   12    19   0.00e+00
   12    20   0.00e+00
   12    21   0.00e+00
   12    22   0.00e+00
   12    23   0.00e+00
   12    24   0.00e+00
   12    25   0.00e+00
   12    26   0.00e+00
   12    27   0.00e+00
   12    28   0.00e+00
   12    29   0.00e+00
   12    30   0.00e+00
   12    31   0.00e+00
   12    32   0.00e+00
   12    33   0.00e+00
   12    34   0.00e+00
   12    35   0.00e+00
   13     8   1.66e-39
   13     9   6.42e-26
   13    10   2.97e-08
   13    11   2.38e-04
   13    12   1.42e-04
   13    13   8.44e-07
   13    14   2.97e-06
   13    15   5.41e-22
   13    16   1.97e-37
   13    17  6.52e-124
   13    18  1.09e-147
   13    19   0.00e+00
   13    20   0.00e+00
   13    21   0.00e+00
   13    22   0.00e+00
   13    23   0.00e+00
   13    24   0.00e+00
   13    25   0.00e+00
   13    26   0.00e+00
   13    27   0.00e+00
   13    28   0.00e+00
   13    29   0.00e+00
   13    30   0.00e+00
   13    31   0.00e+00
   13    32   0.00e+00
   13    33   0.00e+00
   13    34   0.00e+00
   13    35   0.00e+00
   13    36   0.00e+00
   13    37   0.00e+00
   13    38   0.00e+00
   14     8  1.29e-153
   14     9   2.06e-27
   14    10   1.57e-08
   14    11   9.13e-05
   14    12   9.21e-05
   14    13   2.21e-04
   14    14   4.32e-04
   14    15   4.52e-06
   14    16   6.53e-07
   14    17   1.38e-22
   14    18   1.69e-35
   14    19  1.30e-114
   14    20   0.00e+00
   14    21   0.00e+00
   14    22   0.00e+00
   14    23   0.00e+00
   14    24   0.00e+00
   14    25   0.00e+00
   14    26   0.00e+00
   14    27   0.00e+00
   14    28   0.00e+00
   14    29   0.00e+00
   14    30   0.00e+00
   14    31   0.00e+00
   14    32   0.00e+00
   14    33   0.00e+00
   14    34   0.00e+00
   14    35   0.00e+00
   14    36   0.00e+00
   14    37   0.00e+00
   14    38   0.00e+00
   14    39   0.00e+00
   14    40   0.00e+00
   15     8   0.00e+00
   15     9  5.05e-169
   15    10   7.94e-28
   15    11   2.12e-10
   15    12   1.59e-04
   15    13   1.25e-04
   15    14   1.21e-03
   15    15   5.91e-04
   15    16   1.28e-04
   15    17   1.11e-19
   15    18   8.19e-21
   15    19   5.80e-36
   15    20   1.36e-87
   15    21   0.00e+00
   15    22   0.00e+00
   15    23   0.00e+00
   15    24   0.00e+00
   15    25   0.00e+00
   15    26   0.00e+00
   15    27   0.00e+00
   15    28   0.00e+00
   15    29   0.00e+00
   15    30   0.00e+00
   15    31   0.00e+00
   15    32   0.00e+00
   15    33   0.00e+00
   15    34   0.00e+00
   15    35   0.00e+00
   15    36   0.00e+00
   15    37   0.00e+00
   15    38   0.00e+00
   15    39   0.00e+00
   15    40   0.00e+00
   15    41   0.00e+00
   15    42   0.00e+00
   16     8   0.00e+00
   16     9   0.00e+00
   16    10   4.20e-33
   16    11   7.77e-13
   16    12   3.95e-10
   16    13   4.14e-05
   16    14   1.12e-03
   16    15   2.82e-03
   16    16   1.23e-03
   16    17   7.92e-05
   16    18   2.50e-05
   16    19   7.21e-20
   16    20   2.76e-32
   16    21   9.36e-90
   16    22   0.00e+00
   16    23   0.00e+00
   16    24   0.00e+00
   16    25   0.00e+00
   16    26   0.00e+00
   16    27   0.00e+00
   16    28   0.00e+00
   16    29   0.00e+00
   16    30   0.00e+00
   16    31   0.00e+00
   16    32   0.00e+00
   16    33   0.00e+00
   16    34   0.00e+00
   16    35   0.00e+00
   16    36   0.00e+00
   16    37   0.00e+00
   16    38   0.00e+00
   16    39   0.00e+00
   16    40   0.00e+00
   16    41   0.00e+00
   16    42   0.00e+00
   16    43   0.00e+00
   16    44   0.00e+00
   17     8   0.00e+00
   17     9   0.00e+00
   17    10   0.00e+00
   17    11   2.03e-45
   17    12   8.61e-43
   17    13   1.27e-17
   17    14   9.48e-07
   17    15   3.59e-06
   17    16   2.58e-04
   17    17   1.06e-04
   17    18   8.53e-05
   17    19   5.34e-19
   17    20   1.09e-11
   17    21   1.75e-26
   17    22   7.68e-82
   17    23   0.00e+00
   17    24   0.00e+00
   17    25   0.00e+00
   17    26   0.00e+00
   17    27   0.00e+00
   17    28   0.00e+00
   17    29   0.00e+00
   17    30   0.00e+00
   17    31   0.00e+00
   17    32   0.00e+00
   17    33   0.00e+00
   17    34   0.00e+00
   17    35   0.00e+00
   17    36   0.00e+00
   17    37   0.00e+00
   17    38   0.00e+00
   17    39   0.00e+00
   17    40   0.00e+00
   17    41   0.00e+00
   17    42   0.00e+00
   17    43   0.00e+00
   18     9   0.00e+00
   18    10   0.00e+00
   18    11   0.00e+00
   18    12  2.03e-117
   18    13   4.95e-21
   18    14   1.91e-13
   18    15   1.23e-08
   18    16   1.08e-04
   18    17   2.10e-04
   18    18   3.48e-05
   18    19   7.31e-05
   18    20   4.32e-08
   18    21   1.35e-22
   18    22   1.26e-31
   18    23   1.19e-59
   18    24   0.00e+00
   18    25   0.00e+00
   18    26   0.00e+00
   18    27   0.00e+00
   18    28   0.00e+00
   18    29   0.00e+00
   18    30   0.00e+00
   18    31   0.00e+00
   18    32   0.00e+00
   18    33   0.00e+00
   18    34   0.00e+00
   18    35   0.00e+00
   18    36   0.00e+00
   18    37   0.00e+00
   18    38   0.00e+00
   18    39   0.00e+00
   18    40   0.00e+00
   18    41   0.00e+00
   18    42   0.00e+00
   19    10   0.00e+00
   19    11   0.00e+00
   19    12   0.00e+00
   19    13   6.50e-55
   19    14   6.97e-45
   19    15   5.42e-25
   19    16   2.22e-12
   19    17   1.73e-06
   19    18   7.86e-05
   19    19   2.64e-05
   19    20   4.65e-06
   19    21   8.61e-20
   19    22   5.24e-21
   19    23   1.95e-34
   19    24   5.45e-50
   19    25  6.64e-100
   19    26   0.00e+00
   19    27   0.00e+00
   19    28   0.00e+00
   19    29   0.00e+00
   19    30   0.00e+00
   19    31   0.00e+00
   19    32   0.00e+00
   19    33   0.00e+00
   19    34   0.00e+00
   19    35   0.00e+00
   19    36   0.00e+00
   19    37   0.00e+00
   19    38   0.00e+00
   19    39   0.00e+00
   19    40   0.00e+00
   19    41   0.00e+00
   20    10   0.00e+00
   20    11   0.00e+00
   20    12   0.00e+00
   20    13   0.00e+00
   20    14  6.96e-120
   20    15   1.15e-28
   20    16   1.19e-15
   20    17   1.14e-09
   20    18   2.01e-06
   20    19   2.21e-06
   20    20   1.42e-06
   20    21   1.30e-08
   20    22   3.68e-09
   20    23   2.66e-13
   20    24   3.01e-18
   20    25   4.62e-32
   20    26   0.00e+00
   20    27   0.00e+00
   20    28   0.00e+00
   20    29   0.00e+00
   20    30   0.00e+00
   20    31   0.00e+00
   20    32   0.00e+00
   20    33   0.00e+00
   20    34   0.00e+00
   20    35   0.00e+00
   20    36   0.00e+00
   20    37   0.00e+00
   20    38   0.00e+00
   20    39   0.00e+00
   20    40   0.00e+00
   21    11   0.00e+00
   21    12   0.00e+00
   21    13   0.00e+00
   21    14   0.00e+00
   21    15   1.66e-76
   21    16   4.89e-51
   21    17   2.42e-30
   21    18   3.56e-22
   21    19   1.82e-10
   21    20   5.66e-10
   21    21   4.35e-10
   21    22   2.29e-09
   21    23   3.31e-14
   21    24   5.86e-16
   21    25   5.90e-29
   21    26   3.65e-39
   21    27   0.00e+00
   21    28   0.00e+00
   21    29   0.00e+00
   21    30   0.00e+00
   21    31   0.00e+00
   21    32   0.00e+00
   21    33   0.00e+00
   21    34   0.00e+00
   21    35   0.00e+00
   21    36   0.00e+00
   21    37   0.00e+00
   21    38   0.00e+00
   21    39   0.00e+00
   22    12   0.00e+00
   22    13   0.00e+00
   22    14   0.00e+00
   22    15   0.00e+00
   22    16   0.00e+00
   22    17   3.70e-65
   22    18   9.84e-27
   22    19   3.55e-14
   22    20   1.69e-12
   22    21   2.63e-11
   22    22   2.44e-10
   22    23   4.91e-12
   22    24   8.02e-14
   22    25   2.81e-18
   22    26   1.52e-26
   22    27   5.65e-31
   22    28   0.00e+00
   22    29   0.00e+00
   22    30   0.00e+00
   22    31   0.00e+00
   22    32   0.00e+00
   22    33   0.00e+00
   22    34   0.00e+00
   22    35   0.00e+00
   22    36   0.00e+00
   22    37   0.00e+00
   22    38   0.00e+00
   23    13   0.00e+00
   23    14   0.00e+00
   23    15   0.00e+00
   23    16   0.00e+00
   23    17   0.00e+00
   23    18   5.06e-57
   23    19   2.86e-25
   23    20   3.38e-20
   23    21   1.09e-14
   23    22   5.79e-13
   23    23   8.05e-15
   23    24   4.00e-15
   23    25   1.91e-20
   23    26   2.08e-23
   23    27   2.57e-36
   23    28   0.00e+00
   23    29   0.00e+00
   23    30   0.00e+00
   23    31   0.00e+00
   23    32   0.00e+00
   23    33   0.00e+00
   23    34   0.00e+00
   23    35   0.00e+00
   23    36   0.00e+00
   23    37   0.00e+00
   24    14   0.00e+00
   24    15   0.00e+00
   24    16   0.00e+00
   24    17   0.00e+00
   24    18   0.00e+00
   24    19   3.88e-30
   24    20   1.48e-24
   24    21   1.41e-18
   24    22   4.46e-17
   24    23   1.74e-16
   24    24   2.98e-17
   24    25   4.28e-20
   24    26   4.96e-23
   24    27   4.97e-36
   24    28   7.74e-47
   24    29   0.00e+00
   24    30   0.00e+00
   24    31   0.00e+00
   24    32   0.00e+00
   24    33   0.00e+00
   24    34   0.00e+00
   24    35   0.00e+00
   24    36   0.00e+00
   25    15   0.00e+00
   25    16   0.00e+00
   25    17   0.00e+00
   25    18   0.00e+00
   25    19   2.71e-77
   25    20   9.65e-47
   25    21   1.12e-24
   25    22   1.06e-24
   25    23   1.02e-20
   25    24   3.33e-21
   25    25   2.85e-24
   25    26   6.04e-26
   25    27   6.19e-44
   25    28   4.42e-47
   25    29   0.00e+00
   25    30   0.00e+00
   25    31   0.00e+00
   25    32   0.00e+00
   25    33   0.00e+00
   25    34   0.00e+00
   25    35   0.00e+00
   26    16   0.00e+00
   26    17   0.00e+00
   26    18   0.00e+00
   26    19   5.12e-88
   26    20  2.48e-157
   26    21   6.32e-31
   26    22   1.76e-30
   26    23   5.38e-26
   26    24   5.06e-26
   26    25   9.59e-27
   26    26   1.46e-41
   26    27   8.91e-44
   26    28   9.01e-47
   26    29   0.00e+00
   26    30   0.00e+00
   26    31   0.00e+00
   26    32   0.00e+00
   26    33   0.00e+00
   26    34   0.00e+00
   27    17   0.00e+00
   27    18   0.00e+00
   27    19   0.00e+00
   27    20   0.00e+00
   27    21   0.00e+00
   27    22   6.15e-57
   27    23   4.55e-32
   27    24   3.19e-29
   27    25   7.74e-46
   27    26   5.24e-48
   27    27   2.51e-51
   27    28   0.00e+00
   27    29   0.00e+00
   27    30   0.00e+00
   27    31   0.00e+00
   27    32   0.00e+00
   27    33   0.00e+00
   28    18   0.00e+00
   28    19   0.00e+00
   28    20   0.00e+00
   28    21   0.00e+00
   28    22   0.00e+00
   28    23   0.00e+00
   28    24   0.00e+00
   28    25   0.00e+00
   28    26   0.00e+00
   28    27   0.00e+00
   28    28   0.00e+00
   28    29   0.00e+00
   28    30   0.00e+00
   28    31   0.00e+00
   28    32   0.00e+00
   29    19   0.00e+00
   29    20   0.00e+00
   29    21   0.00e+00
   29    22   0.00e+00
   29    23   0.00e+00
   29    24   0.00e+00
   29    25   0.00e+00
   29    26   0.00e+00
   29    27   0.00e+00
   29    28   0.00e+00
   29    29   0.00e+00
   29    30   0.00e+00
   29    31   0.00e+00
   30    21   0.00e+00
   30    22   0.00e+00
   30    23   0.00e+00
   30    24   0.00e+00
   30    25   0.00e+00
   30    26   0.00e+00
   30    27   0.00e+00
   30    28   0.00e+00
   30    29   0.00e+00
   30    30   0.00e+00
   31    22   0.00e+00
   31    23   0.00e+00
   31    24   0.00e+00
   31    25   0.00e+00
   31    26   0.00e+00
   31    27   0.00e+00
   31    28   0.00e+00
   31    29   0.00e+00
   32    23   0.00e+00
   32    24   0.00e+00
   32    25   0.00e+00
   32    26   0.00e+00
   32    27   0.00e+00
   32    28   0.00e+00
   33    24   0.00e+00
   33    25   0.00e+00
   33    26   0.00e+00
   33    27   0.00e+00
   34    25   0.00e+00
   34    26   0.00e+00
    0     1   4.63e-23
    1     0   2.37e-01
    2     2   4.19e-02
