    1     1   4.84e-19
    1     2   6.28e-30
    2     1   4.26e-15
    2     4   0.00e+00
    2     5   0.00e+00
    2     6   0.00e+00
    2     7   0.00e+00
    2     8   0.00e+00
    3     3   8.42e-28
    3     4   5.73e-15
    3     5   7.36e-99
    3     6   0.00e+00
    3     7   0.00e+00
    3     8   0.00e+00
    4     3   2.42e-08
    4     4   0.00e+00
    4     5   4.72e-84
    4     6  5.03e-207
    4     7  5.09e-285
    4     8   0.00e+00
    4     9   0.00e+00
    4    10   0.00e+00
    5     3   1.72e-25
    5     4   0.00e+00
    5     5   1.95e-22
    5     6   4.24e-12
    5     7   0.00e+00
    5     8   0.00e+00
    5     9   0.00e+00
    5    10   0.00e+00
    5    12   0.00e+00
    5    14   0.00e+00
    6     3   4.97e-46
    6     4   2.87e-25
    6     5   3.83e-11
    6     6   1.28e-03
    6     7   5.58e-05
    6     8   2.68e-19
    6     9   6.70e-65
    6    10   0.00e+00
    6    11   0.00e+00
    6    12   0.00e+00
    6    13   0.00e+00
    6    14   0.00e+00
    6    16   0.00e+00
    7     4   0.00e+00
    7     5   3.17e-36
    7     6   1.74e-04
    7     7   3.95e-04
    7     8   5.30e-03
    7     9   6.16e-35
    7    10   0.00e+00
    7    11   0.00e+00
    7    12   0.00e+00
    7    13   0.00e+00
    7    14   0.00e+00
    7    15   0.00e+00
    7    16   0.00e+00
    8     5  8.25e-285
    8     6   3.90e-05
    8     7   2.18e-03
    8     8   1.85e-06
    8     9   2.76e-05
    8    10   8.50e-08
    8    11   1.65e-32
    8    12   0.00e+00
    8    13   0.00e+00
    8    14   0.00e+00
    8    15   0.00e+00
    8    16   0.00e+00
    8    17   0.00e+00
    8    18   0.00e+00
    8    20   0.00e+00
    8    22   0.00e+00
    9     5   0.00e+00
    9     6   3.23e-53
    9     7   2.71e-53
    9     8   2.29e-06
    9     9   3.66e-06
    9    10   7.31e-07
    9    11   1.06e-28
    9    12   2.18e-53
    9    13   0.00e+00
    9    14   0.00e+00
    9    15   0.00e+00
    9    16   0.00e+00
    9    17   0.00e+00
    9    18   0.00e+00
    9    19   0.00e+00
    9    20   0.00e+00
    9    21   0.00e+00
    9    22   0.00e+00
    9    28   0.00e+00
   10     6   0.00e+00
   10     7   0.00e+00
   10     8   2.61e-35
   10     9   6.12e-11
   10    10   1.20e-03
   10    11   3.94e-07
   10    12   1.33e-09
   10    13   2.79e-29
   10    14   6.21e-82
   10    15   0.00e+00
   10    16   0.00e+00
   10    17   0.00e+00
   10    18   0.00e+00
   10    19   0.00e+00
   10    20   0.00e+00
   10    21   0.00e+00
   10    22   0.00e+00
   10    23   0.00e+00
   10    24   0.00e+00
   10    25   0.00e+00
   10    26   0.00e+00
   10    27   0.00e+00
   10    28   0.00e+00
   10    29   0.00e+00
   10    30   0.00e+00
   10    31   0.00e+00
   11     7   0.00e+00
   11     8  1.69e-171
   11     9   5.24e-45
   11    10   2.87e-10
   11    11   6.53e-04
   11    12   3.72e-03
   11    13   1.02e-17
   11    14   5.24e-33
   11    15  2.33e-268
   11    16   0.00e+00
   11    17   0.00e+00
   11    18   0.00e+00
   11    19   0.00e+00
   11    20   0.00e+00
   11    21   0.00e+00
   11    22   0.00e+00
   11    23   0.00e+00
   11    24   0.00e+00
   11    25   0.00e+00
   11    26   0.00e+00
   11    27   0.00e+00
   11    28   0.00e+00
   11    29   0.00e+00
   11    30   0.00e+00
   11    31   0.00e+00
   11    32   0.00e+00
   11    33   0.00e+00
   12     7   0.00e+00
   12     8  5.83e-196
   12     9  2.35e-154
   12    10   3.18e-21
   12    11   1.84e-09
   12    12   5.09e-05
   12    13   1.02e-03
   12    14   1.78e-11
   12    15   1.33e-26
   12    16   2.16e-61
   12    17   0.00e+00
   12    18   0.00e+00
   12    19   0.00e+00
   12    20   0.00e+00
   12    21   0.00e+00
   12    22   0.00e+00
   12    23   0.00e+00
   12    24   0.00e+00
   12    25   0.00e+00
   12    26   0.00e+00
   12    27   0.00e+00
   12    28   0.00e+00
   12    29   0.00e+00
   12    30   0.00e+00
   12    31   0.00e+00
   12    32   0.00e+00
   12    33   0.00e+00
   12    34   0.00e+00
   12    35   0.00e+00
   13     8   0.00e+00
   13     9  1.26e-266
   13    10   9.78e-61
   13    11   2.10e-36
   13    12   1.38e-13
   13    13   1.01e-04
   13    14   4.08e-04
   13    15   6.21e-18
   13    16   1.74e-30
   13    17  8.63e-155
   13    18  1.39e-243
   13    19   0.00e+00
   13    20   0.00e+00
   13    21   0.00e+00
   13    22   0.00e+00
   13    23   0.00e+00
   13    24   0.00e+00
   13    25   0.00e+00
   13    26   0.00e+00
   13    27   0.00e+00
   13    28   0.00e+00
   13    29   0.00e+00
   13    30   0.00e+00
   13    31   0.00e+00
   13    32   0.00e+00
   13    33   0.00e+00
   13    34   0.00e+00
   13    35   0.00e+00
   13    36   0.00e+00
   13    37   0.00e+00
   13    38   0.00e+00
   14     8   0.00e+00
   14     9   0.00e+00
   14    10  1.00e-146
   14    11  7.82e-102
   14    12   2.30e-34
   14    13   7.85e-21
   14    14   9.31e-04
   14    15   7.18e-04
   14    16   1.38e-03
   14    17   4.59e-18
   14    18   3.95e-30
   14    19  5.03e-132
   14    20   0.00e+00
   14    21   0.00e+00
   14    22   0.00e+00
   14    23   0.00e+00
   14    24   0.00e+00
   14    25   0.00e+00
   14    26   0.00e+00
   14    27   0.00e+00
   14    28   0.00e+00
   14    29   0.00e+00
   14    30   0.00e+00
   14    31   0.00e+00
   14    32   0.00e+00
   14    33   0.00e+00
   14    34   0.00e+00
   14    35   0.00e+00
   14    36   0.00e+00
   14    37   0.00e+00
   14    38   0.00e+00
   14    39   0.00e+00
   14    40   0.00e+00
   15     8   0.00e+00
   15     9   0.00e+00
   15    10   0.00e+00
   15    11   0.00e+00
   15    12   4.57e-96
   15    13   2.12e-56
   15    14   1.15e-20
   15    15   6.26e-04
   15    16   2.12e-03
   15    17   1.26e-16
   15    18   2.21e-18
   15    19   2.97e-37
   15    20   1.37e-50
   15    21   0.00e+00
   15    22   0.00e+00
   15    23   0.00e+00
   15    24   0.00e+00
   15    25   0.00e+00
   15    26   0.00e+00
   15    27   0.00e+00
   15    28   0.00e+00
   15    29   0.00e+00
   15    30   0.00e+00
   15    31   0.00e+00
   15    32   0.00e+00
   15    33   0.00e+00
   15    34   0.00e+00
   15    35   0.00e+00
   15    36   0.00e+00
   15    37   0.00e+00
   15    38   0.00e+00
   15    39   0.00e+00
   15    40   0.00e+00
   15    41   0.00e+00
   15    42   0.00e+00
   16     8   0.00e+00
   16     9   0.00e+00
   16    10   0.00e+00
   16    11  1.21e-155
   16    12  1.82e-124
   16    13  4.29e-143
   16    14   4.06e-55
   16    15   1.25e-29
   16    16   2.56e-03
   16    17   3.33e-04
   16    18   2.04e-04
   16    19   1.37e-17
   16    20   4.86e-28
   16    21   9.93e-91
   16    22   1.84e-81
   16    23   0.00e+00
   16    24   0.00e+00
   16    25   0.00e+00
   16    26   0.00e+00
   16    27   0.00e+00
   16    28   0.00e+00
   16    29   0.00e+00
   16    30   0.00e+00
   16    31   0.00e+00
   16    32   0.00e+00
   16    33   0.00e+00
   16    34   0.00e+00
   16    35   0.00e+00
   16    36   0.00e+00
   16    37   0.00e+00
   16    38   0.00e+00
   16    39   0.00e+00
   16    40   0.00e+00
   16    41   0.00e+00
   16    42   0.00e+00
   16    43   0.00e+00
   16    44   0.00e+00
   17     8   0.00e+00
   17     9   0.00e+00
   17    10   0.00e+00
   17    11   0.00e+00
   17    12   0.00e+00
   17    13   0.00e+00
   17    14  3.26e-131
   17    15   4.12e-86
   17    16   2.75e-31
   17    17   2.07e-44
   17    18   3.21e-04
   17    19   1.69e-16
   17    20   1.23e-08
   17    21   3.28e-23
   17    22   9.07e-36
   17    23   0.00e+00
   17    24   0.00e+00
   17    25   0.00e+00
   17    26   0.00e+00
   17    27   0.00e+00
   17    28   0.00e+00
   17    29   0.00e+00
   17    30   0.00e+00
   17    31   0.00e+00
   17    32   0.00e+00
   17    33   0.00e+00
   17    34   0.00e+00
   17    35   0.00e+00
   17    36   0.00e+00
   17    37   0.00e+00
   17    38   0.00e+00
   17    39   0.00e+00
   17    40   0.00e+00
   17    41   0.00e+00
   17    42   0.00e+00
   17    43   0.00e+00
   18     9   0.00e+00
   18    10   0.00e+00
   18    11   0.00e+00
   18    12   0.00e+00
   18    13   0.00e+00
   18    14   0.00e+00
   18    15  7.35e-154
   18    16   0.00e+00
   18    17   7.69e-41
   18    18   5.33e-05
   18    19   2.11e-04
   18    20   1.17e-05
   18    21   7.65e-20
   18    22   1.45e-29
   18    23   1.39e-59
   18    24   0.00e+00
   18    25   0.00e+00
   18    26   0.00e+00
   18    27   0.00e+00
   18    28   0.00e+00
   18    29   0.00e+00
   18    30   0.00e+00
   18    31   0.00e+00
   18    32   0.00e+00
   18    33   0.00e+00
   18    34   0.00e+00
   18    35   0.00e+00
   18    36   0.00e+00
   18    37   0.00e+00
   18    38   0.00e+00
   18    39   0.00e+00
   18    40   0.00e+00
   18    41   0.00e+00
   18    42   0.00e+00
   19    10   0.00e+00
   19    11   0.00e+00
   19    12   0.00e+00
   19    13   0.00e+00
   19    14   0.00e+00
   19    15   0.00e+00
   19    16   0.00e+00
   19    17  4.83e-107
   19    18   5.08e-54
   19    19   2.47e-05
   19    20   7.90e-06
   19    21   5.94e-18
   19    22   7.55e-19
   19    23   4.21e-32
   19    24   5.32e-50
   19    25  5.65e-100
   19    26   0.00e+00
   19    27   0.00e+00
   19    28   0.00e+00
   19    29   0.00e+00
   19    30   0.00e+00
   19    31   0.00e+00
   19    32   0.00e+00
   19    33   0.00e+00
   19    34   0.00e+00
   19    35   0.00e+00
   19    36   0.00e+00
   19    37   0.00e+00
   19    38   0.00e+00
   19    39   0.00e+00
   19    40   0.00e+00
   19    41   0.00e+00
   20    10   0.00e+00
   20    11   0.00e+00
   20    12   0.00e+00
   20    13   0.00e+00
   20    14   0.00e+00
   20    15   0.00e+00
   20    16   0.00e+00
   20    17  2.83e-165
   20    18  1.12e-105
   20    19   2.92e-52
   20    20   1.60e-06
   20    21   1.35e-08
   20    22   4.17e-09
   20    23   3.01e-11
   20    24   4.79e-16
   20    25   8.20e-30
   20    26   0.00e+00
   20    27   0.00e+00
   20    28   0.00e+00
   20    29   0.00e+00
   20    30   0.00e+00
   20    31   0.00e+00
   20    32   0.00e+00
   20    33   0.00e+00
   20    34   0.00e+00
   20    35   0.00e+00
   20    36   0.00e+00
   20    37   0.00e+00
   20    38   0.00e+00
   20    39   0.00e+00
   20    40   0.00e+00
   21    11   0.00e+00
   21    12   0.00e+00
   21    13   0.00e+00
   21    14   0.00e+00
   21    15   0.00e+00
   21    16   0.00e+00
   21    17   0.00e+00
   21    18   0.00e+00
   21    19  2.88e-154
   21    20   1.16e-62
   21    21   8.22e-57
   21    22   2.34e-09
   21    23   3.82e-14
   21    24   9.42e-14
   21    25   1.24e-26
   21    26   8.80e-38
   21    27  2.70e-118
   21    28   0.00e+00
   21    29   0.00e+00
   21    30   0.00e+00
   21    31   0.00e+00
   21    32   0.00e+00
   21    33   0.00e+00
   21    34   0.00e+00
   21    35   0.00e+00
   21    36   0.00e+00
   21    37   0.00e+00
   21    38   0.00e+00
   21    39   0.00e+00
   22    12   0.00e+00
   22    13   0.00e+00
   22    14   0.00e+00
   22    15   0.00e+00
   22    16   0.00e+00
   22    17   0.00e+00
   22    18   0.00e+00
   22    19  4.63e-267
   22    20   0.00e+00
   22    21  3.88e-109
   22    22   2.50e-10
   22    23   5.82e-12
   22    24   9.47e-14
   22    25   3.75e-16
   22    26   7.77e-24
   22    27   1.05e-26
   22    28   0.00e+00
   22    29   0.00e+00
   22    30   0.00e+00
   22    31   0.00e+00
   22    32   0.00e+00
   22    33   0.00e+00
   22    34   0.00e+00
   22    35   0.00e+00
   22    36   0.00e+00
   22    37   0.00e+00
   22    38   0.00e+00
   23    13   0.00e+00
   23    14   0.00e+00
   23    15   0.00e+00
   23    16   0.00e+00
   23    17   0.00e+00
   23    18   0.00e+00
   23    19   0.00e+00
   23    20   0.00e+00
   23    21  1.12e-233
   23    22   2.37e-67
   23    23   6.23e-65
   23    24   3.93e-15
   23    25   9.67e-20
   23    26   3.30e-21
   23    27   6.38e-34
   23    28   6.35e-69
   23    29   0.00e+00
   23    30   0.00e+00
   23    31   0.00e+00
   23    32   0.00e+00
   23    33   0.00e+00
   23    34   0.00e+00
   23    35   0.00e+00
   23    36   0.00e+00
   23    37   0.00e+00
   24    14   0.00e+00
   24    15   0.00e+00
   24    16   0.00e+00
   24    17   0.00e+00
   24    18   0.00e+00
   24    19  2.70e-143
   24    20   0.00e+00
   24    21  4.14e-250
   24    22   0.00e+00
   24    23  1.14e-115
   24    24   3.19e-17
   24    25   4.54e-20
   24    26   5.59e-23
   24    27   2.05e-34
   24    28   7.83e-47
   24    29   0.00e+00
   24    30   0.00e+00
   24    31   0.00e+00
   24    32   0.00e+00
   24    33   0.00e+00
   24    34   0.00e+00
   24    35   0.00e+00
   24    36   0.00e+00
   25    15   0.00e+00
   25    16   0.00e+00
   25    17   0.00e+00
   25    18   0.00e+00
   25    19   0.00e+00
   25    20   0.00e+00
   25    21   0.00e+00
   25    22   0.00e+00
   25    23  3.59e-217
   25    24   5.98e-74
   25    25   1.52e-77
   25    26   6.57e-26
   25    27   6.20e-44
   25    28   4.49e-47
   25    29   0.00e+00
   25    30   0.00e+00
   25    31   0.00e+00
   25    32   0.00e+00
   25    33   0.00e+00
   25    34   0.00e+00
   25    35   0.00e+00
   26    16   0.00e+00
   26    17   0.00e+00
   26    18   0.00e+00
   26    19   0.00e+00
   26    20   0.00e+00
   26    21   0.00e+00
   26    22   0.00e+00
   26    23  7.94e-275
   26    24   0.00e+00
   26    25   9.63e-27
   26    26   1.47e-41
   26    27   8.93e-44
   26    28   9.03e-47
   26    29   0.00e+00
   26    30   0.00e+00
   26    31   0.00e+00
   26    32   0.00e+00
   26    33   0.00e+00
   26    34   0.00e+00
   27    17   0.00e+00
   27    18   0.00e+00
   27    19   0.00e+00
   27    20   0.00e+00
   27    21   0.00e+00
   27    22   0.00e+00
   27    23   0.00e+00
   27    24   0.00e+00
   27    25   0.00e+00
   27    26   0.00e+00
   27    27   0.00e+00
   27    28   0.00e+00
   27    29   0.00e+00
   27    30   0.00e+00
   27    31   0.00e+00
   27    32   0.00e+00
   27    33   0.00e+00
   28    18   0.00e+00
   28    19   0.00e+00
   28    20   0.00e+00
   28    21   0.00e+00
   28    22   0.00e+00
   28    23   0.00e+00
   28    24   0.00e+00
   28    25   0.00e+00
   28    26   0.00e+00
   28    27   0.00e+00
   28    28   0.00e+00
   28    29   0.00e+00
   28    30   0.00e+00
   28    31   0.00e+00
   28    32   0.00e+00
   29    19   0.00e+00
   29    20   0.00e+00
   29    21   0.00e+00
   29    22   0.00e+00
   29    23   0.00e+00
   29    24   0.00e+00
   29    25   0.00e+00
   29    26   0.00e+00
   29    27   0.00e+00
   29    28   0.00e+00
   29    29   0.00e+00
   29    30   0.00e+00
   29    31   0.00e+00
   30    21   0.00e+00
   30    22   0.00e+00
   30    23   0.00e+00
   30    24   0.00e+00
   30    25   0.00e+00
   30    26   0.00e+00
   30    27   0.00e+00
   30    28   0.00e+00
   30    29   0.00e+00
   30    30   0.00e+00
   31    22   0.00e+00
   31    23   0.00e+00
   31    24   0.00e+00
   31    25   0.00e+00
   31    26   0.00e+00
   31    27   0.00e+00
   31    28   0.00e+00
   31    29   0.00e+00
   32    23   0.00e+00
   32    24   0.00e+00
   32    25   0.00e+00
   32    26   0.00e+00
   32    27   0.00e+00
   32    28   0.00e+00
   33    24   0.00e+00
   33    25   0.00e+00
   33    26   0.00e+00
   33    27   0.00e+00
   34    25   0.00e+00
   34    26   0.00e+00
    0     1   6.81e-42
    1     0   2.18e-01
    2     2   4.65e-02
