    1     1   8.19e-19
    1     2   1.84e-29
    2     1   3.12e-15
    2     4   1.21e-60
    2     5   0.00e+00
    2     6   0.00e+00
    2     7   0.00e+00
    2     8   0.00e+00
    3     3   7.25e-28
    3     4   6.56e-22
    3     5   9.98e-44
    3     6   0.00e+00
    3     7   0.00e+00
    3     8   0.00e+00
    4     3   2.45e-08
    4     4   0.00e+00
    4     5   3.88e-34
    4     6   2.63e-80
    4     7  9.31e-280
    4     8   0.00e+00
    4     9   0.00e+00
    4    10   0.00e+00
    5     3   2.45e-13
    5     4   0.00e+00
    5     5   1.70e-27
    5     6   6.10e-20
    5     7   4.45e-40
    5     8   0.00e+00
    5     9   0.00e+00
    5    10   0.00e+00
    5    12   0.00e+00
    5    14   0.00e+00
    6     3   9.41e-15
    6     4   1.74e-21
    6     5   4.54e-11
    6     6   7.79e-05
    6     7   8.31e-08
    6     8   3.44e-20
    6     9   2.96e-41
    6    10   0.00e+00
    6    11   0.00e+00
    6    12   0.00e+00
    6    13   0.00e+00
    6    14   0.00e+00
    6    16   0.00e+00
    7     4   0.00e+00
    7     5   8.15e-15
    7     6   1.07e-04
    7     7   4.88e-06
    7     8   1.09e-08
    7     9   1.37e-28
    7    10   0.00e+00
    7    11   0.00e+00
    7    12   0.00e+00
    7    13   0.00e+00
    7    14   0.00e+00
    7    15   0.00e+00
    7    16   0.00e+00
    8     5   1.85e-17
    8     6   4.05e-04
    8     7   8.78e-03
    8     8   1.21e-06
    8     9   1.08e-07
    8    10   1.25e-13
    8    11   2.01e-32
    8    12  2.21e-113
    8    13   0.00e+00
    8    14   0.00e+00
    8    15   0.00e+00
    8    16   0.00e+00
    8    17   0.00e+00
    8    18   0.00e+00
    8    20   0.00e+00
    8    22   0.00e+00
    9     5   0.00e+00
    9     6   9.58e-45
    9     7   3.95e-23
    9     8   3.21e-05
    9     9   2.77e-06
    9    10   9.64e-10
    9    11   6.27e-25
    9    12   2.36e-40
    9    13   0.00e+00
    9    14   0.00e+00
    9    15   0.00e+00
    9    16   0.00e+00
    9    17   0.00e+00
    9    18   0.00e+00
    9    19   0.00e+00
    9    20   0.00e+00
    9    21   0.00e+00
    9    22   0.00e+00
    9    28   0.00e+00
   10     6   4.57e-76
   10     7   1.39e-34
   10     8   3.96e-05
   10     9   1.03e-06
   10    10   8.22e-04
   10    11   2.33e-09
   10    12   2.52e-12
   10    13   1.03e-28
   10    14   1.66e-77
   10    15   0.00e+00
   10    16   0.00e+00
   10    17   0.00e+00
   10    18   0.00e+00
   10    19   0.00e+00
   10    20   0.00e+00
   10    21   0.00e+00
   10    22   0.00e+00
   10    23   0.00e+00
   10    24   0.00e+00
   10    25   0.00e+00
   10    26   0.00e+00
   10    27   0.00e+00
   10    28   0.00e+00
   10    29   0.00e+00
   10    30   0.00e+00
   10    31   0.00e+00
   11     7   0.00e+00
   11     8   8.12e-20
   11     9   4.12e-11
   11    10   3.90e-07
   11    11   1.15e-04
   11    12   1.22e-04
   11    13   7.01e-19
   11    14   3.85e-33
   11    15  1.11e-213
   11    16   0.00e+00
   11    17   0.00e+00
   11    18   0.00e+00
   11    19   0.00e+00
   11    20   0.00e+00
   11    21   0.00e+00
   11    22   0.00e+00
   11    23   0.00e+00
   11    24   0.00e+00
   11    25   0.00e+00
   11    26   0.00e+00
   11    27   0.00e+00
   11    28   0.00e+00
   11    29   0.00e+00
   11    30   0.00e+00
   11    31   0.00e+00
   11    32   0.00e+00
   11    33   0.00e+00
   12     7  8.90e-144
   12     8   3.46e-21
   12     9   2.30e-13
   12    10   1.16e-03
   12    11   3.61e-03
   12    12   1.81e-05
   12    13   1.38e-04
   12    14   8.99e-12
   12    15   5.92e-27
   12    16   4.66e-61
   12    17   0.00e+00
   12    18   0.00e+00
   12    19   0.00e+00
   12    20   0.00e+00
   12    21   0.00e+00
   12    22   0.00e+00
   12    23   0.00e+00
   12    24   0.00e+00
   12    25   0.00e+00
   12    26   0.00e+00
   12    27   0.00e+00
   12    28   0.00e+00
   12    29   0.00e+00
   12    30   0.00e+00
   12    31   0.00e+00
   12    32   0.00e+00
   12    33   0.00e+00
   12    34   0.00e+00
   12    35   0.00e+00
   13     8   1.76e-56
   13     9   8.90e-39
   13    10   1.31e-10
   13    11   2.64e-05
   13    12   6.57e-04
   13    13   7.13e-05
   13    14   1.83e-04
   13    15   8.99e-18
   13    16   7.80e-31
   13    17  5.30e-136
   13    18  1.03e-164
   13    19   0.00e+00
   13    20   0.00e+00
   13    21   0.00e+00
   13    22   0.00e+00
   13    23   0.00e+00
   13    24   0.00e+00
   13    25   0.00e+00
   13    26   0.00e+00
   13    27   0.00e+00
   13    28   0.00e+00
   13    29   0.00e+00
   13    30   0.00e+00
   13    31   0.00e+00
   13    32   0.00e+00
   13    33   0.00e+00
   13    34   0.00e+00
   13    35   0.00e+00
   13    36   0.00e+00
   13    37   0.00e+00
   13    38   0.00e+00
   14     8  4.72e-176
   14     9   8.44e-66
   14    10   2.02e-12
   14    11   5.82e-09
   14    12   1.79e-05
   14    13   2.13e-04
   14    14   9.17e-04
   14    15   3.34e-04
   14    16   5.56e-05
   14    17   1.91e-18
   14    18   1.85e-30
   14    19  1.62e-120
   14    20   0.00e+00
   14    21   0.00e+00
   14    22   0.00e+00
   14    23   0.00e+00
   14    24   0.00e+00
   14    25   0.00e+00
   14    26   0.00e+00
   14    27   0.00e+00
   14    28   0.00e+00
   14    29   0.00e+00
   14    30   0.00e+00
   14    31   0.00e+00
   14    32   0.00e+00
   14    33   0.00e+00
   14    34   0.00e+00
   14    35   0.00e+00
   14    36   0.00e+00
   14    37   0.00e+00
   14    38   0.00e+00
   14    39   0.00e+00
   14    40   0.00e+00
   15     8   0.00e+00
   15     9  6.69e-270
   15    10   1.17e-38
   15    11   4.31e-14
   15    12   1.10e-07
   15    13   1.94e-07
   15    14   4.01e-04
   15    15   1.93e-03
   15    16   1.74e-03
   15    17   8.57e-17
   15    18   1.70e-18
   15    19   9.14e-32
   15    20   3.01e-49
   15    21   0.00e+00
   15    22   0.00e+00
   15    23   0.00e+00
   15    24   0.00e+00
   15    25   0.00e+00
   15    26   0.00e+00
   15    27   0.00e+00
   15    28   0.00e+00
   15    29   0.00e+00
   15    30   0.00e+00
   15    31   0.00e+00
   15    32   0.00e+00
   15    33   0.00e+00
   15    34   0.00e+00
   15    35   0.00e+00
   15    36   0.00e+00
   15    37   0.00e+00
   15    38   0.00e+00
   15    39   0.00e+00
   15    40   0.00e+00
   15    41   0.00e+00
   15    42   0.00e+00
   16     8   0.00e+00
   16     9   0.00e+00
   16    10   6.19e-43
   16    11   3.79e-19
   16    12   2.22e-16
   16    13   1.13e-10
   16    14   1.10e-05
   16    15   3.91e-04
   16    16   2.55e-03
   16    17   3.03e-04
   16    18   1.94e-04
   16    19   1.07e-17
   16    20   2.44e-28
   16    21   1.75e-90
   16    22   1.87e-81
   16    23   0.00e+00
   16    24   0.00e+00
   16    25   0.00e+00
   16    26   0.00e+00
   16    27   0.00e+00
   16    28   0.00e+00
   16    29   0.00e+00
   16    30   0.00e+00
   16    31   0.00e+00
   16    32   0.00e+00
   16    33   0.00e+00
   16    34   0.00e+00
   16    35   0.00e+00
   16    36   0.00e+00
   16    37   0.00e+00
   16    38   0.00e+00
   16    39   0.00e+00
   16    40   0.00e+00
   16    41   0.00e+00
   16    42   0.00e+00
   16    43   0.00e+00
   16    44   0.00e+00
   17     8   0.00e+00
   17     9   0.00e+00
   17    10   0.00e+00
   17    11   1.15e-65
   17    12   2.08e-63
   17    13   4.04e-26
   17    14   3.37e-12
   17    15   9.99e-11
   17    16   3.00e-05
   17    17   9.98e-06
   17    18   3.11e-04
   17    19   1.20e-16
   17    20   3.40e-10
   17    21   1.83e-23
   17    22   4.17e-36
   17    23   0.00e+00
   17    24   0.00e+00
   17    25   0.00e+00
   17    26   0.00e+00
   17    27   0.00e+00
   17    28   0.00e+00
   17    29   0.00e+00
   17    30   0.00e+00
   17    31   0.00e+00
   17    32   0.00e+00
   17    33   0.00e+00
   17    34   0.00e+00
   17    35   0.00e+00
   17    36   0.00e+00
   17    37   0.00e+00
   17    38   0.00e+00
   17    39   0.00e+00
   17    40   0.00e+00
   17    41   0.00e+00
   17    42   0.00e+00
   17    43   0.00e+00
   18     9   0.00e+00
   18    10   0.00e+00
   18    11   0.00e+00
   18    12  2.15e-156
   18    13   9.33e-35
   18    14   4.14e-22
   18    15   1.80e-17
   18    16   1.91e-07
   18    17   1.02e-05
   18    18   5.33e-05
   18    19   2.09e-04
   18    20   4.85e-07
   18    21   4.45e-20
   18    22   1.01e-29
   18    23   1.43e-59
   18    24   0.00e+00
   18    25   0.00e+00
   18    26   0.00e+00
   18    27   0.00e+00
   18    28   0.00e+00
   18    29   0.00e+00
   18    30   0.00e+00
   18    31   0.00e+00
   18    32   0.00e+00
   18    33   0.00e+00
   18    34   0.00e+00
   18    35   0.00e+00
   18    36   0.00e+00
   18    37   0.00e+00
   18    38   0.00e+00
   18    39   0.00e+00
   18    40   0.00e+00
   18    41   0.00e+00
   18    42   0.00e+00
   19    10   0.00e+00
   19    11   0.00e+00
   19    12   0.00e+00
   19    13  1.25e-139
   19    14   4.41e-67
   19    15   4.22e-39
   19    16   1.55e-18
   19    17   6.04e-10
   19    18   2.44e-06
   19    19   3.58e-05
   19    20   7.89e-06
   19    21   4.58e-18
   19    22   3.50e-20
   19    23   2.60e-32
   19    24   5.33e-50
   19    25  6.42e-100
   19    26   0.00e+00
   19    27   0.00e+00
   19    28   0.00e+00
   19    29   0.00e+00
   19    30   0.00e+00
   19    31   0.00e+00
   19    32   0.00e+00
   19    33   0.00e+00
   19    34   0.00e+00
   19    35   0.00e+00
   19    36   0.00e+00
   19    37   0.00e+00
   19    38   0.00e+00
   19    39   0.00e+00
   19    40   0.00e+00
   19    41   0.00e+00
   20    10   0.00e+00
   20    11   0.00e+00
   20    12   0.00e+00
   20    13   0.00e+00
   20    14   0.00e+00
   20    15   3.87e-79
   20    16   7.63e-26
   20    17   3.14e-18
   20    18   1.02e-10
   20    19   9.21e-09
   20    20   1.60e-06
   20    21   1.35e-08
   20    22   4.17e-09
   20    23   1.27e-12
   20    24   1.89e-17
   20    25   5.23e-30
   20    26   0.00e+00
   20    27   0.00e+00
   20    28   0.00e+00
   20    29   0.00e+00
   20    30   0.00e+00
   20    31   0.00e+00
   20    32   0.00e+00
   20    33   0.00e+00
   20    34   0.00e+00
   20    35   0.00e+00
   20    36   0.00e+00
   20    37   0.00e+00
   20    38   0.00e+00
   20    39   0.00e+00
   20    40   0.00e+00
   21    11   0.00e+00
   21    12   0.00e+00
   21    13   0.00e+00
   21    14   0.00e+00
   21    15   0.00e+00
   21    16   3.43e-78
   21    17   1.75e-46
   21    18   1.21e-31
   21    19   9.20e-16
   21    20   5.89e-14
   21    21   3.57e-13
   21    22   2.37e-09
   21    23   3.86e-14
   21    24   3.71e-15
   21    25   7.59e-27
   21    26   7.84e-38
   21    27  2.71e-118
   21    28   0.00e+00
   21    29   0.00e+00
   21    30   0.00e+00
   21    31   0.00e+00
   21    32   0.00e+00
   21    33   0.00e+00
   21    34   0.00e+00
   21    35   0.00e+00
   21    36   0.00e+00
   21    37   0.00e+00
   21    38   0.00e+00
   21    39   0.00e+00
   22    12   0.00e+00
   22    13   0.00e+00
   22    14   0.00e+00
   22    15   0.00e+00
   22    16   0.00e+00
   22    17  1.13e-123
   22    18   2.84e-51
   22    19   6.60e-23
   22    20   5.91e-20
   22    21   4.27e-16
   22    22   2.50e-10
   22    23   5.91e-12
   22    24   9.47e-14
   22    25   1.59e-17
   22    26   1.22e-25
   22    27   1.70e-29
   22    28   0.00e+00
   22    29   0.00e+00
   22    30   0.00e+00
   22    31   0.00e+00
   22    32   0.00e+00
   22    33   0.00e+00
   22    34   0.00e+00
   22    35   0.00e+00
   22    36   0.00e+00
   22    37   0.00e+00
   22    38   0.00e+00
   23    13   0.00e+00
   23    14   0.00e+00
   23    15   0.00e+00
   23    16   0.00e+00
   23    17   0.00e+00
   23    18  9.18e-113
   23    19   2.22e-36
   23    20   6.04e-29
   23    21   4.74e-23
   23    22   9.19e-16
   23    23   2.55e-18
   23    24   4.29e-15
   23    25   2.62e-20
   23    26   1.35e-22
   23    27   3.83e-34
   23    28   6.33e-69
   23    29   0.00e+00
   23    30   0.00e+00
   23    31   0.00e+00
   23    32   0.00e+00
   23    33   0.00e+00
   23    34   0.00e+00
   23    35   0.00e+00
   23    36   0.00e+00
   23    37   0.00e+00
   24    14   0.00e+00
   24    15   0.00e+00
   24    16   0.00e+00
   24    17   0.00e+00
   24    18   0.00e+00
   24    19   1.50e-85
   24    20   2.50e-45
   24    21   9.70e-31
   24    22   1.37e-23
   24    23   2.53e-21
   24    24   3.19e-17
   24    25   4.86e-20
   24    26   5.59e-23
   24    27   1.57e-34
   24    28   7.83e-47
   24    29   0.00e+00
   24    30   0.00e+00
   24    31   0.00e+00
   24    32   0.00e+00
   24    33   0.00e+00
   24    34   0.00e+00
   24    35   0.00e+00
   24    36   0.00e+00
   25    15   0.00e+00
   25    16   0.00e+00
   25    17   0.00e+00
   25    18   0.00e+00
   25    19   0.00e+00
   25    20   0.00e+00
   25    21   1.02e-52
   25    22   5.06e-37
   25    23   3.27e-30
   25    24   5.69e-25
   25    25   3.80e-28
   25    26   6.57e-26
   25    27   6.20e-44
   25    28   4.49e-47
   25    29   0.00e+00
   25    30   0.00e+00
   25    31   0.00e+00
   25    32   0.00e+00
   25    33   0.00e+00
   25    34   0.00e+00
   25    35   0.00e+00
   26    16   0.00e+00
   26    17   0.00e+00
   26    18   0.00e+00
   26    19  1.93e-147
   26    20   0.00e+00
   26    21   6.90e-84
   26    22   1.32e-52
   26    23   9.68e-47
   26    24   1.19e-28
   26    25   9.63e-27
   26    26   1.47e-41
   26    27   8.93e-44
   26    28   9.03e-47
   26    29   0.00e+00
   26    30   0.00e+00
   26    31   0.00e+00
   26    32   0.00e+00
   26    33   0.00e+00
   26    34   0.00e+00
   27    17   0.00e+00
   27    18   0.00e+00
   27    19   0.00e+00
   27    20   0.00e+00
   27    21   0.00e+00
   27    22   0.00e+00
   27    23   8.19e-65
   27    24   0.00e+00
   27    25   7.74e-46
   27    26   5.25e-48
   27    27   0.00e+00
   27    28   0.00e+00
   27    29   0.00e+00
   27    30   0.00e+00
   27    31   0.00e+00
   27    32   0.00e+00
   27    33   0.00e+00
   28    18   0.00e+00
   28    19   0.00e+00
   28    20   0.00e+00
   28    21   0.00e+00
   28    22   0.00e+00
   28    23   0.00e+00
   28    24   0.00e+00
   28    25   0.00e+00
   28    26   0.00e+00
   28    27   0.00e+00
   28    28   0.00e+00
   28    29   0.00e+00
   28    30   0.00e+00
   28    31   0.00e+00
   28    32   0.00e+00
   29    19   0.00e+00
   29    20   0.00e+00
   29    21   0.00e+00
   29    22   0.00e+00
   29    23   0.00e+00
   29    24   0.00e+00
   29    25   0.00e+00
   29    26   0.00e+00
   29    27   0.00e+00
   29    28   0.00e+00
   29    29   0.00e+00
   29    30   0.00e+00
   29    31   0.00e+00
   30    21   0.00e+00
   30    22   0.00e+00
   30    23   0.00e+00
   30    24   0.00e+00
   30    25   0.00e+00
   30    26   0.00e+00
   30    27   0.00e+00
   30    28   0.00e+00
   30    29   0.00e+00
   30    30   0.00e+00
   31    22   0.00e+00
   31    23   0.00e+00
   31    24   0.00e+00
   31    25   0.00e+00
   31    26   0.00e+00
   31    27   0.00e+00
   31    28   0.00e+00
   31    29   0.00e+00
   32    23   0.00e+00
   32    24   0.00e+00
   32    25   0.00e+00
   32    26   0.00e+00
   32    27   0.00e+00
   32    28   0.00e+00
   33    24   0.00e+00
   33    25   0.00e+00
   33    26   0.00e+00
   33    27   0.00e+00
   34    25   0.00e+00
   34    26   0.00e+00
    0     1   5.11e-22
    1     0   2.21e-01
    2     2   4.47e-02
