    1     1   7.84e-19
    1     2   1.45e-29
    2     1   2.59e-15
    2     4   1.21e-60
    2     5   0.00e+00
    2     6   0.00e+00
    2     7   0.00e+00
    2     8   0.00e+00
    3     3   6.89e-28
    3     4   3.77e-22
    3     5   4.99e-44
    3     6   0.00e+00
    3     7   0.00e+00
    3     8   0.00e+00
    4     3   2.45e-08
    4     4   0.00e+00
    4     5   4.35e-34
    4     6   2.90e-76
    4     7  1.08e-279
    4     8   0.00e+00
    4     9   0.00e+00
    4    10   0.00e+00
    5     3   1.69e-13
    5     4   0.00e+00
    5     5   9.58e-28
    5     6   2.99e-20
    5     7   1.46e-40
    5     8   0.00e+00
    5     9   0.00e+00
    5    10   0.00e+00
    5    12   0.00e+00
    5    14   0.00e+00
    6     3   1.37e-14
    6     4   1.86e-21
    6     5   4.69e-11
    6     6   4.06e-05
    6     7   2.86e-08
    6     8   9.87e-21
    6     9   5.54e-42
    6    10   0.00e+00
    6    11   0.00e+00
    6    12   0.00e+00
    6    13   0.00e+00
    6    14   0.00e+00
    6    16   0.00e+00
    7     4   0.00e+00
    7     5   1.97e-14
    7     6   7.41e-05
    7     7   2.03e-06
    7     8   3.87e-09
    7     9   3.19e-29
    7    10   0.00e+00
    7    11   0.00e+00
    7    12   0.00e+00
    7    13   0.00e+00
    7    14   0.00e+00
    7    15   0.00e+00
    7    16   0.00e+00
    8     5   1.06e-16
    8     6   3.90e-04
    8     7   8.83e-03
    8     8   1.13e-06
    8     9   4.88e-08
    8    10   4.29e-14
    8    11   4.30e-33
    8    12   0.00e+00
    8    13   0.00e+00
    8    14   0.00e+00
    8    15   0.00e+00
    8    16   0.00e+00
    8    17   0.00e+00
    8    18   0.00e+00
    8    20   0.00e+00
    8    22   0.00e+00
    9     5   0.00e+00
    9     6   3.23e-42
    9     7   3.67e-22
    9     8   3.27e-05
    9     9   1.94e-06
    9    10   2.75e-10
    9    11   9.93e-26
    9    12  2.19e-107
    9    13   0.00e+00
    9    14   0.00e+00
    9    15   0.00e+00
    9    16   0.00e+00
    9    17   0.00e+00
    9    18   0.00e+00
    9    19   0.00e+00
    9    20   0.00e+00
    9    21   0.00e+00
    9    22   0.00e+00
    9    28   0.00e+00
   10     6   4.57e-76
   10     7   4.42e-33
   10     8   8.51e-05
   10     9   1.09e-06
   10    10   6.43e-04
   10    11   8.26e-10
   10    12   1.12e-12
   10    13   2.57e-29
   10    14   1.72e-75
   10    15   0.00e+00
   10    16   0.00e+00
   10    17   0.00e+00
   10    18   0.00e+00
   10    19   0.00e+00
   10    20   0.00e+00
   10    21   0.00e+00
   10    22   0.00e+00
   10    23   0.00e+00
   10    24   0.00e+00
   10    25   0.00e+00
   10    26   0.00e+00
   10    27   0.00e+00
   10    28   0.00e+00
   10    29   0.00e+00
   10    30   0.00e+00
   10    31   0.00e+00
   11     7   0.00e+00
   11     8   7.07e-19
   11     9   2.30e-10
   11    10   3.56e-07
   11    11   6.48e-05
   11    12   4.33e-05
   11    13   1.52e-19
   11    14   4.97e-34
   11    15  2.91e-211
   11    16   0.00e+00
   11    17   0.00e+00
   11    18   0.00e+00
   11    19   0.00e+00
   11    20   0.00e+00
   11    21   0.00e+00
   11    22   0.00e+00
   11    23   0.00e+00
   11    24   0.00e+00
   11    25   0.00e+00
   11    26   0.00e+00
   11    27   0.00e+00
   11    28   0.00e+00
   11    29   0.00e+00
   11    30   0.00e+00
   11    31   0.00e+00
   11    32   0.00e+00
   11    33   0.00e+00
   12     7  8.90e-144
   12     8   7.35e-20
   12     9   2.52e-12
   12    10   1.62e-03
   12    11   3.62e-03
   12    12   9.22e-06
   12    13   6.11e-05
   12    14   4.78e-12
   12    15   2.17e-27
   12    16   1.48e-60
   12    17   0.00e+00
   12    18   0.00e+00
   12    19   0.00e+00
   12    20   0.00e+00
   12    21   0.00e+00
   12    22   0.00e+00
   12    23   0.00e+00
   12    24   0.00e+00
   12    25   0.00e+00
   12    26   0.00e+00
   12    27   0.00e+00
   12    28   0.00e+00
   12    29   0.00e+00
   12    30   0.00e+00
   12    31   0.00e+00
   12    32   0.00e+00
   12    33   0.00e+00
   12    34   0.00e+00
   12    35   0.00e+00
   13     8   5.69e-53
   13     9   5.32e-36
   13    10   6.05e-10
   13    11   4.89e-05
   13    12   6.00e-04
   13    13   4.93e-05
   13    14   1.25e-04
   13    15   4.41e-18
   13    16   2.76e-31
   13    17  1.04e-135
   13    18  9.89e-164
   13    19   0.00e+00
   13    20   0.00e+00
   13    21   0.00e+00
   13    22   0.00e+00
   13    23   0.00e+00
   13    24   0.00e+00
   13    25   0.00e+00
   13    26   0.00e+00
   13    27   0.00e+00
   13    28   0.00e+00
   13    29   0.00e+00
   13    30   0.00e+00
   13    31   0.00e+00
   13    32   0.00e+00
   13    33   0.00e+00
   13    34   0.00e+00
   13    35   0.00e+00
   13    36   0.00e+00
   13    37   0.00e+00
   13    38   0.00e+00
   14     8  2.38e-171
   14     9   6.75e-58
   14    10   1.89e-11
   14    11   4.86e-08
   14    12   3.07e-05
   14    13   2.56e-04
   14    14   9.00e-04
   14    15   2.24e-04
   14    16   3.90e-05
   14    17   1.02e-18
   14    18   9.41e-31
   14    19  2.15e-120
   14    20   0.00e+00
   14    21   0.00e+00
   14    22   0.00e+00
   14    23   0.00e+00
   14    24   0.00e+00
   14    25   0.00e+00
   14    26   0.00e+00
   14    27   0.00e+00
   14    28   0.00e+00
   14    29   0.00e+00
   14    30   0.00e+00
   14    31   0.00e+00
   14    32   0.00e+00
   14    33   0.00e+00
   14    34   0.00e+00
   14    35   0.00e+00
   14    36   0.00e+00
   14    37   0.00e+00
   14    38   0.00e+00
   14    39   0.00e+00
   14    40   0.00e+00
   15     8   0.00e+00
   15     9  4.46e-250
   15    10   3.11e-36
   15    11   2.91e-13
   15    12   6.05e-07
   15    13   9.18e-07
   15    14   5.47e-04
   15    15   1.89e-03
   15    16   1.50e-03
   15    17   5.95e-17
   15    18   1.30e-18
   15    19   5.52e-32
   15    20   1.90e-49
   15    21   0.00e+00
   15    22   0.00e+00
   15    23   0.00e+00
   15    24   0.00e+00
   15    25   0.00e+00
   15    26   0.00e+00
   15    27   0.00e+00
   15    28   0.00e+00
   15    29   0.00e+00
   15    30   0.00e+00
   15    31   0.00e+00
   15    32   0.00e+00
   15    33   0.00e+00
   15    34   0.00e+00
   15    35   0.00e+00
   15    36   0.00e+00
   15    37   0.00e+00
   15    38   0.00e+00
   15    39   0.00e+00
   15    40   0.00e+00
   15    41   0.00e+00
   15    42   0.00e+00
   16     8   0.00e+00
   16     9   0.00e+00
   16    10   9.29e-41
   16    11   7.84e-18
   16    12   4.57e-15
   16    13   1.85e-09
   16    14   3.17e-05
   16    15   6.42e-04
   16    16   2.53e-03
   16    17   2.83e-04
   16    18   1.82e-04
   16    19   8.38e-18
   16    20   1.46e-28
   16    21   1.77e-90
   16    22   1.88e-81
   16    23   0.00e+00
   16    24   0.00e+00
   16    25   0.00e+00
   16    26   0.00e+00
   16    27   0.00e+00
   16    28   0.00e+00
   16    29   0.00e+00
   16    30   0.00e+00
   16    31   0.00e+00
   16    32   0.00e+00
   16    33   0.00e+00
   16    34   0.00e+00
   16    35   0.00e+00
   16    36   0.00e+00
   16    37   0.00e+00
   16    38   0.00e+00
   16    39   0.00e+00
   16    40   0.00e+00
   16    41   0.00e+00
   16    42   0.00e+00
   16    43   0.00e+00
   16    44   0.00e+00
   17     8   0.00e+00
   17     9   0.00e+00
   17    10   0.00e+00
   17    11   2.15e-61
   17    12   4.80e-59
   17    13   2.59e-24
   17    14   6.83e-11
   17    15   4.79e-10
   17    16   5.01e-05
   17    17   2.14e-05
   17    18   3.00e-04
   17    19   8.92e-17
   17    20   2.51e-10
   17    21   1.15e-23
   17    22   2.13e-36
   17    23   0.00e+00
   17    24   0.00e+00
   17    25   0.00e+00
   17    26   0.00e+00
   17    27   0.00e+00
   17    28   0.00e+00
   17    29   0.00e+00
   17    30   0.00e+00
   17    31   0.00e+00
   17    32   0.00e+00
   17    33   0.00e+00
   17    34   0.00e+00
   17    35   0.00e+00
   17    36   0.00e+00
   17    37   0.00e+00
   17    38   0.00e+00
   17    39   0.00e+00
   17    40   0.00e+00
   17    41   0.00e+00
   17    42   0.00e+00
   17    43   0.00e+00
   18     9   0.00e+00
   18    10   0.00e+00
   18    11   0.00e+00
   18    12  9.89e-150
   18    13   5.10e-30
   18    14   3.50e-20
   18    15   7.60e-16
   18    16   8.18e-07
   18    17   2.09e-05
   18    18   5.34e-05
   18    19   2.05e-04
   18    20   3.83e-07
   18    21   3.01e-20
   18    22   7.50e-30
   18    23   1.43e-59
   18    24   0.00e+00
   18    25   0.00e+00
   18    26   0.00e+00
   18    27   0.00e+00
   18    28   0.00e+00
   18    29   0.00e+00
   18    30   0.00e+00
   18    31   0.00e+00
   18    32   0.00e+00
   18    33   0.00e+00
   18    34   0.00e+00
   18    35   0.00e+00
   18    36   0.00e+00
   18    37   0.00e+00
   18    38   0.00e+00
   18    39   0.00e+00
   18    40   0.00e+00
   18    41   0.00e+00
   18    42   0.00e+00
   19    10   0.00e+00
   19    11   0.00e+00
   19    12   0.00e+00
   19    13  2.68e-113
   19    14   2.77e-62
   19    15   2.24e-36
   19    16   2.92e-17
   19    17   3.51e-09
   19    18   6.34e-06
   19    19   3.59e-05
   19    20   7.86e-06
   19    21   3.64e-18
   19    22   2.85e-20
   19    23   1.82e-32
   19    24   5.33e-50
   19    25  6.43e-100
   19    26   0.00e+00
   19    27   0.00e+00
   19    28   0.00e+00
   19    29   0.00e+00
   19    30   0.00e+00
   19    31   0.00e+00
   19    32   0.00e+00
   19    33   0.00e+00
   19    34   0.00e+00
   19    35   0.00e+00
   19    36   0.00e+00
   19    37   0.00e+00
   19    38   0.00e+00
   19    39   0.00e+00
   19    40   0.00e+00
   19    41   0.00e+00
   20    10   0.00e+00
   20    11   0.00e+00
   20    12   0.00e+00
   20    13   0.00e+00
   20    14   0.00e+00
   20    15   1.96e-68
   20    16   1.01e-23
   20    17   2.29e-16
   20    18   1.07e-09
   20    19   3.49e-08
   20    20   1.60e-06
   20    21   1.35e-08
   20    22   4.17e-09
   20    23   1.05e-12
   20    24   1.54e-17
   20    25   3.73e-30
   20    26   0.00e+00
   20    27   0.00e+00
   20    28   0.00e+00
   20    29   0.00e+00
   20    30   0.00e+00
   20    31   0.00e+00
   20    32   0.00e+00
   20    33   0.00e+00
   20    34   0.00e+00
   20    35   0.00e+00
   20    36   0.00e+00
   20    37   0.00e+00
   20    38   0.00e+00
   20    39   0.00e+00
   20    40   0.00e+00
   21    11   0.00e+00
   21    12   0.00e+00
   21    13   0.00e+00
   21    14   0.00e+00
   21    15  1.01e-151
   21    16   1.03e-71
   21    17   5.02e-43
   21    18   1.51e-29
   21    19   1.32e-14
   21    20   4.59e-13
   21    21   1.67e-12
   21    22   2.37e-09
   21    23   3.86e-14
   21    24   3.01e-15
   21    25   5.32e-27
   21    26   6.84e-38
   21    27   0.00e+00
   21    28   0.00e+00
   21    29   0.00e+00
   21    30   0.00e+00
   21    31   0.00e+00
   21    32   0.00e+00
   21    33   0.00e+00
   21    34   0.00e+00
   21    35   0.00e+00
   21    36   0.00e+00
   21    37   0.00e+00
   21    38   0.00e+00
   21    39   0.00e+00
   22    12   0.00e+00
   22    13   0.00e+00
   22    14   0.00e+00
   22    15   0.00e+00
   22    16   0.00e+00
   22    17  7.62e-114
   22    18   2.23e-44
   22    19   4.18e-21
   22    20   2.14e-18
   22    21   4.73e-15
   22    22   2.50e-10
   22    23   5.91e-12
   22    24   9.47e-14
   22    25   1.31e-17
   22    26   9.71e-26
   22    27   1.14e-29
   22    28   0.00e+00
   22    29   0.00e+00
   22    30   0.00e+00
   22    31   0.00e+00
   22    32   0.00e+00
   22    33   0.00e+00
   22    34   0.00e+00
   22    35   0.00e+00
   22    36   0.00e+00
   22    37   0.00e+00
   22    38   0.00e+00
   23    13   0.00e+00
   23    14   0.00e+00
   23    15   0.00e+00
   23    16   0.00e+00
   23    17   0.00e+00
   23    18  1.79e-101
   23    19   4.21e-34
   23    20   7.45e-27
   23    21   2.47e-21
   23    22   3.64e-15
   23    23   1.34e-17
   23    24   4.29e-15
   23    25   2.57e-20
   23    26   1.10e-22
   23    27   2.66e-34
   23    28   0.00e+00
   23    29   0.00e+00
   23    30   0.00e+00
   23    31   0.00e+00
   23    32   0.00e+00
   23    33   0.00e+00
   23    34   0.00e+00
   23    35   0.00e+00
   23    36   0.00e+00
   23    37   0.00e+00
   24    14   0.00e+00
   24    15   0.00e+00
   24    16   0.00e+00
   24    17   0.00e+00
   24    18   0.00e+00
   24    19   1.61e-74
   24    20   2.70e-37
   24    21   2.61e-28
   24    22   3.04e-22
   24    23   2.92e-20
   24    24   3.19e-17
   24    25   4.86e-20
   24    26   5.59e-23
   24    27   1.25e-34
   24    28   7.83e-47
   24    29   0.00e+00
   24    30   0.00e+00
   24    31   0.00e+00
   24    32   0.00e+00
   24    33   0.00e+00
   24    34   0.00e+00
   24    35   0.00e+00
   24    36   0.00e+00
   25    15   0.00e+00
   25    16   0.00e+00
   25    17   0.00e+00
   25    18   0.00e+00
   25    19   0.00e+00
   25    20   0.00e+00
   25    21   8.89e-44
   25    22   1.76e-34
   25    23   3.05e-28
   25    24   3.21e-24
   25    25   2.13e-27
   25    26   6.57e-26
   25    27   6.20e-44
   25    28   4.49e-47
   25    29   0.00e+00
   25    30   0.00e+00
   25    31   0.00e+00
   25    32   0.00e+00
   25    33   0.00e+00
   25    34   0.00e+00
   25    35   0.00e+00
   26    16   0.00e+00
   26    17   0.00e+00
   26    18   0.00e+00
   26    19  7.61e-141
   26    20   0.00e+00
   26    21   1.08e-72
   26    22   8.11e-51
   26    23   1.08e-40
   26    24   1.19e-28
   26    25   9.63e-27
   26    26   1.47e-41
   26    27   8.93e-44
   26    28   9.03e-47
   26    29   0.00e+00
   26    30   0.00e+00
   26    31   0.00e+00
   26    32   0.00e+00
   26    33   0.00e+00
   26    34   0.00e+00
   27    17   0.00e+00
   27    18   0.00e+00
   27    19   0.00e+00
   27    20   0.00e+00
   27    21   0.00e+00
   27    22   0.00e+00
   27    23   4.96e-58
   27    24   0.00e+00
   27    25   7.74e-46
   27    26   5.25e-48
   27    27   0.00e+00
   27    28   0.00e+00
   27    29   0.00e+00
   27    30   0.00e+00
   27    31   0.00e+00
   27    32   0.00e+00
   27    33   0.00e+00
   28    18   0.00e+00
   28    19   0.00e+00
   28    20   0.00e+00
   28    21   0.00e+00
   28    22   0.00e+00
   28    23   0.00e+00
   28    24   0.00e+00
   28    25   0.00e+00
   28    26   0.00e+00
   28    27   0.00e+00
   28    28   0.00e+00
   28    29   0.00e+00
   28    30   0.00e+00
   28    31   0.00e+00
   28    32   0.00e+00
   29    19   0.00e+00
   29    20   0.00e+00
   29    21   0.00e+00
   29    22   0.00e+00
   29    23   0.00e+00
   29    24   0.00e+00
   29    25   0.00e+00
   29    26   0.00e+00
   29    27   0.00e+00
   29    28   0.00e+00
   29    29   0.00e+00
   29    30   0.00e+00
   29    31   0.00e+00
   30    21   0.00e+00
   30    22   0.00e+00
   30    23   0.00e+00
   30    24   0.00e+00
   30    25   0.00e+00
   30    26   0.00e+00
   30    27   0.00e+00
   30    28   0.00e+00
   30    29   0.00e+00
   30    30   0.00e+00
   31    22   0.00e+00
   31    23   0.00e+00
   31    24   0.00e+00
   31    25   0.00e+00
   31    26   0.00e+00
   31    27   0.00e+00
   31    28   0.00e+00
   31    29   0.00e+00
   32    23   0.00e+00
   32    24   0.00e+00
   32    25   0.00e+00
   32    26   0.00e+00
   32    27   0.00e+00
   32    28   0.00e+00
   33    24   0.00e+00
   33    25   0.00e+00
   33    26   0.00e+00
   33    27   0.00e+00
   34    25   0.00e+00
   34    26   0.00e+00
    0     1   5.70e-22
    1     0   2.22e-01
    2     2   4.44e-02
