1  1  2.7900000e+10  
1  2  949000.00  
2  3  386000.00  
2  4  2.7200000e+09  
3  6  4.2800000  
3  7  52.820000  
4  9  0.73000000  
5  10  4.2200000  
5  11  16.980000  
6  12  9990000.0  
6  13  111000.00  
7  14  3120000.0  
7  15  11500.000  
8  16  23700000.  
8  17  9040.0000  
8  18  47600.000  
9  19  843.00000  
10  20  3200000.0  
10  21  7770.0000  
10  22  234000.00  
11  23  57400.000  
12  24  848000.00  
12  25  107000.00  
12  26  118000.00  
13  27  84900.000  
14  28  922300.00  
14  29  46700.000  
14  30  31000.000  
15  31  10400.000  
16  32  489000.00  
16  33  3860.0000  
16  34  21700.000  
16  36  103.00000  
17  35  2860.0000  
17  37  913.00000  
18  36  85000.000  
18  38  16000.000  
18  40  25.000000  
19  39  3516.0000  
19  40  5.48000000  
19  41  253.70000  
20  40  59200.000  
20  42  395.00000  
20  43  82.500000  
20  44  1275.0000  
20  46  2.4000000  
20  48  114.00000  
21  45  34.200000  
22  46  192.00000  
22  47  175.00000  
22  48  1771.0000  
22  49  132.00000  
22  50  130.00000  
23  50  0.73200000  
23  51  292.00000  
24  50  587.00000  
24  52  11310.000  
24  53  1283.0000  
24  54  319.00000  
25  55  9550.0000  
26  54  52200.000  
26  56  825000.00  
26  57  19800.000  
26  58  2520.0000  
27  59  2250.0000  
28  58  33700.000  
28  60  12900.000  
28  61  557.00000  
28  62  1770.0000  
28  64  449.00000  
29  63  361.00000  
29  65  161.00000  
30  64  613.00000  
30  66  352.00000  
30  67  51.700000  
30  68  236.00000  
30  70  7.8000000  
31  69  22.700000  
31  71  15.100000  
32  70  24.400000  
32  72  32.600000  
32  73  9.2800000  
32  74  43.400000  
32  76  9.2800000  
33  75  6.5600000  
34  74  0.55000000  
34  76  5.6000000  
34  77  4.7000000  
34  78  14.700000  
34  80  30.900000  
34  82  5.7000000  
35  79  5.9800000  
35  81  5.8200000  
36  78  0.15300000  
36  80  0.99900000  
36  82  5.1500000  
36  83  5.1600000  
36  84  25.700000  
36  86  7.8400000  
37  85  5.1200000  
37  87  2.1100000  
38  84  0.13200000  
38  86  2.3200000  
38  87  1.5100000  
38  88  19.410000  
39  89  4.6400000  
40  90  5.8700000  
40  91  1.2800000  
40  92  1.9600000  
40  94  1.9800000  
40  96  0.32000000  
41  93  0.69800000  
42  92  0.37800000  
42  94  0.23600000  
42  95  0.40600000  
42  96  0.42500000  
42  97  0.24400000  
42  98  0.61500000  
42  100  0.24600000  
44  96  0.10300000  
44  98  0.035000000  
44  99  0.23600000  
44  100  0.23400000  
44  101  0.31600000  
44  102  0.58800000  
44  104  0.34800000  
45  103  0.34400000  
46  102  0.014200000  
46  104  0.15500000  
46  105  0.31000000  
46  106  0.38000000  
46  108  0.36800000  
46  110  0.16300000  
47  107  0.25200000  
47  109  0.23400000  
48  106  0.020100000  
48  108  0.014300000  
48  110  0.20100000  
48  111  0.20600000  
48  112  0.38800000  
48  113  0.19700000  
48  114  0.46300000  
48  116  0.12100000  
49  113  0.0079000000  
49  115  0.17600000  
50  112  0.037200000  
50  114  0.025200000  
50  115  0.012900000  
50  116  0.55500000  
50  117  0.29300000  
50  118  0.92500000  
50  119  0.32800000  
50  120  1.2450000  
50  122  0.17700000  
50  124  0.22100000  
51  121  0.17700000  
51  123  0.13200000  
52  120  0.0043000000  
52  122  0.12400000  
52  123  0.042800000  
52  124  0.22900000  
52  125  0.34200000  
52  126  0.90900000  
52  128  1.5260000  
52  130  1.6340000  
53  127  0.90000000  
54  124  0.0057100000  
54  126  0.0050900000  
54  128  0.10300000  
54  129  1.2800000  
54  130  0.20500000  
54  131  1.0200000  
54  132  1.2400000  
54  134  0.45900000  
54  136  0.37300000  
55  133  0.37200000  
56  130  0.0047600000  
56  132  0.0045300000  
56  134  0.10900000  
56  135  0.29600000  
56  136  0.35300000  
56  137  0.50400000  
56  138  3.2200000  
57  138  0.00040900000  
57  139  0.44600000  
58  136  0.0021600000  
58  138  0.0028300000  
58  140  1.0050000  
58  142  0.12600000  
59  141  0.16700000  
60  142  0.22500000  
60  143  0.10000000  
60  144  0.19700000  
60  145  0.068700000  
60  146  0.14200000  
60  148  0.047700000  
60  150  0.046700000  
62  144  0.0080000000  
62  147  0.039900000  
62  148  0.029200000  
62  149  0.035600000  
62  150  0.019100000  
62  152  0.068900000  
62  154  0.058600000  
63  151  0.046500000  
63  153  0.050800000  
64  152  0.00066000000  
64  154  0.0071900000  
64  155  0.048800000  
64  156  0.067600000  
64  157  0.051600000  
64  158  0.082000000  
64  160  0.072100000  
65  159  0.060300000  
66  156  0.00022100000  
66  158  0.00037800000  
66  160  0.0092200000  
66  161  0.074500000  
66  162  0.10100000  
66  163  0.098200000  
66  164  0.11100000  
67  165  0.088900000  
68  162  0.00035100000  
68  164  0.0040400000  
68  166  0.084300000  
68  167  0.057600000  
68  168  0.067200000  
68  170  0.037400000  
69  169  0.037800000  
70  168  0.00032200000  
70  170  0.0075600000  
70  171  0.035400000  
70  172  0.054300000  
70  173  0.040000000  
70  174  0.078800000  
70  176  0.031500000  
71  175  0.035700000  
71  176  0.00103500000  
72  174  0.00024900000  
72  176  0.0079300000  
72  177  0.028700000  
72  178  0.042000000  
72  179  0.021000000  
72  180  0.054100000  
73  180  2.4800000e-06  
73  181  0.020700000  
74  180  0.00017300000  
74  182  0.035000000  
74  183  0.019000000  
74  184  0.040800000  
74  186  0.038000000  
75  185  0.019300000  
75  187  0.035100000  
76  184  0.00012200000  
76  186  0.010700000  
76  187  0.008070000  
76  188  0.089800000  
76  189  0.10900000  
76  190  0.17800000  
76  192  0.27700000  
77  191  0.24700000  
77  193  0.41400000  
78  190  0.00017000000  
78  192  0.010500000  
78  194  0.44100000  
78  195  0.45300000  
78  196  0.33800000  
78  198  0.096300000  
79  197  0.18700000  
80  196  0.00052000000  
80  198  0.033900000  
80  199  0.057400000  
80  200  0.078500000  
80  201  0.044800000  
80  202  0.10150000  
80  204  0.023300000  
81  203  0.054300000  
81  205  0.12970000  
82  204  0.061100000  
82  206  0.59300000  
82  207  0.64400000  
82  208  1.8280000  
83  209  0.14400000  
90  232  0.042000000  
92  235  0.00573000
92  238  0.0181000000  
