1  1.0000000000000001e-05  0.091280000624163804  22109.999922236824
2  7.563426677488185e-05  0.091280004720817168  22109.999411844001
3  0.00030598117036056055  0.091280019098237158  22109.997620593698
4  0.0012378313943371738  0.091280077260955314  22109.990374233319
5  0.0050069276327596472  0.09128031251430152  22109.961064579787
6  0.017137410973418657  0.09128106965521525  22109.866734461619
7  0.03127396154236374  0.091281952007794584  22109.75680506945
8  0.045408318768480421  0.091282834223854969  22109.646893227538
9  0.059540481603432137  0.09128371630350321  22109.536998920259
10  0.073670450339313284  0.091284598246929638  22109.427122121531
11  0.0902836413910304  0.091285635185604605  22109.297935945815
12  0.14812129910813732  0.09128924522844474  22108.848187368276
13  0.31224816139926059  0.091299489709945877  22107.571950424448
14  0.66278032120093255  0.091321371312341304  22104.846206133552
15  1.4159614897539305  0.09136840808920961  22098.98782905651
16  3.0554138225312908  0.091470998223875652  22086.213257673022
17  6.0844904472551766  0.091662064783904151  22062.42297203749
18  11.063147420128853  0.091984304850011939  22022.260296548484
19  19.428629101069916  0.092567316700702812  21949.301170993316
20  32.466743513277684  0.093654818902373288  21811.945751501971
21  45.398815660620542  0.095066093624176562  21632.035554715414
22  59.370088729152862  0.097115854545204397  21369.863722977942
23  76.608349159341174  0.10064372759373341  20921.022939642342
24  90.599365140233516  0.10651347787252947  20124.118176715969
25  98.66744135129241  0.11597187200996117  18903.773894992293
26  101.67592057335089  0.12991497404584107  17396.552405274935
27  102.30230843964297  0.14068006153545654  16374.003688278666
28  102.51949788087819  0.14811690821336743  15739.202378684569
29  102.63088841839294  0.15396682132253683  15269.583157027884
30  102.70071206592847  0.15861188175417693  14909.687646675608
31  102.75269851148995  0.16244177576658539  14615.919952419246
32  102.80423109536312  0.16639535306277492  14311.379387656572
33  102.90687323261037  0.17418452412700972  13713.537855168031
34  103.00968075504066  0.18105098002501535  13258.695512319016
35  103.09891165587131  0.18669067123654218  12941.394139213327
36  103.19002699379446  0.19352636991259256  12544.688680992092
37  103.27144779555802  0.20168520500667722  12073.725767741713
38  103.32405550929653  0.20863183743042091  11695.328732915033
39  103.35747351998303  0.21447423674898794  11403.734251918082
40  103.38063031219954  0.21952887860540948  11169.121313217767
41  103.39774370871878  0.22392067737496879  10975.87120157585
42  103.42842245008831  0.23404809793558889  10567.270957839488
43  103.45362285743063  0.24624003106444534  10134.28649692806
44  103.46968590429199  0.25588383910389184  9805.9455711564515
45  103.48430692019511  0.2641923865840512  9487.5537043328768
46  103.50450493195119  0.27250273258185992  9053.8853850435044
47  103.53731725506479  0.27788487749492341  8452.7352261428314
48  103.57949261869247  0.28126094399321649  7834.0229851668155
49  103.62987697590809  0.28736880606715248  7292.8742516894235
50  103.67960472442833  0.29867122028599002  6917.5078319816494
51  103.71100212408656  0.3092949770333504  6717.9010152606361
52  103.73128997134978  0.31839791385669247  6585.0064243403849
53  103.74555554387769  0.32604388144300345  6480.7927691628838
54  103.75743635861103  0.33347096938446696  6383.8000508413988
55  103.77788067360564  0.34949097318972361  6181.355060215059
56  103.79246447585764  0.36416624890373711  5997.8139041118784
57  103.80314396499772  0.37702112715877639  5837.4207720402128
58  103.81274201456345  0.38981763411998921  5674.0313802468099
59  103.82452978221583  0.40633218010042071  5447.527748656561
60  103.83654888811957  0.42152064075968831  5199.5866684939265
61  103.84751017430142  0.43246882702614425  4970.6813958403236
62  103.85884714757356  0.44041275968848959  4738.5827829218515
63  103.87370634341941  0.44613876787468865  4444.0525144557569
64  103.90250344945797  0.44744681613730758  3917.7062013115597
65  103.94216587738839  0.43795510251041897  3303.4315739611375
66  104.00493828179467  0.41712018584812433  2605.789432701541
67  104.08913176583735  0.39841987414576452  2096.5730029736746
68  104.29265736164531  0.40251383680409547  1805.7813135205693
69  104.55769008781134  0.42553880508449582  1721.1856153054214
70  104.80896885340002  0.43514656631305826  1554.3001429026765
71  105.15517064080477  0.42861318141501098  1238.2690961774692
72  105.57805809920531  0.41470071474415687  950.67055483224885
73  106.1416928515094  0.40390671163509501  740.59538368861013
74  106.91168326000829  0.38801941708458559  550.60672115620366
75  107.63562578315552  0.37171968235807989  427.30928025084336
76  108.28402743138626  0.35764167673333969  348.38609172904393
77  108.89112494363165  0.34471170589936007  291.84660924240791
78  109.47417526793173  0.33333895389759188  249.92053330443127
79  110.04160352571098  0.32255838973797957  216.36756435290727
80  110.5988077259276  0.3127603621451665  189.75366723195128
81  111.48084622840112  0.29794298301809569  155.68953357585715
82  112.37416588031844  0.2844714853428314  129.93000442037547
83  113.24443122315026  0.27240938471390186  110.15137358453794
84  114.10518601909602  0.26130351006289076  94.429915650022153
85  114.95558670271156  0.25116881107853894  81.887334097669978
86  115.86004451181687  0.2413691625052706  71.172053420929927
87  116.79938333855897  0.23208033095933625  62.138501665311146
88  117.86926913711731  0.22241296038410382  53.80483577417516
89  119.19790646119586  0.21187158897859931  45.692131434303221
90  120.59520543161975  0.20209608125145412  39.120446997307845
91  122.16171951166108  0.19234367348486786  33.282626717899056
92  123.84922236770231  0.18328776457888732  28.506054112227265
93  125.59415908912632  0.17487365223084603  24.530913366437431
94  127.46924241625189  0.16671207341043026  21.085822882446358
95  130.01343774427815  0.15663056408043885  17.314841614330735
96  132.56812553969851  0.14754293073856925  14.353061429880482
97  135.12236004623585  0.13908184193084255  11.964273290949
98  137.67629859867006  0.13114835828775526  9.962576992782683
99  140.74972675790448  0.12235697830377215  8.045020017126987
100  144.1036578513455  0.11353662011058573  6.39613820215191
101  147.6686770629305  0.10504795449868914  5.0541316945685351
102  151.50540810836426  0.097092789199924326  3.976573132619682
103  155.94172845158869  0.089023433177567168  3.0598592319724882
104  161.03156463817788  0.081003585810671755  2.3017116450479618
105  166.48930173104898  0.073591213604848202  1.7237540154180391
106  172.05089790851957  0.067033216419886854  1.3017703338484727
107  177.87527653011497  0.061022048355318458  0.98103736048424728
108  186.27177015437837  0.053568160081938584  0.66264137432294901
109  194.66826377864095  0.047274779665684497  0.45438645505996955
110  203.06475740290352  0.04192197113513043  0.31602026681079476
111  211.4612510271661  0.037350487314104584  0.22280758517841029
112  221.44435320107405  0.032756916691325633  0.14959978720163775
113  231.43039041061783  0.028901733604685773  0.10218391515371902
114  241.53016293115201  0.025615808362338604  0.070676981560157157
115  251.74496614348632  0.022809408165561776  0.049508807084260045
116  264.64763833298053  0.019853898202628735  0.032316589605316366
117  280.18543246342364  0.016999927765284546  0.019970759866885155
118  295.42995072965459  0.014759645132590735  0.012867847878018538
119  309.33572940064749  0.013096147926120507  0.008845426104282272
120  323.39988701901677  0.011700700578859642  0.0061980882178158409
121  339.74411299755559  0.010359148385609787  0.0042138221021886914
122  356.2297375747001  0.0092445194466787371  0.0029339840442939549
123  376.70046629338702  0.0081212126533482375  0.0019361323599145269
124  401.15425027191992  0.0070590655969309793  0.00123118867258939
125  424.25376076829917  0.0062606737722277145  0.00083369350785278884
126  449.44618397839474  0.005556716961497005  0.00056507978715570728
127  474.92553462810213  0.0049786422823975343  0.00039414182138459118
128  504.53186126908332  0.0044320686688981087  0.00026887515053084166
129  536.71298016600542  0.0039524730245452605  0.00018417969275555247
130  571.5109231265111  0.0035235412782466001  0.00012702804372014822
131  609.32251327674976  0.0031459566452500245  8.8073333722508932e-05
132  650.19693703970802  0.0028150486853371678  6.1509600453452934e-05
133  697.67725040603716  0.0025041087481420003  4.2225791899808087e-05
134  749.2793635633144  0.0022318364620919086  2.9231553104091013e-05
135  809.23564018964032  0.0019783510076405554  1.9935387069330443e-05
136  874.06352020478926  0.0017589065528786391  1.3763374267610295e-05
137  949.40123679104897  0.0015556965821980951  9.3759377742607933e-06
138  1031.2635142724384  0.0013799533050158812  6.4666555888673462e-06
139  1119.7568414951249  0.0012286806913172296  4.518685319730462e-06
140  1233.4703920422382  0.0010748437857828097  3.0036572813773571e-06
141  1375.6918775656566  0.00092834467967352243  1.9227820576302421e-06
142  1528.4727958400883  0.00080875790595776736  1.2675034866252271e-06
143  1681.2537141145201  0.00071605200152092131  8.774104122957292e-07
144  1849.2163143036366  0.0006355662112737311  6.1266302861956734e-07
145  2060.5877840232206  0.00055657118939422714  4.1096178810919419e-07
146  2324.5997807283511  0.00048144494152729009  2.6599963627191963e-07
147  2588.6117774334816  0.00042408926509615135  1.8180625183387304e-07
148  2852.6237741386121  0.00037870585410557708  1.2963338129082679e-07
149  3116.6357708437426  0.00034206892871609573  9.5617815639617468e-08
150  3380.6477675488732  0.00031176784824711243  7.2525774256198798e-08
151  3672.8580140111794  0.00028384891859443734  5.4867469909979134e-08
152  4012.8028740730288  0.00025697994534726044  4.0840795472604494e-08
153  4485.8850079301446  0.0002269419198738857  2.8270163140810956e-08
154  5035.557134690901  0.00019975042021149676  1.9373284679831504e-08
155  5674.3044404476923  0.00017515877119237222  1.3157303294951496e-08
156  6342.5638710750145  0.00015500322627043668  9.2041626809604412e-09
157  7333.6965374861911  0.0001320442155128452  5.7962639410278449e-09
158  8324.8292038973668  0.00011466446517002725  3.8827993351152584e-09
159  9421.7179601406551  9.9656411237198682e-05  2.631696653032127e-09
160  10715.814292671645  8.5854600844664165e-05  1.7608318352367391e-09
161  12009.910625202634  7.5018221332201338e-05  1.2348376791905896e-09
162  13304.006957733623  6.6287809333503912e-05  8.9947642476596132e-10
163  15054.019865571494  5.6966259853622706e-05  6.1419801491855162e-10
164  16955.591199943006  4.9040289111377462e-05  4.2596149800589673e-10
165  19164.289393720159  4.1643122743425837e-05  2.927132951235886e-10
166  21552.107586122158  3.5033504783098684e-05  2.0436574210783325e-10
167  24326.289377501442  2.8488699558058304e-05  1.4126082121952302e-10
168  27549.814710082119  2.1524297015679869e-05  9.6707018376847892e-11
169  31052.306768228438  1.5580367340873465e-05  6.7204787552746877e-11
170  32158.936214354864  1.0728748403792006e-05  6.0433491390750994e-11
171  32718.552878897237  7.4552717034846925e-06  5.7346866841522924e-11
172  32868.955580894013  5.17938252361282e-06  5.655228203570982e-11
173  33052.865995632703  3.8581769093146767e-06  5.5607493748359046e-11
174  33796.886196656087  3.0164308045785091e-06  5.1971313972035665e-11
175  35217.488350761763  2.0951872098272322e-06  4.5867737374672969e-11
176  37395.867986464844  1.4554397193511073e-06  3.8246710971167578e-11
177  40800.832937781117  9.7527059042370477e-07  2.9377354863757406e-11
178  45257.399408251942  6.8956742713768863e-07  2.1475451622425872e-11
179  51203.142076805052  4.905582727771207e-07  1.4798666244270592e-11
180  58111.475289791822  3.5634212387746356e-07  1.0105159457567428e-11
181  66139.314090841421  2.6192246545096161e-07  6.8419820652574396e-12
182  74819.940690240954  1.9770688242244406e-07  4.7198435331514669e-12
183  84063.606234869832  1.5643409787166828e-07  3.3234761681860889e-12
184  98145.630428648205  1.2931405431674972e-07  2.0849355790168626e-12
185  111848.16451465506  1.2570255189637641e-07  1.4070947422911611e-12
186  150358.76577769636  1.2529999999999999e-07  1.3659999999999994e-12
187  306155.62662415591  1.2529999999999999e-07  1.3659999999999994e-12
188  936440.82222055888  1.2529999999999999e-07  1.3659999999999994e-12
189  3486295.9709677584  1.2529999999999999e-07  1.3659999999999994e-12
190  9824351.5331455339  1.2529999999999999e-07  1.3659999999999994e-12
191  16381499.261312414  1.2529999999999999e-07  1.3659999999999994e-12
192  22938646.989479292  1.2529999999999999e-07  1.3659999999999994e-12
193  29495794.71764617  1.2529999999999999e-07  1.3659999999999994e-12
194  36052942.445813052  1.2529999999999999e-07  1.3659999999999994e-12
195  42610090.173979931  1.2529999999999999e-07  1.3659999999999994e-12
196  49167237.902146809  1.2529999999999999e-07  1.3659999999999994e-12
197  55724385.630313687  1.2529999999999999e-07  1.3659999999999994e-12
198  62281533.358480565  1.2529999999999999e-07  1.3659999999999994e-12
199  68937038.302569956  1.2529999999999999e-07  1.3659999999999994e-12
200  86544073.271723852  1.2529999999999999e-07  1.3659999999999994e-12
201  157774349.79406402  1.2529999999999999e-07  1.3659999999999994e-12
202  330428670.02802896  1.2529999999999999e-07  1.3659999999999994e-12
203  508103475.38527954  1.2529999999999999e-07  1.3659999999999994e-12
204  685778280.74253058  1.2529999999999999e-07  1.3659999999999994e-12
205  863453086.09978175  1.2529999999999999e-07  1.3659999999999994e-12
206  1041127891.4570329  1.2529999999999999e-07  1.3659999999999994e-12
207  1218802696.8142841  1.2529999999999999e-07  1.3659999999999994e-12
208  1396477502.1715353  1.2529999999999999e-07  1.3659999999999994e-12
209  1574152307.5287864  1.2529999999999999e-07  1.3659999999999994e-12
210  1751827112.8860376  1.2529999999999999e-07  1.3659999999999994e-12
211  1929501918.2432888  1.2529999999999999e-07  1.3659999999999994e-12
212  2179433499.2847657  1.2529999999999999e-07  1.3659999999999994e-12
213  2937645458.8824162  1.2529999999999999e-07  1.3659999999999994e-12
214  4058838181.5807414  1.2529999999999999e-07  1.3659999999999994e-12
215  8187462671.4678173  1.2529999999999999e-07  1.3659999999999994e-12
216  24890051414.363583  1.2529999999999999e-07  1.3659999999999994e-12
217  92461338509.53334  1.2529999999999999e-07  1.3659999999999994e-12
218  365824881729.13721  1.2529999999999999e-07  1.3659999999999994e-12
219  1471732878661.7285  1.2529999999999999e-07  1.3659999999999994e-12
220  5867380153394.4209  1.2529999999999999e-07  1.3659999999999994e-12
221  12835503312648.555  1.2529999999999999e-07  1.3659999999999994e-12
222  19803626471902.688  1.2529999999999999e-07  1.3659999999999994e-12
223  27463945565489.234  1.2529999999999999e-07  1.3659999999999994e-12
224  52208677731688.156  1.2529999999999999e-07  1.3659999999999994e-12
225  101116824939985.09  1.2529999999999999e-07  1.3659999999999994e-12
226  150024972148282  1.2529999999999999e-07  1.3659999999999994e-12
227  198933119356578.88  1.2529999999999999e-07  1.3659999999999994e-12
228  247841266564875.75  1.2529999999999999e-07  1.3659999999999994e-12
229  296749413773172.62  1.2529999999999999e-07  1.3659999999999994e-12
230  345657560981469.5  1.2529999999999999e-07  1.3659999999999994e-12
231  394565708189766.38  1.2529999999999999e-07  1.3659999999999994e-12
232  443473855398063.25  1.2529999999999999e-07  1.3659999999999994e-12
233  494692912561952.12  1.2529999999999999e-07  1.3659999999999994e-12
234  645718422120787.25  1.2529999999999999e-07  1.3659999999999994e-12
235  1256700840605762  1.2529999999999999e-07  1.3659999999999994e-12
236  3150000000000000  1.2529999999999999e-07  1.3659999999999994e-12
