1  1  0
2  1  0
3  1  0
4  1  0
5  1  0
6  1  0
7  1  0
8  1  0
9  1  0
10  1  0
11  1  0
12  1  0
13  1  0
14  1  0
15  1  0
16  1  0
17  1  0
18  1  0
19  1  0
20  1  0
21  1  0
22  1  0
23  1  0
24  1  0
25  1  0
26  1  0
27  1  0
28  1  0
29  1  0
30  1  0
31  1  0
32  1  0
33  1  0
34  1  0
35  1  0
36  1  0
37  1  0
38  1  0
39  1  0
40  1  0
41  1  0
42  1  0
43  1  0
44  1  0
45  1  0
46  1  0
47  1  0
48  1  0
49  1  0
50  1  0
51  1  0
52  1  0
53  1  0
54  1  0
55  1  0
56  1  0
57  1  0
58  1  0
59  1  0
60  1  0
61  1  0
62  1  0
63  1  0
64  1  0
65  1  0
66  1  0
67  1  0
68  1  0
69  1  0
70  1  0
71  1  0
72  1  0
73  1  0
74  1  0
75  1  0
76  1  0
77  1  0
78  1  0
79  1  0
80  1  0
81  1  0
82  1  0
83  1  0
84  1  0
85  1  0
86  1  0
87  1  0
88  1  0
89  1  0
90  1  0
91  1  0
92  1  0
93  1  0
94  1  0
95  1  2.4321e-61
96  1  1.17566e-60
97  1  3.33247e-60
98  1  8.32131e-60
99  1  1.98608e-59
100  1  4.65523e-59
101  1  1.08291e-58
102  1  2.51098e-58
103  1  5.81418e-58
104  1  1.34547e-57
105  1  3.11276e-57
106  1  7.20062e-57
107  1  1.66561e-56
108  1  3.85271e-56
109  1  8.91162e-56
110  1  2.06132e-55
111  1  4.76795e-55
112  1  1.10286e-54
113  1  2.55097e-54
114  1  5.90054e-54
115  1  1.36483e-53
116  1  3.15693e-53
117  1  7.30214e-53
118  1  1.68902e-52
119  1  3.90679e-52
120  1  9.03657e-52
121  1  2.09019e-51
122  1  4.83468e-51
123  1  1.11827e-50
124  1  2.58657e-50
125  1  5.98272e-50
126  1  1.38379e-49
127  1  3.20061e-49
128  1  3.40167e-48
129  1  1.15735e-47
130  1  3.36681e-47
131  1  9.4538e-47
132  1  2.6519e-46
133  1  7.51201e-46
134  1  2.15443e-45
135  1  6.2531e-45
136  1  1.83396e-44
137  1  5.42563e-44
138  1  1.61634e-43
139  1  4.84144e-43
140  1  1.45612e-42
141  1  4.39248e-42
142  1  1.32765e-41
143  1  4.01732e-41
144  1  1.21596e-40
145  1  3.67861e-40
146  1  1.11138e-39
147  1  3.34995e-39
148  1  1.00631e-38
149  1  3.00855e-38
150  1  8.9367e-38
151  1  2.63198e-37
152  1  7.66536e-37
153  1  2.20047e-36
154  1  6.20168e-36
155  1  1.70794e-35
156  1  4.57155e-35
157  1  1.18236e-34
158  1  2.93774e-34
159  1  6.97712e-34
160  1  1.57887e-33
161  1  3.40281e-33
162  1  7.00531e-33
163  1  1.38579e-32
164  1  2.65453e-32
165  1  4.96221e-32
166  1  9.11209e-32
167  1  1.65188e-31
168  1  2.96691e-31
169  1  5.29279e-31
170  1  9.395e-31
171  1  1.66151e-30
172  1  2.93029e-30
173  1  5.15731e-30
174  1  9.06285e-30
175  1  1.59075e-29
176  1  2.78972e-29
177  1  4.88915e-29
178  1  8.56426e-29
179  1  1.49963e-28
180  1  2.62516e-28
181  1  4.59445e-28
182  1  8.03974e-28
183  1  1.40669e-27
184  1  2.46101e-27
185  1  4.30525e-27
186  1  7.53114e-27
187  1  1.31736e-26
188  1  2.30429e-26
189  1  4.03051e-26
190  1  7.04977e-26
191  1  1.23306e-25
192  1  2.1567e-25
193  1  3.77218e-25
194  1  6.7945e-25
195  1  1.18001e-24
196  1  2.0528e-24
197  1  3.57577e-24
198  1  6.23477e-24
199  1  1.08792e-23
200  1  1.89943e-23
201  1  3.31771e-23
202  1  5.79694e-23
203  1  1.01314e-22
204  1  1.77105e-22
205  1  3.0964e-22
206  1  5.41428e-22
207  1  9.46828e-22
208  1  1.65594e-21
209  1  2.8964e-21
210  1  5.06659e-21
211  1  8.86381e-21
212  1  1.55089e-20
213  1  2.71403e-20
214  1  4.75046e-20
215  1  8.31709e-20
216  1  1.45666e-19
217  1  2.55233e-19
218  1  4.4748e-19
219  1  7.8524e-19
220  1  1.37932e-18
221  1  2.42609e-18
222  1  4.27477e-18
223  1  7.54943e-18
224  1  1.33724e-17
225  1  2.3778e-17
226  1  4.24888e-17
227  1  7.63971e-17
228  1  1.38439e-16
229  1  2.5328e-16
230  1  4.68779e-16
231  1  8.7955e-16
232  1  1.67632e-15
233  1  3.25105e-15
234  1  6.42434e-15
235  1  1.29438e-14
236  1  2.65885e-14
237  1  5.56394e-14
238  1  1.18446e-13
239  1  2.56041e-13
240  1  5.60877e-13
241  1  1.24249e-12
242  1  2.778e-12
243  1  6.2578e-12
244  1  1.41808e-11
245  0.999999  3.22864e-11
246  0.999999  7.37768e-11
247  0.999999  1.69056e-10
248  0.999999  3.88196e-10
249  0.999998  6.87243e-10
250  0.999998  9.3642e-10
251  0.999998  1.27528e-09
252  0.999998  1.73612e-09
253  0.999997  2.36281e-09
254  0.999997  3.21507e-09
255  0.999997  4.37402e-09
256  0.999997  5.95001e-09
257  0.999996  8.09302e-09
258  0.999996  1.1007e-08
259  0.999995  1.49689e-08
260  0.999995  2.03556e-08
261  0.999994  2.76789e-08
262  0.999994  3.76339e-08
263  0.999993  5.11652e-08
264  0.999992  6.95552e-08
265  0.999991  9.45446e-08
266  0.99999  1.28495e-07
267  0.999989  1.74609e-07
268  0.999988  2.37228e-07
269  0.999987  3.22227e-07
270  0.999985  4.37557e-07
271  0.999984  5.93961e-07
272  0.999982  8.05931e-07
273  0.99998  1.09299e-06
274  0.999978  1.48136e-06
275  0.999976  2.00623e-06
276  0.999973  2.7146e-06
277  0.99997  3.66906e-06
278  0.999966  4.95265e-06
279  0.999963  6.67499e-06
280  0.999958  8.98013e-06
281  0.999953  1.20565e-05
282  0.999948  1.61494e-05
283  0.999941  2.15783e-05
284  0.999932  2.87591e-05
285  0.999922  3.82371e-05
286  0.999909  5.07333e-05
287  0.999892  6.72088e-05
288  0.999871  8.89481e-05
289  0.999842  0.000117662
290  0.999804  0.000155616
291  0.999754  0.000205803
292  0.999687  0.000272167
293  0.9996  0.000359922
294  0.999484  0.000475955
295  0.99933  0.000629369
296  0.999127  0.000832189
297  0.998859  0.0011003
298  0.998505  0.00145466
299  0.998037  0.00192294
300  0.997418  0.00254158
301  0.996601  0.00335862
302  0.995522  0.00443718
303  0.9941  0.00586015
304  0.992224  0.00773607
305  0.989753  0.0102066
306  0.986504  0.0134558
307  0.982239  0.0177217
308  0.976651  0.0233096
309  0.969354  0.0306069
310  0.959862  0.0400993
311  0.947578  0.0523842
312  0.931784  0.0681786
313  0.911649  0.0883146
314  0.886253  0.113711
315  0.854651  0.145315
316  0.815976  0.183992
317  0.769596  0.230374
318  0.715308  0.284664
319  0.653535  0.34644
320  0.58547  0.414508
321  0.513103  0.486878
322  0.439074  0.56091
323  0.366374  0.633613
324  0.299593  0.700397
325  0.246352  0.753641
326  0.204354  0.795641
327  0.172737  0.827259
