1  9.85917e-10  0  1.88109e-05
2  3.7074e-09  8.21446e-19  1.88109e-05
3  7.45689e-09  3.32319e-18  1.88109e-05
4  1.49984e-08  1.3444e-17  1.88109e-05
5  3.01668e-08  5.43867e-17  1.88109e-05
6  6.0675e-08  2.20011e-16  1.88109e-05
7  1.22033e-07  8.89957e-16  1.88109e-05
8  2.45428e-07  3.5994e-15  1.88109e-05
9  4.93535e-07  1.45531e-14  1.8811e-05
10  9.92223e-07  5.88051e-14  1.88114e-05
11  1.68838e-06  1.68358e-13  1.88123e-05
12  2.38408e-06  3.31801e-13  1.88138e-05
13  3.07933e-06  5.48982e-13  1.88157e-05
14  3.77414e-06  8.19751e-13  1.8818e-05
15  4.4685e-06  1.14396e-12  1.88209e-05
16  5.16241e-06  1.52145e-12  1.88242e-05
17  5.85587e-06  1.95207e-12  1.8828e-05
18  6.54889e-06  2.43568e-12  1.88323e-05
19  7.24146e-06  2.97213e-12  1.8837e-05
20  7.93358e-06  3.56127e-12  1.88422e-05
21  8.86852e-06  4.44406e-12  1.88501e-05
22  1.07467e-05  6.52934e-12  1.88686e-05
23  1.4515e-05  1.19645e-11  1.89171e-05
24  2.09909e-05  2.5117e-11  1.90356e-05
25  3.03899e-05  5.25829e-11  1.92862e-05
26  4.39859e-05  1.09611e-10  1.98162e-05
27  6.35817e-05  2.27043e-10  2.09372e-05
28  9.16929e-05  4.6598e-10  2.3308e-05
29  0.000131759  9.43894e-10  2.83219e-05
30  0.00018834  1.87691e-09  3.89268e-05
31  0.0002667  3.62488e-09  6.11887e-05
32  0.0003622  6.38484e-09  0.000101901
33  0.000472013  1.02986e-08  0.000170757
34  0.000597134  1.5584e-08  0.000284937
35  0.000737992  2.24411e-08  0.000471671
36  0.000895039  3.11155e-08  0.000773022
37  0.0010718  4.2198e-08  0.00125276
38  0.00127356  5.67523e-08  0.0019716
39  0.00150305  7.59856e-08  0.00291094
40  0.00175608  1.00487e-07  0.00395793
41  0.0020581  1.34091e-07  0.00513512
42  0.00245419  1.85101e-07  0.00654374
43  0.00311919  2.88147e-07  0.00865266
44  0.00425276  5.13195e-07  0.0118269
45  0.0059387  9.65369e-07  0.0160539
46  0.00852602  1.95259e-06  0.0214699
47  0.0126812  4.33523e-06  0.0277148
48  0.0187597  9.90795e-06  0.0347469
49  0.0272057  2.34413e-05  0.0420584
50  0.0368393  5.40218e-05  0.048358
51  0.041634  8.29426e-05  0.0511568
52  0.044422  0.000112934  0.0528904
53  0.046207  0.000150703  0.0541778
54  0.046979  0.000190462  0.054967
55  0.0471586  0.000227131  0.0554161
56  0.0471024  0.000261729  0.0556785
57  0.0469614  0.000294928  0.055824
58  0.0467976  0.000327343  0.0558914
59  0.0466349  0.000359549  0.0559027
60  0.0464805  0.000392157  0.0558711
61  0.0463341  0.000426015  0.0558035
62  0.0461909  0.000462659  0.0557002
63  0.0460403  0.000505653  0.055549
64  0.045853  0.000566344  0.0552966
65  0.0455084  0.000700792  0.0546408
66  0.0449726  0.000963038  0.0532204
67  0.0443669  0.00131822  0.0512534
68  0.0437726  0.00170761  0.049149
69  0.0430421  0.0022247  0.0464871
70  0.0421203  0.00291907  0.0431663
71  0.0409256  0.00386518  0.0390861
72  0.0393853  0.00513255  0.0343224
73  0.0374299  0.00678288  0.0290989
74  0.0350059  0.00885386  0.0237388
75  0.0326059  0.010905  0.0193977
76  0.0302451  0.0129095  0.0158744
77  0.027935  0.0148504  0.0130058
78  0.0256904  0.0167107  0.0106663
79  0.0235259  0.0184749  0.00875553
80  0.0214542  0.0201302  0.00719279
81  0.0194858  0.0216665  0.00591304
82  0.0176282  0.0230774  0.00486369
83  0.0146649  0.0252236  0.00347446
84  0.00952497  0.0284911  0.00172045
85  0.00571413  0.0302653  0.000818175
86  0.00327731  0.0307218  0.000392086
87  0.00180683  0.0303154  0.000189151
88  0.000963568  0.0294046  9.17934e-05
89  0.000499731  0.0282385  4.47531e-05
90  0.00025324  0.0269729  2.18966e-05
91  0.000125975  0.0256963  1.07431e-05
92  6.19208e-05  0.0244566  5.28894e-06
93  3.04786e-05  0.0232846  2.62749e-06
94  1.50633e-05  0.0221719  1.30586e-06
95  7.56673e-06  0.0211089  6.44882e-07
96  4.01107e-06  0.0201059  3.18762e-07
97  2.3328e-06  0.0191589  1.57704e-07
98  1.5376e-06  0.0182635  7.80889e-08
99  1.15371e-06  0.0174149  3.87001e-08
100  9.60153e-07  0.0166079  1.91979e-08
101  8.54466e-07  0.0158366  9.53536e-09
102  7.89451e-07  0.015093  4.74526e-09
103  7.43265e-07  0.0143649  2.36948e-09
104  6.89275e-07  0.0132814  9.01225e-10
105  6.0777e-07  0.0113289  2.71824e-10
106  4.94875e-07  0.00824234  1.5014e-10
107  4.06808e-07  0.00557596  1.17507e-10
108  3.45206e-07  0.00367124  9.57947e-11
109  2.9333e-07  0.00224249  7.59288e-11
110  2.45348e-07  0.00127346  5.62109e-11
111  1.99454e-07  0.000678796  3.80643e-11
112  1.64076e-07  0.00037522  2.58033e-11
113  1.39478e-07  0.000221749  1.83778e-11
114  1.22009e-07  0.00013866  1.36736e-11
115  1.09523e-07  9.10451e-05  1.06056e-11
116  1.00658e-07  6.23841e-05  8.55807e-12
117  9.43539e-08  4.43989e-05  7.1425e-12
118  8.9819e-08  3.27202e-05  6.12184e-12
119  8.6537e-08  2.49221e-05  5.35929e-12
120  8.34279e-08  1.78194e-05  4.55437e-12
121  8.09299e-08  1.06032e-05  3.46209e-12
122  8.18642e-08  7.80261e-06  2.73313e-12
123  8.42328e-08  7.301e-06  2.30616e-12
124  8.73378e-08  7.59551e-06  2.02943e-12
125  9.0554e-08  8.24269e-06  1.82017e-12
126  9.4378e-08  9.12255e-06  1.66215e-12
127  9.89604e-08  1.02921e-05  1.52839e-12
128  1.04928e-07  1.20221e-05  1.39233e-12
129  1.13189e-07  1.45554e-05  1.27741e-12
130  1.21546e-07  1.73946e-05  1.20086e-12
131  1.29423e-07  2.02821e-05  1.15655e-12
132  1.36889e-07  2.32596e-05  1.13003e-12
133  1.44279e-07  2.64201e-05  1.11644e-12
134  1.517e-07  2.95898e-05  1.11986e-12
135  1.59813e-07  3.2924e-05  1.14105e-12
136  1.70416e-07  3.67617e-05  1.19445e-12
137  1.84499e-07  4.12129e-05  1.29145e-12
138  2.13775e-07  4.84351e-05  1.55366e-12
139  2.62082e-07  5.74466e-05  2.08839e-12
140  3.40375e-07  6.93542e-05  3.1425e-12
141  4.76793e-07  8.77492e-05  5.44635e-12
142  7.49811e-07  0.00012065  1.17011e-11
143  1.16462e-06  0.000165579  2.50747e-11
144  1.75442e-06  0.000224298  5.15649e-11
145  2.53542e-06  0.000300412  9.88161e-11
146  3.2717e-06  0.000388967  1.49298e-10
147  3.53597e-06  0.000471567  1.41201e-10
148  3.57319e-06  0.000548627  1.1332e-10
149  3.50908e-06  0.000590163  9.7783e-11
150  3.49514e-06  0.000619817  9.29892e-11
151  3.52054e-06  0.0006483  9.41693e-11
152  3.88388e-06  0.000708939  1.16927e-10
153  4.83599e-06  0.00082797  1.8864e-10
154  6.18537e-06  0.000973663  3.23041e-10
155  7.61479e-06  0.00112516  5.18516e-10
156  9.25999e-06  0.00128881  8.09627e-10
157  1.11938e-05  0.00147517  1.25296e-09
158  1.40775e-05  0.00171563  2.14928e-09
159  1.81493e-05  0.0019835  3.97216e-09
160  2.22247e-05  0.00220203  6.74401e-09
161  2.69231e-05  0.0023907  1.12698e-08
162  3.13802e-05  0.00252883  1.74853e-08
163  3.65139e-05  0.00265222  2.69723e-08
164  4.18143e-05  0.00275345  4.00601e-08
165  4.89562e-05  0.00285507  6.13317e-08
166  5.61925e-05  0.00294888  8.93854e-08
167  6.57978e-05  0.00305001  1.3309e-07
168  7.79218e-05  0.00316471  1.99629e-07
169  9.30073e-05  0.00328997  2.98284e-07
170  0.000111802  0.00343043  4.46847e-07
171  0.000135696  0.00358247  6.69601e-07
172  0.00018597  0.00383625  1.2564e-06
173  0.00026933  0.00414874  2.56244e-06
174  0.000383489  0.0044492  4.965e-06
175  0.000537511  0.00472541  9.2345e-06
176  0.000743671  0.00495585  1.66326e-05
177  0.00100918  0.0051264  2.88903e-05
178  0.00134024  0.00522212  4.83181e-05
179  0.00173737  0.00523793  7.78007e-05
180  0.00219413  0.00516526  0.000120169
181  0.00270544  0.00502012  0.000179274
182  0.00327439  0.0047999  0.000261749
183  0.00389445  0.00450684  0.000375044
184  0.00451283  0.00416989  0.000518133
185  0.00510591  0.00380698  0.000692799
186  0.00565098  0.0034349  0.000899029
187  0.0061711  0.00303452  0.00115916
188  0.00668108  0.00257556  0.00152017
189  0.00705015  0.00215617  0.00192612
190  0.00727472  0.00178378  0.00236916
191  0.0073643  0.00145884  0.00284346
192  0.0073324  0.00117971  0.00334254
193  0.00716853  0.000920431  0.00391658
194  0.00690987  0.000717042  0.00447513
195  0.00658483  0.000554594  0.00502514
196  0.00621664  0.000425931  0.00556093
197  0.00583462  0.000327905  0.00606031
198  0.00544972  0.000252385  0.00652812
199  0.00506816  0.00019371  0.00696888
200  0.00469803  0.0001484  0.007381
201  0.00425275  0.000105914  0.00786156
202  0.00378775  7.23359e-05  0.00835065
203  0.00336666  4.93974e-05  0.00878585
204  0.00298838  3.37302e-05  0.00917242
205  0.00265019  2.30307e-05  0.00951538
206  0.00234887  1.57243e-05  0.00981943
207  0.00208099  1.07354e-05  0.0100888
208  0.00184319  7.32899e-06  0.0103275
209  0.00157824  4.51677e-06  0.010593
210  0.00134595  2.75103e-06  0.0108255
211  0.00114782  1.67582e-06  0.0110237
212  0.000976454  1.01341e-06  0.0111952
213  0.000822445  5.94818e-07  0.0113492
214  0.000692704  3.49098e-07  0.0114789
215  0.000580474  2.01806e-07  0.0115912
216  0.000470675  1.05788e-07  0.011701
217  0.000381644  5.54538e-08  0.01179
218  0.000307234  2.84599e-08  0.0118644
219  0.000244675  1.41496e-08  0.011927
220  0.000194855  7.03484e-09  0.0119768
221  0.000155179  3.49756e-09  0.0120165
222  0.000121935  1.67228e-09  0.0120497
223  9.38776e-05  7.53454e-10  0.0120778
224  7.22762e-05  3.39473e-10  0.0120994
225  5.56454e-05  1.52952e-10  0.012116
226  4.07701e-05  5.98656e-11  0.0121309
227  2.76118e-05  1.87768e-11  0.012144
228  1.87003e-05  5.88934e-12  0.0121529
229  1.26649e-05  1.84719e-12  0.012159
230  8.5774e-06  5.79371e-13  0.0121631
231  5.8091e-06  1.81719e-13  0.0121658
232  3.93426e-06  5.69963e-14  0.0121677
233  2.6645e-06  1.78769e-14  0.012169
234  1.80455e-06  5.60707e-15  0.0121698
235  1.14645e-06  1.48186e-15  0.0121705
236  7.26566e-07  3.89052e-16  0.0121709
237  4.59326e-07  1.01468e-16  0.0121712
238  2.8966e-07  2.62877e-17  0.0121714
239  1.82209e-07  6.76503e-18  0.0121715
240  1.14331e-07  1.72929e-18  0.0121715
241  7.15585e-08  4.39071e-19  0.0121716
242  4.46743e-08  1.10728e-19  0.0121716
243  2.60225e-08  2.32521e-20  0.0121716
244  1.29378e-08  3.24201e-21  0.0121716
245  6.43237e-09  4.52027e-22  0.0121716
246  3.19803e-09  6.30254e-23  0.0121716
247  1.81792e-09  1.2434e-23  0.0121716
248  9.70715e-10  2.08678e-24  0.0121716
249  5.16605e-10  3.47262e-25  0.0121716
250  2.74011e-10  5.7298e-26  0.0121716
251  1.44847e-10  9.37366e-27  0.0121716
252  7.631e-11  1.52038e-27  0.0121716
253  3.66544e-11  1.95847e-28  0.0121716
254  1.75486e-11  2.50269e-29  0.0121716
255  8.40032e-12  3.19701e-30  0.0121716
256  4.02114e-12  4.08397e-31  0.0121716
257  1.74106e-12  4.09052e-32  0.0121716
258  6.03383e-13  2.42156e-33  0.0121716
259  2.09108e-13  1.43355e-34  0.0121716
260  7.24684e-14  8.48651e-36  0.0121716
261  2.51146e-14  5.02396e-37  0.0121716
262  9.71315e-15  3.85852e-38  0.0121716
263  3.29161e-15  2.19354e-39  0.0121716
264  1.10934e-15  1.23174e-40  0.0121716
265  3.71809e-16  6.83167e-42  0.0121716
266  1.23926e-16  3.74241e-43  0.0121716
267  3.55356e-17  1.47482e-44  0.0121716
268  1.01263e-17  5.73444e-46  0.0121716
269  2.86755e-18  2.19983e-47  0.0121716
270  6.85203e-19  5.90381e-49  0.0121716
271  1.62581e-19  1.56158e-50  0.0121716
272  3.83047e-20  4.07072e-52  0.0121716
273  8.96089e-21  1.04576e-53  0.0121716
274  1.73203e-21  1.82764e-55  0.0121716
275  3.32141e-22  3.14482e-57  0.0121716
276  6.31883e-23  5.33245e-59  0.0121716
277  9.71048e-24  6.05467e-61  0.0121716
278  1.47915e-24  7.24365e-63  0.0121716
279  2.23323e-25  7.85113e-65  0.0121716
280  2.65884e-26  5.48075e-67  0.0121716
281  3.13473e-27  3.75867e-69  0.0121716
282  2.84404e-28  1.61884e-71  0.0121716
283  2.55268e-29  6.84293e-74  0.0121716
284  2.26656e-30  2.83878e-76  0.0121716
285  1.50833e-31  7.21306e-79  0.0121716
286  9.91966e-33  1.79705e-81  0.0121716
287  6.44691e-34  4.38976e-84  0.0121716
288  3.05881e-35  6.41904e-87  0.0121716
289  1.43271e-36  9.19523e-90  0.0121716
290  6.62456e-38  1.29034e-92  0.0121716
291  2.44875e-39  1.28317e-95  0.0121716
292  4.3283e-41  4.09163e-99  0.0121716
293  8.99533e-43  9.43525e-103  0.0121716
294  2.4612e-43  1.87629e-106  0.0121716
295  1.91948e-43  2.988e-110  0.0121716
296  1.56616e-43  4.75839e-114  0.0121716
297  1.29377e-43  7.57775e-118  0.0121716
298  1.08098e-43  1.20676e-121  0.0121716
299  9.07608e-44  1.7099e-125  0.0121716
300  7.5289e-44  1.52306e-129  0.0121716
301  6.31512e-44  1.37181e-133  0.0121716
302  5.03867e-44  2.96974e-138  0.0121716
303  4.01664e-44  4.49052e-143  0.0121716
304  3.25338e-44  6.79007e-148  0.0121716
305  2.67028e-44  1.02672e-152  0.0121716
306  2.21953e-44  1.55249e-157  0.0121716
307  1.86353e-44  2.34751e-162  0.0121716
308  1.58034e-44  3.54965e-167  0.0121716
309  1.35136e-44  5.3674e-172  0.0121716
310  1.16431e-44  8.116e-177  0.0121716
311  1.01029e-44  1.22721e-181  0.0121716
312  8.82269e-45  1.85566e-186  0.0121716
313  7.74931e-45  2.80592e-191  0.0121716
314  6.66886e-45  1.77747e-196  0.0121716
315  5.76828e-45  1.05972e-201  0.0121716
316  4.96005e-45  4.29813e-207  0.0121716
317  4.15587e-45  6.925e-213  0.0121716
318  3.43011e-45  5.68756e-219  0.0121716
319  2.86005e-45  4.54875e-225  0.0121716
320  2.3487e-45  1.84287e-231  0.0121716
321  1.95042e-45  7.26874e-238  0.0121716
322  1.59404e-45  1.44435e-244  0.0121716
323  1.32602e-45  3.22559e-251  0.0121716
324  1.11435e-45  7.20356e-258  0.0121716
325  8.76149e-46  2.21262e-265  0.0121716
326  7.0126e-46  6.79624e-273  0.0121716
327  5.69926e-46  2.08751e-280  0.0121716
328  4.69507e-46  6.41195e-288  0.0121716
329  3.91334e-46  1.96948e-295  0.0121716
330  3.21313e-46  3.14445e-303  0.0121716
331  2.60757e-46  2.64103e-311  0.0121716
332  2.14621e-46  2.21974e-319  0.0121716
333  1.78618e-46  1.28457e-322  0.0121716
334  1.50324e-46  1.28457e-322  0.0121716
335  1.27701e-46  1.28457e-322  0.0121716
336  1.09377e-46  1.28457e-322  0.0121716
337  8.98308e-47  1.28457e-322  0.0121716
338  7.46056e-47  1.28457e-322  0.0121716
339  6.25793e-47  1.28457e-322  0.0121716
340  5.1692e-47  1.28457e-322  0.0121716
341  4.31634e-47  1.28457e-322  0.0121716
342  3.54908e-47  1.28457e-322  0.0121716
343  2.94949e-47  1.28457e-322  0.0121716
344  2.47614e-47  1.28457e-322  0.0121716
345  2.04789e-47  1.28457e-322  0.0121716
346  1.71039e-47  1.28457e-322  0.0121716
347  1.40717e-47  1.28457e-322  0.0121716
348  1.17025e-47  1.28457e-322  0.0121716
349  9.58356e-48  1.28457e-322  0.0121716
350  8.1283e-48  1.28457e-322  0.0121716
351  7.6528e-48  1.28457e-322  0.0121716
352  7.30817e-48  1.28457e-322  0.0121716
353  7.09487e-48  1.28457e-322  0.0121716
354  6.9341e-48  1.28457e-322  0.0121716
355  6.86484e-48  1.28457e-322  0.0121716
356  6.83064e-48  1.28457e-322  0.0121716
357  6.80121e-48  1.28457e-322  0.0121716
358  6.76331e-48  1.28457e-322  0.0121716
359  6.68738e-48  1.28457e-322  0.0121716
360  6.53631e-48  1.28457e-322  0.0121716
361  6.24803e-48  1.28457e-322  0.0121716
362  5.89135e-48  1.28457e-322  0.0121716
363  5.51094e-48  1.28457e-322  0.0121716
364  5.05619e-48  1.28457e-322  0.0121716
365  4.5914e-48  1.28457e-322  0.0121716
366  4.12296e-48  1.28457e-322  0.0121716
367  3.52272e-48  1.28457e-322  0.0121716
368  3.03259e-48  1.28457e-322  0.0121716
369  2.57212e-48  1.28457e-322  0.0121716
370  2.15026e-48  1.28457e-322  0.0121716
371  1.77019e-48  1.28457e-322  0.0121716
372  1.47267e-48  1.28457e-322  0.0121716
373  1.20727e-48  1.28457e-322  0.0121716
374  1.0005e-48  1.28457e-322  0.0121716
375  8.37726e-49  1.28457e-322  0.0121716
376  6.90776e-49  1.28457e-322  0.0121716
377  5.75672e-49  1.28457e-322  0.0121716
378  4.84364e-49  1.28457e-322  0.0121716
379  4.04342e-49  1.28457e-322  0.0121716
380  3.18141e-49  1.28457e-322  0.0121716
381  2.53319e-49  1.28457e-322  0.0121716
382  2.05029e-49  1.28457e-322  0.0121716
383  1.7188e-49  1.28457e-322  0.0121716
384  1.64571e-49  1.28457e-322  0.0121716
385  1.64571e-49  1.28457e-322  0.0121716
386  1.64571e-49  1.28457e-322  0.0121716
387  1.64571e-49  1.28457e-322  0.0121716
388  1.64571e-49  1.28457e-322  0.0121716
389  1.64571e-49  1.28457e-322  0.0121716
390  1.64571e-49  1.28457e-322  0.0121716
391  1.64571e-49  1.28457e-322  0.0121716
392  1.64571e-49  1.28457e-322  0.0121716
393  1.64571e-49  1.28457e-322  0.0121716
394  1.64571e-49  1.28457e-322  0.0121716
395  1.64571e-49  1.28457e-322  0.0121716
396  1.64571e-49  1.28457e-322  0.0121716
397  1.64571e-49  1.28457e-322  0.0121716
398  1.64571e-49  1.28457e-322  0.0121716
399  1.64571e-49  1.28457e-322  0.0121716
400  1.64571e-49  1.28457e-322  0.0121716
401  1.64571e-49  1.28457e-322  0.0121716
402  1.64571e-49  1.28457e-322  0.0121716
403  1.64571e-49  1.28457e-322  0.0121716
404  1.64571e-49  1.28457e-322  0.0121716
405  1.64571e-49  1.28457e-322  0.0121716
406  1.64571e-49  1.28457e-322  0.0121716
407  1.64571e-49  1.28457e-322  0.0121716
408  1.64571e-49  1.28457e-322  0.0121716
409  1.64571e-49  1.28457e-322  0.0121716
410  1.64571e-49  1.28457e-322  0.0121716
411  1.64571e-49  1.28457e-322  0.0121716
412  1.64571e-49  1.28457e-322  0.0121716
413  1.64571e-49  1.28457e-322  0.0121716
414  1.64571e-49  1.28457e-322  0.0121716
415  1.64571e-49  1.28457e-322  0.0121716
416  1.64571e-49  1.28457e-322  0.0121716
417  1.64571e-49  1.28457e-322  0.0121716
418  1.64571e-49  1.28457e-322  0.0121716
419  1.64571e-49  1.28457e-322  0.0121716
420  1.64571e-49  1.28457e-322  0.0121716
421  1.64571e-49  1.28457e-322  0.0121716
422  1.64571e-49  1.28457e-322  0.0121716
423  1.64571e-49  1.28457e-322  0.0121716
424  1.64571e-49  1.28457e-322  0.0121716
425  1.64571e-49  1.28457e-322  0.0121716
426  1.64571e-49  1.28457e-322  0.0121716
427  1.64571e-49  1.28457e-322  0.0121716
428  1.64571e-49  1.28457e-322  0.0121716
429  1.64571e-49  1.28457e-322  0.0121716
430  1.64571e-49  1.28457e-322  0.0121716
431  1.64571e-49  1.28457e-322  0.0121716
432  1.64571e-49  1.28457e-322  0.0121716
433  1.64571e-49  1.28457e-322  0.0121716
434  1.64571e-49  1.28457e-322  0.0121716
435  1.64571e-49  1.28457e-322  0.0121716
436  1.64571e-49  1.28457e-322  0.0121716
437  1.64571e-49  1.28457e-322  0.0121716
438  1.64571e-49  1.28457e-322  0.0121716
439  1.64571e-49  1.28457e-322  0.0121716
440  1.64571e-49  1.28457e-322  0.0121716
441  1.64571e-49  1.28457e-322  0.0121716
442  1.64571e-49  1.28457e-322  0.0121716
443  1.64571e-49  1.28457e-322  0.0121716
444  1.64571e-49  1.28457e-322  0.0121716
445  1.64571e-49  1.28457e-322  0.0121716
446  1.64571e-49  1.28457e-322  0.0121716
447  1.64571e-49  1.28457e-322  0.0121716
448  1.64571e-49  1.28457e-322  0.0121716
449  1.64571e-49  1.28457e-322  0.0121716
450  1.64571e-49  1.28457e-322  0.0121716
451  1.64571e-49  1.28457e-322  0.0121716
452  1.64571e-49  1.28457e-322  0.0121716
453  1.64571e-49  1.28457e-322  0.0121716
454  1.64571e-49  1.28457e-322  0.0121716
455  1.64571e-49  1.28457e-322  0.0121716
456  1.64571e-49  1.28457e-322  0.0121716
457  1.64571e-49  1.28457e-322  0.0121716
458  1.64571e-49  1.28457e-322  0.0121716
459  1.64571e-49  1.28457e-322  0.0121716
460  1.64571e-49  1.28457e-322  0.0121716
461  1.64571e-49  1.28457e-322  0.0121716
462  1.64571e-49  1.28457e-322  0.0121716
463  1.64571e-49  1.28457e-322  0.0121716
464  1.64571e-49  1.28457e-322  0.0121716
465  1.64571e-49  1.28457e-322  0.0121716
466  1.64571e-49  1.28457e-322  0.0121716
467  1.64571e-49  1.28457e-322  0.0121716
468  1.64571e-49  1.28457e-322  0.0121716
469  1.64571e-49  1.28457e-322  0.0121716
470  1.64571e-49  1.28457e-322  0.0121716
471  1.64571e-49  1.28457e-322  0.0121716
472  1.64571e-49  1.28457e-322  0.0121716
473  1.64571e-49  1.28457e-322  0.0121716
474  1.64571e-49  1.28457e-322  0.0121716
475  1.64571e-49  1.28457e-322  0.0121716
476  1.64571e-49  1.28457e-322  0.0121716
477  1.64571e-49  1.28457e-322  0.0121716
478  1.64571e-49  1.28457e-322  0.0121716
479  1.64571e-49  1.28457e-322  0.0121716
480  1.64571e-49  1.28457e-322  0.0121716
481  1.64571e-49  1.28457e-322  0.0121716
482  1.64571e-49  1.28457e-322  0.0121716
483  1.64571e-49  1.28457e-322  0.0121716
484  1.64571e-49  1.28457e-322  0.0121716
485  1.64571e-49  1.28457e-322  0.0121716
486  1.64571e-49  1.28457e-322  0.0121716
487  1.64571e-49  1.28457e-322  0.0121716
