1  1.38702e-10  0.710924  1.22218e-05  4.68415e-05  0.274084
2  3.08508e-10  0.710923  1.11949e-05  4.74311e-05  0.274085
3  1.96085e-10  0.710923  1.03416e-05  4.80068e-05  0.274085
4  1.33316e-10  0.710923  8.89071e-06  4.9038e-05  0.274086
5  7.58417e-11  0.710922  6.80802e-06  5.05793e-05  0.274087
6  2.74715e-11  0.710922  4.21964e-06  5.26028e-05  0.274088
7  8.35874e-12  0.710921  2.43571e-06  5.40754e-05  0.274089
8  2.7411e-12  0.710921  1.46934e-06  5.49022e-05  0.274089
9  9.6436e-13  0.710921  9.1998e-07  5.53818e-05  0.27409
10  3.61598e-13  0.710921  5.93386e-07  5.56701e-05  0.27409
11  1.43431e-13  0.710921  3.91618e-07  5.58493e-05  0.27409
12  5.97171e-14  0.710921  2.62993e-07  5.59641e-05  0.27409
13  2.20433e-14  0.71092  1.65978e-07  5.60508e-05  0.27409
14  5.11203e-15  0.71092  8.32403e-08  5.61248e-05  0.27409
15  1.20258e-15  0.71092  4.1394e-08  5.61623e-05  0.27409
16  2.89212e-16  0.71092  2.05823e-08  5.61809e-05  0.27409
17  7.04637e-17  0.71092  1.02336e-08  5.61901e-05  0.27409
18  1.72899e-17  0.71092  5.08802e-09  5.61946e-05  0.27409
19  4.25867e-18  0.71092  2.52968e-09  5.61968e-05  0.27409
20  1.05148e-18  0.71092  1.25771e-09  5.61979e-05  0.27409
21  2.60409e-19  0.71092  6.25304e-10  5.61983e-05  0.27409
22  6.50679e-20  0.71092  3.10887e-10  5.61985e-05  0.27409
23  1.61993e-20  0.71092  1.516e-10  5.61986e-05  0.27409
24  2.38801e-21  0.71092  4.6539e-11  5.61985e-05  0.27409
25  9.64983e-22  0.71092  5.47128e-12  5.61983e-05  0.27409
26  9.37645e-22  0.71092  1.43488e-13  5.61977e-05  0.27409
27  9.24564e-22  0.71092  4.78807e-16  5.61964e-05  0.27409
28  9.01319e-22  0.71092  1.45402e-17  5.61939e-05  0.274091
29  8.61978e-22  0.71092  1.38807e-17  5.61889e-05  0.274091
30  8.02615e-22  0.71092  1.3052e-17  5.61787e-05  0.274092
31  7.3119e-22  0.710919  1.20555e-17  5.61583e-05  0.274094
32  6.73503e-22  0.710919  1.1252e-17  5.61233e-05  0.274095
33  6.42606e-22  0.710918  1.08227e-17  5.60868e-05  0.274096
34  6.2141e-22  0.710918  1.05288e-17  5.60503e-05  0.274097
35  6.04103e-22  0.710918  1.02891e-17  5.60139e-05  0.274097
36  5.8896e-22  0.710918  1.00795e-17  5.59775e-05  0.274097
37  5.75396e-22  0.710918  9.89182e-18  5.59411e-05  0.274097
38  5.63145e-22  0.710918  9.72242e-18  5.59048e-05  0.274098
39  5.52044e-22  0.710917  9.56899e-18  5.58686e-05  0.274098
40  5.41965e-22  0.710917  9.42975e-18  5.58324e-05  0.274098
41  5.32799e-22  0.710917  9.30321e-18  5.57962e-05  0.274098
42  5.2445e-22  0.710917  9.18802e-18  5.57601e-05  0.274098
43  5.16826e-22  0.710917  9.08289e-18  5.5724e-05  0.274098
44  5.07558e-22  0.710917  8.95523e-18  5.56751e-05  0.274098
45  4.92058e-22  0.710916  8.74211e-18  5.55771e-05  0.274098
46  4.69667e-22  0.710916  8.43556e-18  5.53809e-05  0.274098
47  4.44443e-22  0.710915  8.09346e-18  5.50253e-05  0.274098
48  4.23569e-22  0.710913  7.81413e-18  5.4567e-05  0.274098
49  4.05345e-22  0.710911  7.57281e-18  5.40408e-05  0.274098
50  3.84651e-22  0.710908  7.30069e-18  5.33246e-05  0.274099
51  3.60603e-22  0.710905  6.98675e-18  5.23275e-05  0.274099
52  3.3341e-22  0.710899  6.63627e-18  5.08879e-05  0.2741
53  3.05582e-22  0.710891  6.28816e-18  4.87619e-05  0.274101
54  2.83507e-22  0.710879  6.03314e-18  4.58898e-05  0.274103
55  2.69512e-22  0.710863  5.90819e-18  4.2152e-05  0.274106
56  2.61548e-22  0.71084  5.88706e-18  3.75167e-05  0.274109
57  2.56256e-22  0.710818  5.89613e-18  3.32713e-05  0.274113
58  2.5135e-22  0.710799  5.89359e-18  2.98122e-05  0.274116
59  2.46305e-22  0.710781  5.87611e-18  2.69108e-05  0.274118
60  2.41047e-22  0.710765  5.84623e-18  2.43814e-05  0.274121
61  2.35329e-22  0.71075  5.80415e-18  2.20176e-05  0.274123
62  2.27968e-22  0.710732  5.73926e-18  1.93752e-05  0.274125
63  2.15787e-22  0.710704  5.61275e-18  1.56174e-05  0.274129
64  2.03712e-22  0.710677  5.46995e-18  1.22737e-05  0.274133
65  1.95133e-22  0.710655  5.3584e-18  9.94689e-06  0.274137
66  1.89082e-22  0.710636  5.27249e-18  8.22196e-06  0.27414
67  1.84807e-22  0.710619  5.20471e-18  6.86075e-06  0.274143
68  1.81776e-22  0.710601  5.14748e-18  5.6858e-06  0.274146
69  1.79778e-22  0.710578  5.09075e-18  4.47292e-06  0.274152
70  1.79596e-22  0.710554  5.04756e-18  3.50171e-06  0.274158
71  1.80664e-22  0.710533  5.01644e-18  2.81395e-06  0.274164
72  1.82254e-22  0.710513  4.98861e-18  2.30521e-06  0.27417
73  1.84395e-22  0.710489  4.94237e-18  1.78034e-06  0.274179
74  1.8482e-22  0.710446  4.79615e-18  1.14306e-06  0.274196
75  1.86262e-22  0.710402  4.62404e-18  7.20271e-07  0.274217
76  2.06772e-22  0.710362  4.62384e-18  4.71446e-07  0.274237
77  2.42333e-22  0.710325  4.73033e-18  3.19427e-07  0.274253
78  3.54295e-22  0.710296  5.45133e-18  2.33377e-07  0.274265
79  5.13653e-22  0.710278  6.50552e-18  1.92609e-07  0.274271
80  7.40017e-22  0.710265  7.96941e-18  1.69218e-07  0.274274
81  1.00863e-21  0.710256  9.62912e-18  1.53746e-07  0.274277
82  1.36926e-21  0.710248  1.17659e-17  1.42324e-07  0.274278
83  1.87831e-21  0.710241  1.46448e-17  1.3329e-07  0.27428
84  2.59709e-21  0.710234  1.85012e-17  1.25329e-07  0.274281
85  3.89159e-21  0.710225  2.5015e-17  1.16228e-07  0.274282
86  7.04895e-21  0.71021  3.95103e-17  1.04758e-07  0.274284
87  1.25093e-20  0.710193  6.19556e-17  9.47135e-08  0.274285
88  2.02605e-20  0.710173  9.04149e-17  8.53704e-08  0.274286
89  2.86995e-20  0.710154  1.18104e-16  7.67278e-08  0.274287
90  3.62957e-20  0.710135  1.40156e-16  6.86251e-08  0.274288
91  4.15378e-20  0.71012  1.52888e-16  6.13618e-08  0.274288
92  4.42874e-20  0.710107  1.57587e-16  5.56312e-08  0.274289
93  4.58121e-20  0.710097  1.5856e-16  5.08292e-08  0.274289
94  4.67019e-20  0.710087  1.5763e-16  4.65968e-08  0.27429
95  4.72518e-20  0.710078  1.55543e-16  4.2633e-08  0.27429
96  4.76247e-20  0.710067  1.52378e-16  3.85226e-08  0.27429
97  4.78699e-20  0.710055  1.48459e-16  3.4496e-08  0.274291
98  4.80128e-20  0.710045  1.44892e-16  3.13512e-08  0.274291
99  4.8115e-20  0.710036  1.4172e-16  2.88149e-08  0.274292
100  4.82049e-20  0.710029  1.38921e-16  2.67177e-08  0.274292
101  4.82986e-20  0.710022  1.36467e-16  2.49487e-08  0.274292
102  4.84242e-20  0.710016  1.34364e-16  2.34317e-08  0.274293
103  4.86491e-20  0.71001  1.32718e-16  2.21139e-08  0.274293
104  4.90023e-20  0.710005  1.31549e-16  2.09572e-08  0.274293
105  4.94834e-20  0.710001  1.30817e-16  1.99335e-08  0.274293
106  5.00798e-20  0.709996  1.30462e-16  1.90208e-08  0.274294
107  5.11071e-20  0.709991  1.30503e-16  1.7874e-08  0.274294
108  5.40336e-20  0.70998  1.32288e-16  1.5752e-08  0.274294
109  5.80085e-20  0.709968  1.35875e-16  1.38448e-08  0.274295
110  6.21573e-20  0.709959  1.40032e-16  1.23765e-08  0.274295
111  6.67161e-20  0.709951  1.44922e-16  1.11816e-08  0.274296
112  7.18153e-20  0.709943  1.50495e-16  1.0155e-08  0.274296
113  7.75838e-20  0.709934  1.56589e-16  9.20816e-09  0.274297
114  8.39786e-20  0.709925  1.62729e-16  8.29353e-09  0.274297
115  9.06704e-20  0.709915  1.67661e-16  7.34192e-09  0.274298
116  9.45445e-20  0.709902  1.66363e-16  6.36204e-09  0.274298
117  9.28448e-20  0.709889  1.5715e-16  5.56422e-09  0.274299
118  8.56361e-20  0.709875  1.40025e-16  4.78576e-09  0.2743
119  6.85322e-20  0.709853  1.07791e-16  3.73673e-09  0.274301
120  5.05273e-20  0.709828  7.7777e-17  2.84486e-09  0.274303
121  3.54563e-20  0.7098  5.4096e-17  2.01685e-09  0.274304
122  2.67304e-20  0.709772  4.07027e-17  1.40044e-09  0.274306
123  2.13246e-20  0.709744  3.24212e-17  9.18661e-10  0.274307
124  1.84376e-20  0.70972  2.7911e-17  6.13788e-10  0.274308
125  1.69803e-20  0.709699  2.54642e-17  4.19383e-10  0.27431
126  1.63981e-20  0.709681  2.42521e-17  2.94071e-10  0.274311
127  1.64267e-20  0.709665  2.38726e-17  2.11801e-10  0.274313
128  1.69201e-20  0.709651  2.40993e-17  1.56694e-10  0.274314
129  1.77126e-20  0.709639  2.47051e-17  1.18915e-10  0.274315
130  1.86951e-20  0.709628  2.55436e-17  9.23311e-11  0.274316
131  1.9823e-20  0.709618  2.65501e-17  7.31437e-11  0.274317
132  2.10739e-20  0.709609  2.76892e-17  5.89738e-11  0.274318
133  2.24413e-20  0.7096  2.89457e-17  4.82952e-11  0.274319
134  2.4291e-20  0.709591  3.06489e-17  3.84316e-11  0.27432
135  2.92437e-20  0.709572  3.51592e-17  2.39986e-11  0.274321
136  3.71443e-20  0.709549  4.21257e-17  1.37621e-11  0.274324
137  4.5541e-20  0.70953  4.92668e-17  8.81475e-12  0.274326
138  5.43969e-20  0.709515  5.65789e-17  6.14139e-12  0.274327
139  6.3804e-20  0.709502  6.41594e-17  4.55301e-12  0.274328
140  7.37087e-20  0.70949  7.19764e-17  3.54287e-12  0.274329
141  8.41773e-20  0.70948  8.00961e-17  2.86651e-12  0.27433
142  9.5411e-20  0.70947  8.86848e-17  2.39581e-12  0.274331
143  9.43417e-20  0.709462  8.59984e-17  2.04202e-12  0.274332
144  1.06453e-19  0.709453  9.50435e-17  1.77371e-12  0.274333
145  1.33357e-19  0.709437  1.14822e-16  1.44047e-12  0.274334
146  1.90494e-19  0.709414  1.55792e-16  1.19588e-12  0.274336
147  2.70742e-19  0.70939  2.1169e-16  1.14672e-12  0.274337
148  3.89328e-19  0.709367  2.91926e-16  1.23796e-12  0.274339
149  5.40133e-19  0.709344  3.91249e-16  1.43221e-12  0.274341
150  7.24668e-19  0.709324  5.09905e-16  1.70553e-12  0.274342
151  9.51482e-19  0.709303  6.52694e-16  2.06205e-12  0.274344
152  1.21038e-18  0.709283  8.1269e-16  2.48093e-12  0.274345
153  1.63149e-18  0.709257  1.068e-15  3.17553e-12  0.274347
154  2.39715e-18  0.709221  1.52154e-15  4.45895e-12  0.274351
155  3.26839e-18  0.709188  2.02729e-15  5.96231e-12  0.274354
156  4.07314e-18  0.709161  2.48898e-15  7.41462e-12  0.274358
157  4.78472e-18  0.709139  2.89515e-15  8.76044e-12  0.274361
158  5.38998e-18  0.70912  3.24074e-15  9.97413e-12  0.274365
159  5.85931e-18  0.709105  3.5116e-15  1.10248e-11  0.274369
160  6.1802e-18  0.709092  3.7021e-15  1.18874e-11  0.274373
161  6.34916e-18  0.70908  3.81088e-15  1.25451e-11  0.274377
162  6.35168e-18  0.709069  3.83165e-15  1.30057e-11  0.274382
163  5.92655e-18  0.709054  3.6321e-15  1.31073e-11  0.274392
164  4.64746e-18  0.709036  2.96098e-15  1.19607e-11  0.27441
165  3.2463e-18  0.709021  2.17859e-15  1.00193e-11  0.274431
166  2.23484e-18  0.709007  1.58108e-15  8.16559e-12  0.274454
167  1.60767e-18  0.708992  1.19141e-15  6.6268e-12  0.274484
168  1.40193e-18  0.708967  1.06007e-15  5.66553e-12  0.274534
169  2.03217e-18  0.708924  1.46195e-15  6.63477e-12  0.274615
170  3.06016e-18  0.708884  2.08009e-15  8.56174e-12  0.274685
171  3.97727e-18  0.70885  2.60111e-15  1.0156e-11  0.274743
172  4.46086e-18  0.70882  2.85927e-15  1.096e-11  0.274793
173  4.70218e-18  0.70879  2.97501e-15  1.12101e-11  0.274841
174  4.64568e-18  0.708761  2.92386e-15  1.1032e-11  0.274887
175  4.09436e-18  0.708729  2.60192e-15  1.01714e-11  0.274936
176  3.32242e-18  0.708695  2.15813e-15  8.78346e-12  0.274988
177  2.58727e-18  0.708651  1.7266e-15  7.47453e-12  0.275055
178  1.90691e-18  0.708593  1.31847e-15  6.04494e-12  0.27514
179  1.40181e-18  0.708514  1.00532e-15  4.91099e-12  0.275253
180  1.04e-18  0.708434  7.74434e-16  4.08056e-12  0.275359
181  7.92677e-19  0.708366  6.11865e-16  3.46688e-12  0.275447
182  5.90006e-19  0.708308  4.74327e-16  2.93797e-12  0.275519
183  4.41912e-19  0.708259  3.70032e-16  2.51807e-12  0.275579
184  3.38828e-19  0.708219  2.94725e-16  2.17687e-12  0.275628
185  2.59001e-19  0.708184  2.34241e-16  1.90084e-12  0.27567
186  3.14877e-19  0.708154  2.94584e-16  2.01712e-12  0.275707
187  2.47621e-19  0.708129  2.40429e-16  2.05156e-12  0.275739
188  1.99859e-19  0.708106  2.00681e-16  1.94891e-12  0.275767
189  1.60651e-19  0.708086  1.66938e-16  1.81572e-12  0.275792
190  1.27914e-19  0.708068  1.37781e-16  1.67656e-12  0.275815
191  9.01996e-20  0.708044  1.02729e-16  1.47691e-12  0.275846
192  6.25528e-20  0.708022  7.56159e-17  1.29666e-12  0.275876
193  4.3505e-20  0.708003  5.58753e-17  1.15387e-12  0.275901
194  3.09756e-20  0.707988  4.21887e-17  1.04437e-12  0.275921
195  2.26468e-20  0.707976  3.26451e-17  9.57891e-13  0.275938
196  1.66577e-20  0.707965  2.54648e-17  8.88021e-13  0.275953
197  1.23304e-20  0.707955  2.00457e-17  8.31396e-13  0.275967
198  9.04706e-21  0.707946  1.57543e-17  7.82446e-13  0.27598
199  6.63724e-21  0.707937  1.24681e-17  7.41461e-13  0.275992
200  4.86316e-21  0.707929  9.94418e-18  7.08775e-13  0.276003
201  3.68026e-21  0.707922  8.19759e-18  6.82403e-13  0.276013
202  2.75918e-21  0.707914  6.78856e-18  6.5949e-13  0.276023
203  2.0511e-21  0.707907  5.66828e-18  6.39282e-13  0.276034
204  1.54348e-21  0.707899  4.84026e-18  6.22716e-13  0.276045
205  1.18048e-21  0.707892  4.23283e-18  6.09426e-13  0.276056
206  8.93526e-22  0.707884  3.74372e-18  5.97634e-13  0.276068
207  6.94429e-22  0.707876  3.40037e-18  5.88546e-13  0.27608
208  5.5259e-22  0.70787  3.15144e-18  5.81953e-13  0.276092
209  4.4939e-22  0.707863  2.96744e-18  5.77123e-13  0.276104
210  3.63276e-22  0.707857  2.8097e-18  5.73275e-13  0.276116
211  2.89347e-22  0.707851  2.66469e-18  5.70509e-13  0.276128
212  2.33951e-22  0.707846  2.55221e-18  5.68569e-13  0.27614
213  1.78576e-22  0.70784  2.43414e-18  5.66861e-13  0.276156
214  1.2824e-22  0.707834  2.31471e-18  5.65767e-13  0.276172
215  9.23815e-23  0.707828  2.22601e-18  5.65136e-13  0.276187
216  6.59185e-23  0.707823  2.15843e-18  5.64802e-13  0.276202
217  4.54703e-23  0.707819  2.10528e-18  5.64665e-13  0.276217
218  3.0382e-23  0.707814  2.0678e-18  5.64659e-13  0.276232
219  2.02181e-23  0.70781  2.04661e-18  5.64741e-13  0.276247
220  1.18019e-23  0.707805  2.03548e-18  5.64913e-13  0.276266
221  6.66434e-24  0.7078  2.03806e-18  5.65126e-13  0.276284
222  3.54643e-24  0.707795  2.05142e-18  5.65359e-13  0.276303
223  1.81672e-24  0.70779  2.07278e-18  5.65591e-13  0.276322
224  9.11596e-25  0.707785  2.09902e-18  5.65805e-13  0.27634
225  4.16243e-25  0.707781  2.13148e-18  5.66012e-13  0.276359
226  1.40825e-25  0.707775  2.17857e-18  5.66249e-13  0.276382
227  4.65875e-26  0.70777  2.22739e-18  5.66436e-13  0.276402
228  1.55408e-26  0.707766  2.27613e-18  5.66585e-13  0.276417
229  5.14853e-27  0.707763  2.32507e-18  5.66702e-13  0.276428
230  1.71433e-27  0.707762  2.37363e-18  5.66792e-13  0.276435
231  5.77948e-28  0.70776  2.42155e-18  5.66862e-13  0.27644
232  1.26867e-28  0.70776  2.48813e-18  5.66934e-13  0.276443
233  2.53005e-29  0.707759  2.55867e-18  5.66988e-13  0.276445
234  5.08888e-30  0.707759  2.62841e-18  5.67025e-13  0.276446
235  1.0309e-30  0.707759  2.69725e-18  5.67051e-13  0.276446
236  2.09437e-31  0.707759  2.76503e-18  5.67069e-13  0.276446
237  4.88531e-32  0.707759  2.82579e-18  5.67081e-13  0.276446
238  9.52577e-33  0.707759  2.89225e-18  5.6709e-13  0.276446
239  1.84937e-33  0.707759  2.95642e-18  5.67097e-13  0.276446
240  3.56906e-34  0.707759  3.01763e-18  5.67101e-13  0.276446
241  7.00131e-35  0.707759  3.07498e-18  5.67105e-13  0.276446
242  1.43892e-35  0.707759  3.12776e-18  5.67107e-13  0.276446
243  3.29538e-36  0.707759  3.17552e-18  5.67109e-13  0.276446
244  9.77162e-37  0.707759  3.21789e-18  5.6711e-13  0.276446
245  4.22828e-37  0.707759  3.25482e-18  5.6711e-13  0.276446
246  2.52612e-37  0.707759  3.28645e-18  5.67111e-13  0.276446
247  1.72176e-37  0.707759  3.31662e-18  5.67111e-13  0.276446
248  1.28355e-37  0.707759  3.34092e-18  5.67112e-13  0.276446
249  9.86925e-38  0.707759  3.36018e-18  5.67112e-13  0.276446
250  7.66345e-38  0.707759  3.37522e-18  5.67112e-13  0.276446
251  5.97342e-38  0.707759  3.38684e-18  5.67112e-13  0.276446
252  4.65545e-38  0.707759  3.39571e-18  5.67112e-13  0.276446
253  3.62675e-38  0.707759  3.40243e-18  5.67112e-13  0.276446
254  2.82488e-38  0.707759  3.40749e-18  5.67112e-13  0.276446
255  2.12075e-38  0.707759  3.41173e-18  5.67112e-13  0.276446
256  1.58779e-38  0.707759  3.41475e-18  5.67112e-13  0.276446
257  1.19156e-38  0.707759  3.4169e-18  5.67112e-13  0.276446
258  8.94316e-39  0.707759  3.41842e-18  5.67112e-13  0.276446
259  6.70986e-39  0.707759  3.4195e-18  5.67112e-13  0.276446
260  5.03679e-39  0.707759  3.42026e-18  5.67112e-13  0.276446
261  3.64956e-39  0.707759  3.42087e-18  5.67112e-13  0.276446
262  2.63492e-39  0.707759  3.42128e-18  5.67112e-13  0.276446
263  1.91484e-39  0.707759  3.42155e-18  5.67112e-13  0.276446
264  1.3971e-39  0.707759  3.42174e-18  5.67112e-13  0.276446
265  1.02076e-39  0.707759  3.42187e-18  5.67112e-13  0.276446
266  9.1069e-40  0.707759  3.42197e-18  5.67112e-13  0.276446
267  9.1897e-40  0.707759  3.42206e-18  5.67112e-13  0.276446
268  9.26993e-40  0.707759  3.42213e-18  5.67112e-13  0.276446
269  9.34761e-40  0.707759  3.42219e-18  5.67112e-13  0.276446
270  9.43367e-40  0.707759  3.42225e-18  5.67112e-13  0.276446
271  9.51643e-40  0.707759  3.4223e-18  5.67112e-13  0.276446
272  9.59595e-40  0.707759  3.42234e-18  5.67112e-13  0.276446
273  9.67231e-40  0.707759  3.42237e-18  5.67112e-13  0.276446
274  9.75612e-40  0.707759  3.4224e-18  5.67112e-13  0.276446
275  9.83593e-40  0.707759  3.42243e-18  5.67112e-13  0.276446
276  9.91185e-40  0.707759  3.42245e-18  5.67112e-13  0.276446
277  9.98403e-40  0.707759  3.42247e-18  5.67112e-13  0.276446
278  1.00624e-39  0.707759  3.42249e-18  5.67112e-13  0.276446
279  1.01361e-39  0.707759  3.4225e-18  5.67112e-13  0.276446
280  1.02054e-39  0.707759  3.42252e-18  5.67112e-13  0.276446
281  1.02798e-39  0.707759  3.42253e-18  5.67112e-13  0.276446
282  1.03489e-39  0.707759  3.42254e-18  5.67112e-13  0.276446
283  1.04132e-39  0.707759  3.42255e-18  5.67112e-13  0.276446
284  1.04812e-39  0.707759  3.42255e-18  5.67112e-13  0.276446
285  1.05435e-39  0.707759  3.42256e-18  5.67112e-13  0.276446
286  1.06006e-39  0.707759  3.42257e-18  5.67112e-13  0.276446
287  1.06601e-39  0.707759  3.42257e-18  5.67112e-13  0.276446
288  1.07137e-39  0.707759  3.42258e-18  5.67112e-13  0.276446
289  1.0762e-39  0.707759  3.42258e-18  5.67112e-13  0.276446
290  1.08115e-39  0.707759  3.42258e-18  5.67112e-13  0.276446
291  1.08552e-39  0.707759  3.42259e-18  5.67112e-13  0.276446
292  1.08938e-39  0.707759  3.42259e-18  5.67112e-13  0.276446
293  1.09277e-39  0.707759  3.42259e-18  5.67112e-13  0.276446
294  1.09615e-39  0.707759  3.42259e-18  5.67112e-13  0.276446
295  1.09905e-39  0.707759  3.4226e-18  5.67112e-13  0.276446
296  1.10183e-39  0.707759  3.4226e-18  5.67112e-13  0.276446
297  1.10412e-39  0.707759  3.4226e-18  5.67112e-13  0.276446
298  1.10596e-39  0.707759  3.4226e-18  5.67112e-13  0.276446
299  1.10757e-39  0.707759  3.4226e-18  5.67112e-13  0.276446
300  1.10873e-39  0.707759  3.4226e-18  5.67112e-13  0.276446
301  1.10953e-39  0.707759  3.4226e-18  5.67112e-13  0.276446
302  1.10983e-39  0.707759  3.4226e-18  5.67112e-13  0.276446
303  1.10968e-39  0.707759  3.4226e-18  5.67112e-13  0.276446
304  1.10897e-39  0.707759  3.4226e-18  5.67112e-13  0.276446
305  1.10721e-39  0.707759  3.4226e-18  5.67112e-13  0.276446
306  1.1046e-39  0.707759  3.4226e-18  5.67112e-13  0.276446
307  1.10118e-39  0.707759  3.42261e-18  5.67112e-13  0.276446
308  1.09699e-39  0.707759  3.42261e-18  5.67112e-13  0.276446
309  1.09187e-39  0.707759  3.42261e-18  5.67112e-13  0.276446
310  1.086e-39  0.707759  3.42261e-18  5.67112e-13  0.276446
311  1.07835e-39  0.707759  3.42261e-18  5.67112e-13  0.276446
312  1.06978e-39  0.707759  3.42261e-18  5.67112e-13  0.276446
313  1.05646e-39  0.707759  3.42261e-18  5.67112e-13  0.276446
314  1.04024e-39  0.707759  3.42261e-18  5.67112e-13  0.276446
315  1.02219e-39  0.707759  3.42261e-18  5.67112e-13  0.276446
316  1.00247e-39  0.707759  3.42261e-18  5.67112e-13  0.276446
317  9.81192e-40  0.707759  3.42261e-18  5.67112e-13  0.276446
318  9.58559e-40  0.707759  3.42261e-18  5.67112e-13  0.276446
319  9.34743e-40  0.707759  3.42261e-18  5.67112e-13  0.276446
320  9.09913e-40  0.707759  3.42261e-18  5.67112e-13  0.276446
321  8.75104e-40  0.707759  3.42261e-18  5.67112e-13  0.276446
322  8.38997e-40  0.707759  3.42261e-18  5.67112e-13  0.276446
323  8.01993e-40  0.707759  3.42261e-18  5.67112e-13  0.276446
324  7.6446e-40  0.707759  3.42261e-18  5.67112e-13  0.276446
325  7.21179e-40  0.707759  3.42261e-18  5.67112e-13  0.276446
326  6.78181e-40  0.707759  3.42261e-18  5.67112e-13  0.276446
327  6.29701e-40  0.707759  3.42261e-18  5.67112e-13  0.276446
328  5.82712e-40  0.707759  3.42261e-18  5.67112e-13  0.276446
329  5.31116e-40  0.707759  3.42261e-18  5.67112e-13  0.276446
330  4.8247e-40  0.707759  3.42261e-18  5.67112e-13  0.276446
331  4.30659e-40  0.707759  3.42261e-18  5.67112e-13  0.276446
332  3.83288e-40  0.707759  3.42261e-18  5.67112e-13  0.276446
333  3.40414e-40  0.707759  3.42261e-18  5.67112e-13  0.276446
334  2.96607e-40  0.707759  3.42261e-18  5.67112e-13  0.276446
335  2.48214e-40  0.707759  3.42261e-18  5.67112e-13  0.276446
336  2.07934e-40  0.707759  3.42261e-18  5.67112e-13  0.276446
337  1.77295e-40  0.707759  3.42261e-18  5.67112e-13  0.276446
338  1.46353e-40  0.707759  3.42261e-18  5.67112e-13  0.276446
339  1.17869e-40  0.707759  3.42261e-18  5.67112e-13  0.276446
340  9.56673e-41  0.707759  3.42261e-18  5.67112e-13  0.276446
341  7.83055e-41  0.707759  3.42261e-18  5.67112e-13  0.276446
342  6.43143e-41  0.707759  3.42261e-18  5.67112e-13  0.276446
343  5.33708e-41  0.707759  3.42261e-18  5.67112e-13  0.276446
344  4.35208e-41  0.707759  3.42261e-18  5.67112e-13  0.276446
345  3.5842e-41  0.707759  3.42261e-18  5.67112e-13  0.276446
346  2.97985e-41  0.707759  3.42261e-18  5.67112e-13  0.276446
347  2.43808e-41  0.707759  3.42261e-18  5.67112e-13  0.276446
348  2.0162e-41  0.707759  3.42261e-18  5.67112e-13  0.276446
349  1.64133e-41  0.707759  3.42261e-18  5.67112e-13  0.276446
350  1.35168e-41  0.707759  3.42261e-18  5.67112e-13  0.276446
351  1.09621e-41  0.707759  3.42261e-18  5.67112e-13  0.276446
352  8.99698e-42  0.707759  3.42261e-18  5.67112e-13  0.276446
353  7.46608e-42  0.707759  3.42261e-18  5.67112e-13  0.276446
354  6.10266e-42  0.707759  3.42261e-18  5.67112e-13  0.276446
355  5.04509e-42  0.707759  3.42261e-18  5.67112e-13  0.276446
356  4.21463e-42  0.707759  3.42261e-18  5.67112e-13  0.276446
357  3.46687e-42  0.707759  3.42261e-18  5.67112e-13  0.276446
358  2.88345e-42  0.707759  3.42261e-18  5.67112e-13  0.276446
359  2.40129e-42  0.707759  3.42261e-18  5.67112e-13  0.276446
360  2.23035e-42  0.707759  3.42261e-18  5.67112e-13  0.276446
361  2.139e-42  0.707759  3.42261e-18  5.67112e-13  0.276446
362  2.06329e-42  0.707759  3.42261e-18  5.67112e-13  0.276446
363  2.01501e-42  0.707759  3.42261e-18  5.67112e-13  0.276446
364  1.9913e-42  0.707759  3.42261e-18  5.67112e-13  0.276446
365  1.98103e-42  0.707759  3.42261e-18  5.67112e-13  0.276446
366  1.97209e-42  0.707759  3.42261e-18  5.67112e-13  0.276446
367  1.95659e-42  0.707759  3.42261e-18  5.67112e-13  0.276446
368  1.92598e-42  0.707759  3.42261e-18  5.67112e-13  0.276446
369  1.86642e-42  0.707759  3.42261e-18  5.67112e-13  0.276446
370  1.75431e-42  0.707759  3.42261e-18  5.67112e-13  0.276446
371  1.65044e-42  0.707759  3.42261e-18  5.67112e-13  0.276446
372  1.54035e-42  0.707759  3.42261e-18  5.67112e-13  0.276446
373  1.39098e-42  0.707759  3.42261e-18  5.67112e-13  0.276446
374  1.24141e-42  0.707759  3.42261e-18  5.67112e-13  0.276446
375  1.11178e-42  0.707759  3.42261e-18  5.67112e-13  0.276446
376  9.46841e-43  0.707759  3.42261e-18  5.67112e-13  0.276446
377  7.94648e-43  0.707759  3.42261e-18  5.67112e-13  0.276446
378  6.56776e-43  0.707759  3.42261e-18  5.67112e-13  0.276446
379  5.48411e-43  0.707759  3.42261e-18  5.67112e-13  0.276446
380  4.51104e-43  0.707759  3.42261e-18  5.67112e-13  0.276446
381  3.74937e-43  0.707759  3.42261e-18  5.67112e-13  0.276446
382  3.14824e-43  0.707759  3.42261e-18  5.67112e-13  0.276446
383  2.60328e-43  0.707759  3.42261e-18  5.67112e-13  0.276446
384  2.17527e-43  0.707759  3.42261e-18  5.67112e-13  0.276446
385  1.7902e-43  0.707759  3.42261e-18  5.67112e-13  0.276446
386  1.48919e-43  0.707759  3.42261e-18  5.67112e-13  0.276446
387  1.22019e-43  0.707759  3.42261e-18  5.67112e-13  0.276446
388  1.01077e-43  0.707759  3.42261e-18  5.67112e-13  0.276446
389  8.24815e-44  0.707759  3.42261e-18  5.67112e-13  0.276446
390  6.80823e-44  0.707759  3.42261e-18  5.67112e-13  0.276446
391  5.68013e-44  0.707759  3.42261e-18  5.67112e-13  0.276446
392  4.78256e-44  0.707759  3.42261e-18  5.67112e-13  0.276446
393  4.3843e-44  0.707759  3.42261e-18  5.67112e-13  0.276446
394  4.38369e-44  0.707759  3.42261e-18  5.67112e-13  0.276446
395  4.38389e-44  0.707759  3.42261e-18  5.67112e-13  0.276446
396  4.38431e-44  0.707759  3.42261e-18  5.67112e-13  0.276446
397  4.38483e-44  0.707759  3.42261e-18  5.67112e-13  0.276446
398  4.38536e-44  0.707759  3.42261e-18  5.67112e-13  0.276446
399  4.38588e-44  0.707759  3.42261e-18  5.67112e-13  0.276446
400  4.38646e-44  0.707759  3.42261e-18  5.67112e-13  0.276446
401  4.38753e-44  0.707759  3.42261e-18  5.67112e-13  0.276446
402  4.3897e-44  0.707759  3.42261e-18  5.67112e-13  0.276446
403  4.39404e-44  0.707759  3.42261e-18  5.67112e-13  0.276446
404  4.40277e-44  0.707759  3.42261e-18  5.67112e-13  0.276446
405  4.41419e-44  0.707759  3.42261e-18  5.67112e-13  0.276446
406  4.42558e-44  0.707759  3.42261e-18  5.67112e-13  0.276446
407  4.43693e-44  0.707759  3.42261e-18  5.67112e-13  0.276446
408  4.45051e-44  0.707759  3.42261e-18  5.67112e-13  0.276446
409  4.47272e-44  0.707759  3.42261e-18  5.67112e-13  0.276446
410  4.49735e-44  0.707759  3.42261e-18  5.67112e-13  0.276446
411  4.52184e-44  0.707759  3.42261e-18  5.67112e-13  0.276446
412  4.5462e-44  0.707759  3.42261e-18  5.67112e-13  0.276446
413  4.57041e-44  0.707759  3.42261e-18  5.67112e-13  0.276446
414  4.5945e-44  0.707759  3.42261e-18  5.67112e-13  0.276446
415  4.61839e-44  0.707759  3.42261e-18  5.67112e-13  0.276446
