1  9.9999999999999995e-21  0.014999999999999999  150
2  3.4724999999999997e-20  0.014999999999999999  150
3  6.7423812499999977e-20  0.014999999999999999  150
4  1.1066799203124996e-19  0.014999999999999999  150
5  1.6785841946132805e-19  0.014999999999999999  150
6  2.434927597376063e-19  0.014999999999999999  150
7  3.4351917475298428e-19  0.014999999999999999  150
8  4.7580410861082162e-19  0.014999999999999999  150
9  6.5075093363781145e-19  0.014999999999999999  150
10  8.8211810973600556e-19  0.014999999999999999  150
11  1.188101200125867e-18  0.014999999999999999  150
12  1.5927638371664588e-18  0.014999999999999999  150
13  2.1279301746526416e-18  0.014999999999999999  150
14  2.8356876559781182e-18  0.014999999999999999  150
15  3.7716969250310604e-18  0.014999999999999999  150
16  5.0095691833535763e-18  0.014999999999999999  150
17  6.6466552449851043e-18  0.014999999999999999  150
18  8.8117015614927991e-18  0.014999999999999999  150
19  1.1674975315074224e-17  0.014999999999999999  150
20  1.5461654854185656e-17  0.014999999999999999  150
21  2.0469538544660526e-17  0.014999999999999999  150
22  2.7092464725313542e-17  0.014999999999999999  150
23  3.5851284599227151e-17  0.014999999999999999  150
24  4.74348238824779e-17  0.014999999999999999  150
25  6.2754054584577016e-17  0.014999999999999999  150
26  8.3013737188103094e-17  0.014999999999999999  150
27  1.0980716743126632e-16  0.014999999999999999  150
28  1.452414789278497e-16  0.014999999999999999  150
29  1.9210335588208121e-16  0.014999999999999999  150
30  2.5407818815405238e-16  0.014999999999999999  150
31  3.3603990383373418e-16  0.014999999999999999  150
32  4.4443427282011337e-16  0.014999999999999999  150
33  5.8778582580459986e-16  0.014999999999999999  150
34  7.7736825462658329e-16  0.014999999999999999  150
35  1.0280910167436563e-15  0.014999999999999999  150
36  1.3596718696434851e-15  0.014999999999999999  150
37  1.7981875476035086e-15  0.014999999999999999  150
38  2.3781245317056396e-15  0.014999999999999999  150
39  3.1450911931807079e-15  0.014999999999999999  150
40  4.1594046029814853e-15  0.014999999999999999  150
41  5.5008340874430138e-15  0.014999999999999999  150
42  7.2748745806433853e-15  0.014999999999999999  150
43  9.6210431329008743e-15  0.014999999999999999  150
44  1.2723851043261403e-14  0.014999999999999999  150
45  1.6827314504713201e-14  0.014999999999999999  150
46  2.2254144932483205e-14  0.014999999999999999  150
47  2.9431128173209033e-14  0.014999999999999999  150
48  3.8922688509068945e-14  0.014999999999999999  150
49  5.1475277053243672e-14  0.014999999999999999  150
50  6.8076075402914739e-14  0.014999999999999999  150
51  9.0030631220354728e-14  0.014999999999999999  150
52  1.190655312889191e-13  0.014999999999999999  150
53  1.5746418662959548e-13  0.014999999999999999  150
54  2.0824640831763999e-13  0.014999999999999999  150
55  2.7540589650007886e-13  0.014999999999999999  150
56  3.6422431962135425e-13  0.014999999999999999  150
57  4.8168668419924093e-13  0.014999999999999999  150
58  6.3703066135349601e-13  0.014999999999999999  150
59  8.4247307113999833e-13  0.014999999999999999  150
60  1.1141706580826478e-12  0.014999999999999999  150
61  1.4734907168143017e-12  0.014999999999999999  150
62  1.9486914944869138e-12  0.014999999999999999  150
63  2.577144522958943e-12  0.014999999999999999  150
64  3.4082736531132013e-12  0.014999999999999999  150
65  4.5074419277422087e-12  0.014999999999999999  150
66  5.9610919709390698e-12  0.014999999999999999  150
67  7.8835441530669176e-12  0.014999999999999999  150
68  1.0425987163930998e-11  0.014999999999999999  150
69  1.3788368045798741e-11  0.014999999999999999  150
70  1.823511676206883e-11  0.014999999999999999  150
71  2.4115941939336028e-11  0.014999999999999999  150
72  3.1893333236271893e-11  0.014999999999999999  150
73  4.2178933226469574e-11  0.014999999999999999  150
74  5.5781639213506001e-11  0.014999999999999999  150
75  7.3771217881361685e-11  0.014999999999999999  150
76  9.7562435669600819e-11  0.014999999999999999  150
77  1.2902632119454705e-10  0.014999999999999999  150
78  1.7063730980128845e-10  0.014999999999999999  150
79  2.2566784223370392e-10  0.014999999999999999  150
80  2.9844572137557339e-10  0.014999999999999999  150
81  3.9469446654069575e-10  0.014999999999999999  150
82  5.2198343202157003e-10  0.014999999999999999  150
83  6.9032308887002627e-10  0.014999999999999999  150
84  9.1295228505210957e-10  0.014999999999999999  150
85  1.2073793970029146e-09  0.014999999999999999  150
86  1.5967592525578544e-09  0.014999999999999999  150
87  2.111714111529262e-09  0.014999999999999999  150
88  2.7927419125189482e-09  0.014999999999999999  150
89  3.6934011793278086e-09  0.014999999999999999  150
90  4.884523059682526e-09  0.014999999999999999  150
91  6.4597817464516395e-09  0.014999999999999999  150
92  8.5430613597037927e-09  0.014999999999999999  150
93  1.1298198648229763e-08  0.014999999999999999  150
94  1.4941867712305359e-08  0.014999999999999999  150
95  1.9760620049545331e-08  0.014999999999999999  150
96  2.6133420015545197e-08  0.014999999999999999  150
97  3.4561447970580016e-08  0.014999999999999999  150
98  4.570751494111357e-08  0.014999999999999999  150
99  6.044818850964418e-08  0.014999999999999999  150
100  7.9942729304025906e-08  0.014999999999999999  150
101  1.0572425950459574e-07  0.014999999999999999  150
102  1.3982033319484935e-07  0.014999999999999999  150
103  1.8491239065020975e-07  0.014999999999999999  150
104  2.4454663663492386e-07  0.014999999999999999  150
105  3.2341292694970825e-07  0.014999999999999999  150
106  4.2771359589101061e-07  0.014999999999999999  150
107  5.6565123056588297e-07  0.014999999999999999  150
108  7.4807375242340165e-07  0.014999999999999999  150
109  9.8932753757997007e-07  0.014999999999999999  150
110  1.3083856684495315e-06  0.014999999999999999  150
111  1.7303400465245266e-06  0.014999999999999999  150
112  2.2883747115287076e-06  0.014999999999999999  150
113  3.026375555996737e-06  0.014999999999999999  150
114  4.0023816728057058e-06  0.014999999999999999  150
115  5.2931497622855662e-06  0.014999999999999999  150
116  7.0001905606226818e-06  0.014999999999999999  150
117  9.2577520164235166e-06  0.014999999999999999  150
118  1.2243377041720119e-05  0.014999999999999999  150
119  1.6191866137674875e-05  0.014999999999999999  150
120  2.1413742967075039e-05  0.014999999999999999  150
121  2.8319675073956755e-05  0.014999999999999999  150
122  3.7452770285307822e-05  0.014999999999999999  150
123  4.953128870231961e-05  0.014999999999999999  150
124  6.5505129308817699e-05  0.014999999999999999  150
125  8.6630533510911423e-05  0.014999999999999999  150
126  0.00011456888056818038  0.014999999999999999  150
127  0.00015151734455141853  0.014999999999999999  150
128  0.00020038168816925099  0.014999999999999999  150
129  0.00026500478260383444  0.014999999999999999  150
130  0.00035046882499357101  0.014999999999999999  150
131  0.00046349502105399765  0.014999999999999999  150
132  0.00061297216534391189  0.014999999999999999  150
133  0.00081065568866732333  0.014999999999999999  150
134  0.001072092148262535  0.014999999999999999  150
135  0.0014178418660772023  0.014999999999999999  150
136  0.0018750958678870999  0.014999999999999999  150
137  0.0024798142852806892  0.014999999999999999  150
138  0.0032795543922837108  0.014999999999999999  150
139  0.0043372106837952073  0.014999999999999999  150
140  0.0057359611293191608  0.014999999999999999  150
141  0.0075858085935245892  0.014999999999999999  150
142  0.010032231864936268  0.014999999999999999  150
143  0.013267626641378212  0.014999999999999999  150
144  0.017546436233222683  0.014999999999999999  150
145  0.023205161918436995  0.014999999999999999  150
146  0.030688826637132922  0.014999999999999999  150
147  0.040585973227608284  0.014999999999999999  150
148  0.053674949593511947  0.014999999999999999  150
149  0.070985120837419535  0.014999999999999999  150
150  0.093877822307487313  0.014999999999999999  150
151  0.12415342000165196  0.014999999999999999  150
152  0.16419289795218467  0.014999999999999999  150
153  0.21714510754176417  0.014999999999999999  150
154  0.28717440472398309  0.014999999999999999  150
155  0.37978815024746759  0.014999999999999999  150
156  0.50226982870227577  0.014999999999999999  150
157  0.66425184845875962  0.014999999999999999  150
158  0.87847306958670934  0.014999999999999999  150
159  1.161780634528423  0.014999999999999999  150
160  1.536454889163839  0.014999999999999999  150
161  2.0319615909191766  0.014999999999999999  150
162  2.6872692039906108  0.014999999999999999  150
163  3.5539135222775822  0.014999999999999999  150
164  4.7000506332121024  0.014999999999999999  150
165  6.2158169624230046  0.014999999999999999  150
166  8.2204179328044233  0.014999999999999999  150
167  10.871502716133849  0.014999999999999999  150
168  14.377562342087012  0.014999999999999999  150
169  19.014326197410071  0.014999999999999999  150
170  25.146446396074815  0.014999999999999999  150
171  33.256175358808932  0.014999999999999999  150
172  43.981291912024801  0.014999999999999999  150
173  58.165258553652791  0.014999999999999999  150
174  76.923554437205809  0.014999999999999999  150
175  101.73140074320466  0.014999999999999999  150
176  134.53977748288813  0.014999999999999999  150
177  177.9288557211195  0.014999999999999999  150
178  235.31091169118048  0.014999999999999999  150
179  311.19868071158612  0.014999999999999999  150
180  411.56025524107258  0.014999999999999999  150
181  544.2884375563184  0.014999999999999999  150
182  719.82145866823089  0.014999999999999999  150
183  951.96387908873521  0.014999999999999999  150
184  1258.9722300948522  0.014999999999999999  150
185  1664.9907743004419  0.014999999999999999  150
186  2201.9502990123337  0.014999999999999999  150
187  2912.0792704438109  0.014999999999999999  150
188  3851.2248351619392  0.014999999999999999  150
189  5093.2448445016635  0.014999999999999999  150
190  6735.8163068534486  0.014999999999999999  150
191  8908.1170658136853  0.014999999999999999  150
192  11780.984819538597  0.014999999999999999  150
193  15580.352423839793  0.014999999999999999  150
194  20605.016080528123  0.014999999999999999  150
195  27250.133766498438  0.014999999999999999  150
196  36038.301906194181  0.014999999999999999  150
197  47660.654270941799  0.014999999999999999  150
198  63031.215273320515  0.014999999999999999  150
199  83358.782198966364  0.014999999999999999  150
200  110241.98945813302  0.014999999999999999  150
201  145795.0310583809  0.014999999999999999  150
202  192813.92857470873  0.014999999999999999  150
203  254996.42054005223  0.014999999999999999  150
204  337232.76616421901  0.014999999999999999  150
205  445990.33325217955  0.014999999999999999  150
206  589822.21572600736  0.014999999999999999  150
207  780039.88029764465  0.014999999999999999  150
208  1031602.7416936349  0.014999999999999999  150
209  1364294.6258898322  0.014999999999999999  150
210  1804279.6427393027  0.014999999999999999  150
211  2386159.8275227277  0.014999999999999999  150
212  3155696.3718988067  0.014999999999999999  150
213  4173408.4518361706  0.014999999999999999  150
214  5519332.6775533352  0.014999999999999999  150
215  7299317.4660642846  0.014999999999999999  150
216  9653347.3488700148  0.014999999999999999  150
217  12766551.868880592  0.014999999999999999  150
218  16883764.84659458  0.014999999999999999  150
219  22328778.829446938  0.014999999999999999  150
220  29529809.821769178  0.014999999999999999  150
221  39053173.309115343  0.014999999999999999  150
222  51647821.521130644  0.014999999999999999  150
223  68304243.781520873  0.014999999999999999  150
224  90332362.220886946  0.014999999999999999  150
225  119464548.85694858  0.014999999999999999  150
226  157991865.6831401  0.014999999999999999  150
227  208944242.18577835  0.014999999999999999  150
228  276328760.11051744  0.014999999999999999  150
229  365444785.06598485  0.014999999999999999  150
230  483300728.06959051  0.014999999999999999  150
231  639165212.69185889  0.014999999999999999  150
232  845295993.60480881  0.014999999999999999  150
233  1117903951.362185  0.014999999999999999  150
234  1478427975.496315  0.014999999999999999  150
235  1955220997.413702  0.014999999999999999  150
236  2585779768.899446  0.014999999999999999  150
237  3419693744.1893425  0.014999999999999999  150
238  4522544976.510231  0.014999999999999999  150
239  5981065731.2546053  0.014999999999999999  150
240  7909959429.4040403  0.014999999999999999  150
241  10460921345.206667  0.014999999999999999  150
242  13834568478.85564  0.014999999999999999  150
243  18296216813.106407  0.014999999999999999  150
244  24196746735.153046  0.014999999999999999  150
245  32000197557.059723  0.014999999999999999  150
246  42320261269.031296  0.014999999999999999  150
247  55968545528.113708  0.014999999999999999  150
248  74018401460.750183  0.014999999999999999  150
249  90012602877.716141  0.014999999999999999  150
250  100472044593.11154  0.014999999999999999  150
251  111939374338.28278  0.014999999999999999  150
252  124547736366.56281  0.014999999999999999  150
253  138439770088.85101  0.014999999999999999  150
254  153770024594.73581  0.014999999999999999  150
255  170707260162.32605  0.014999999999999999  150
256  189436784099.52994  0.014999999999999999  150
257  210162926801.77713  0.014999999999999999  150
258  233111747123.03668  0.014999999999999999  150
259  258534054002.11737  0.014999999999999999  150
260  286708839572.76434  0.014999999999999999  150
261  317947236524.57373  0.014999999999999999  150
262  352597139946.65637  0.014999999999999999  150
263  391048673449.35382  0.014999999999999999  150
264  433740734748.54242  0.014999999999999999  150
265  481168932766.9173  0.014999999999999999  150
266  533895334936.59271  0.014999999999999999  150
267  592560591801.70679  0.014999999999999999  150
268  657899213721.5365  0.014999999999999999  150
269  730759067113.00183  0.014999999999999999  150
270  812126573157.29492  0.014999999999999999  150
271  903159686785.57971  0.014999999999999999  150
272  1005231593198.8271  0.014999999999999999  150
273  1119989312399.6921  0.014999999999999999  150
274  1249433246583.4377  0.014999999999999999  150
275  1396026443017.5872  0.014999999999999999  150
276  1562846437936.7925  0.014999999999999999  150
277  1753798691971.3809  0.014999999999999999  150
278  1973919848242.2969  0.014999999999999999  150
279  2229812759167.3291  0.014999999999999999  150
280  2530275170067.4775  0.014999999999999999  150
281  2887211596109.4722  0.014999999999999999  150
282  3316952715010.9219  0.014999999999999999  150
283  3842141677963.2051  0.014999999999999999  150
284  4494361903393.377  0.014999999999999999  150
285  5317638191222.0508  0.014999999999999999  150
286  6372809419517.3564  0.014999999999999999  150
287  7742609101478.1875  0.014999999999999999  150
288  9537376056704.375  0.014999999999999999  150
289  11901979084194.684  0.014999999999999999  150
290  15025491343907.498  0.014999999999999999  150
291  19155385390275.875  0.014999999999999999  150
292  24617121912844.746  0.014999999999999999  150
293  31840268463942.078  0.014999999999999999  150
294  41392879777768.289  0.014999999999999999  150
295  54026208240303.461  0.014999999999999999  150
296  70733785132006.219  0.014999999999999999  150
297  92829555571283.125  0.014999999999999999  150
298  122051211977226.81  0.014999999999999999  150
299  160696852574087.34  0.014999999999999999  150
300  211805712263435.41  0.014999999999999999  150
301  279397179202598.19  0.014999999999999999  150
302  368786894229640.94  0.014999999999999999  150
303  487004792352905  0.014999999999999999  150
304  643347962620921.62  0.014999999999999999  150
305  850111805300373.62  0.014999999999999999  150
306  1123556987243948.8  0.014999999999999999  150
307  1485188240364327  0.014999999999999999  150
308  1963445572616027  0.014999999999999999  150
309  2595940894518900  0.014999999999999999  150
310  3432415957735449.5  0.014999999999999999  150
311  4538654228839336  0.014999999999999999  150
312  6001654342374226  0.014999999999999999  150
313  7936471992524118  0.014999999999999999  150
314  10495268334847348  0.014999999999999999  150
315  13879276497569820  0.014999999999999999  150
316  18354627292770288  0.014999999999999999  150
317  24273278719422908  0.014999999999999999  150
318  32100695231170996  0.014999999999999999  150
319  42452453567957840  0.014999999999999999  150
320  56142653968358440  0.014999999999999999  150
321  74247943997888224  0.014999999999999999  150
322  98192190061941376  0.014999999999999999  150
323  1.2985845548165166e+17  0.014999999999999999  150
324  1.7043634318217568e+17  0.014999999999999999  150
325  2.1565963850253725e+17  0.014999999999999999  150
326  2.6495632991655568e+17  0.014999999999999999  150
327  3.15e+17  0.014999999999999999  150
