1  1.00546e-14  1.88109e-05
2  3.78089e-14  1.88109e-05
3  7.60472e-14  1.88109e-05
4  1.52958e-13  1.88109e-05
5  3.07652e-13  1.88109e-05
6  6.18794e-13  1.88109e-05
7  1.2446e-12  1.88109e-05
8  2.50322e-12  1.88109e-05
9  5.03436e-12  1.8811e-05
10  1.01237e-11  1.88114e-05
11  1.72325e-11  1.88123e-05
12  2.43414e-11  1.88138e-05
13  3.14508e-11  1.88157e-05
14  3.85608e-11  1.8818e-05
15  4.56716e-11  1.88209e-05
16  5.27833e-11  1.88242e-05
17  5.98962e-11  1.8828e-05
18  6.70104e-11  1.88323e-05
19  7.41261e-11  1.8837e-05
20  8.12434e-11  1.88422e-05
21  9.08684e-11  1.88501e-05
22  1.10244e-10  1.88686e-05
23  1.49298e-10  1.89171e-05
24  2.17051e-10  1.90356e-05
25  3.17131e-10  1.92862e-05
26  4.66614e-10  1.98162e-05
27  6.95215e-10  2.09372e-05
28  1.061e-09  2.3308e-05
29  1.69434e-09  2.83219e-05
30  2.929e-09  3.89269e-05
31  5.6879e-09  6.11892e-05
32  1.18182e-08  0.000102385
33  2.55485e-08  0.000174006
34  5.52148e-08  0.000290397
35  1.19095e-07  0.000475972
36  2.56545e-07  0.00076816
37  5.52337e-07  0.00122364
38  1.18201e-06  0.00192228
39  2.31733e-06  0.00285333
40  3.93803e-06  0.0038941
41  6.14381e-06  0.00506239
42  9.22509e-06  0.00645199
43  1.4519e-05  0.00849652
44  2.3938e-05  0.0116045
45  3.86187e-05  0.0157726
46  6.07752e-05  0.0211821
47  9.09624e-05  0.0274962
48  0.00013113  0.0346773
49  0.000184981  0.0422252
50  0.000256393  0.0486952
51  0.000337461  0.0524331
52  0.00041721  0.0541369
53  0.000503041  0.0549943
54  0.000597306  0.0554777
55  0.000701683  0.0557609
56  0.000816641  0.0559202
57  0.000942205  0.0559973
58  0.00107845  0.0560158
59  0.00122587  0.05599
60  0.00138634  0.0559276
61  0.00156529  0.0558297
62  0.00177767  0.0556866
63  0.00207195  0.055454
64  0.0026774  0.0548883
65  0.00383298  0.0535933
66  0.00525824  0.0516867
67  0.00689856  0.0490281
68  0.00866992  0.0453669
69  0.0100709  0.0414957
70  0.011186  0.0370527
71  0.0118957  0.0321339
72  0.0120938  0.0266389
73  0.0117591  0.0217672
74  0.011115  0.0178246
75  0.0103189  0.014618
76  0.00946354  0.0120039
77  0.00860314  0.00986917
78  0.00776885  0.00812344
79  0.00697834  0.00669378
80  0.00624106  0.00552135
81  0.00539902  0.00434685
82  0.00374291  0.00246993
83  0.00224305  0.00117123
84  0.00132152  0.000560985
85  0.000763591  0.000271322
86  0.000428073  0.000132825
87  0.000226689  6.61119e-05
88  0.000112492  3.51998e-05
89  5.70423e-05  2.21215e-05
90  3.08149e-05  1.55312e-05
91  2.25042e-05  1.2165e-05
92  2.03675e-05  1.03618e-05
93  1.94172e-05  9.02827e-06
94  1.81881e-05  7.74177e-06
95  1.63606e-05  6.42147e-06
96  1.3547e-05  4.81462e-06
97  1.03973e-05  3.28566e-06
98  7.94481e-06  2.24331e-06
99  6.15517e-06  1.56277e-06
100  4.83057e-06  1.10838e-06
101  3.84171e-06  8.00834e-07
102  3.097e-06  5.89579e-07
103  2.52647e-06  4.4123e-07
104  2.08095e-06  3.34644e-07
105  1.72771e-06  2.56645e-07
106  1.33476e-06  1.77606e-07
107  8.18173e-07  8.82795e-08
108  4.95543e-07  4.27384e-08
109  3.03867e-07  2.07423e-08
110  1.89609e-07  1.01009e-08
111  1.21774e-07  4.98099e-09
112  8.19698e-08  2.55182e-09
113  5.78732e-08  1.36152e-09
114  4.24828e-08  7.5181e-10
115  2.96333e-08  3.6846e-10
116  2.08394e-08  1.94886e-10
117  1.66072e-08  1.45485e-10
118  1.46128e-08  1.30345e-10
119  1.34641e-08  1.2346e-10
120  1.26993e-08  1.19486e-10
121  1.21967e-08  1.17568e-10
122  1.18985e-08  1.1774e-10
123  1.17645e-08  1.20517e-10
124  1.18336e-08  1.2713e-10
125  1.22836e-08  1.44244e-10
126  1.35006e-08  1.84537e-10
127  1.56916e-08  2.61862e-10
128  1.96662e-08  4.22233e-10
129  2.79036e-08  8.20615e-10
130  4.58963e-08  1.90675e-09
131  7.12486e-08  3.76473e-09
132  1.11076e-07  7.12731e-09
133  1.6909e-07  1.23847e-08
134  2.06155e-07  1.49659e-08
135  1.94814e-07  1.27108e-08
136  1.79606e-07  1.03854e-08
137  1.73798e-07  9.26386e-09
138  1.82025e-07  9.2643e-09
139  2.05991e-07  1.03306e-08
140  3.04818e-07  1.67178e-08
141  4.33464e-07  2.54662e-08
142  6.58155e-07  4.24163e-08
143  9.58034e-07  6.65759e-08
144  1.39253e-06  1.0385e-07
145  2.15551e-06  1.76645e-07
146  3.36795e-06  3.03095e-07
147  5.26924e-06  5.29175e-07
148  7.79348e-06  8.7018e-07
149  1.09824e-05  1.35318e-06
150  1.5104e-05  2.0571e-06
151  2.01569e-05  3.01967e-06
152  2.65091e-05  4.37049e-06
153  3.40622e-05  6.15087e-06
154  4.3379e-05  8.5818e-06
155  5.4919e-05  1.19221e-05
156  6.85307e-05  1.6266e-05
157  8.52891e-05  2.21694e-05
158  0.00010483  2.97551e-05
159  0.000136807  4.36093e-05
160  0.000186563  6.84511e-05
161  0.000248181  0.000104222
162  0.000322719  0.000154115
163  0.00041181  0.000223436
164  0.000516045  0.000317632
165  0.000634587  0.000442064
166  0.000765891  0.000602437
167  0.000906102  0.000804543
168  0.00105141  0.00104965
169  0.00120112  0.00134334
170  0.00135209  0.00169209
171  0.00149966  0.00209419
172  0.00164097  0.00254956
173  0.00180021  0.00317244
174  0.00195302  0.00391914
175  0.00209081  0.00477104
176  0.00220707  0.00568464
177  0.00230248  0.00664308
178  0.00237967  0.00763477
179  0.00244154  0.00865136
180  0.00249271  0.0097423
181  0.00253155  0.0108346
182  0.00256045  0.0118954
183  0.00258201  0.0129223
184  0.00259765  0.0138894
185  0.00260917  0.0148164
186  0.00261766  0.0156979
187  0.00262527  0.0167582
188  0.00263044  0.0177473
189  0.00263381  0.0186268
190  0.00263604  0.0194076
191  0.00263754  0.0201002
192  0.00263856  0.020714
193  0.00263926  0.0212579
194  0.00263974  0.0217396
195  0.0026401  0.0222026
196  0.00264038  0.0226829
197  0.00264055  0.0230923
198  0.00264066  0.0234412
199  0.00264073  0.0237514
200  0.00264077  0.0240212
201  0.00264079  0.0242484
202  0.00264081  0.0244526
203  0.00264082  0.0246434
204  0.00264082  0.0247982
205  0.00264083  0.0249294
206  0.00264083  0.0250471
207  0.00264083  0.0251405
208  0.00264083  0.0252135
209  0.00264083  0.0252706
210  0.00264083  0.0253145
211  0.00264083  0.0253483
212  0.00264083  0.025375
213  0.00264083  0.0254024
214  0.00264083  0.0254214
215  0.00264083  0.0254344
216  0.00264083  0.0254431
217  0.00264083  0.025449
218  0.00264083  0.025453
219  0.00264083  0.0254558
220  0.00264083  0.0254576
221  0.00264083  0.0254589
222  0.00264083  0.0254598
223  0.00264083  0.0254604
224  0.00264083  0.0254607
225  0.00264083  0.025461
226  0.00264083  0.0254612
227  0.00264083  0.0254613
228  0.00264083  0.0254614
229  0.00264083  0.0254614
230  0.00264083  0.0254614
231  0.00264083  0.0254614
232  0.00264083  0.0254615
233  0.00264083  0.0254615
234  0.00264083  0.0254615
235  0.00264083  0.0254615
236  0.00264083  0.0254615
237  0.00264083  0.0254615
238  0.00264083  0.0254615
239  0.00264083  0.0254615
240  0.00264083  0.0254615
241  0.00264083  0.0254615
242  0.00264083  0.0254615
243  0.00264083  0.0254615
244  0.00264083  0.0254615
245  0.00264083  0.0254615
246  0.00264083  0.0254615
247  0.00264083  0.0254615
248  0.00264083  0.0254615
249  0.00264083  0.0254615
250  0.00264083  0.0254615
251  0.00264083  0.0254615
252  0.00264083  0.0254615
253  0.00264083  0.0254615
254  0.00264083  0.0254615
255  0.00264083  0.0254615
256  0.00264083  0.0254615
257  0.00264083  0.0254615
258  0.00264083  0.0254615
259  0.00264083  0.0254615
260  0.00264083  0.0254615
261  0.00264083  0.0254615
262  0.00264083  0.0254615
263  0.00264083  0.0254615
264  0.00264083  0.0254615
265  0.00264083  0.0254615
266  0.00264083  0.0254615
267  0.00264083  0.0254615
268  0.00264083  0.0254615
269  0.00264083  0.0254615
270  0.00264083  0.0254615
271  0.00264083  0.0254615
272  0.00264083  0.0254615
273  0.00264083  0.0254615
274  0.00264083  0.0254615
275  0.00264083  0.0254615
276  0.00264083  0.0254615
277  0.00264083  0.0254615
278  0.00264083  0.0254615
279  0.00264083  0.0254615
280  0.00264083  0.0254615
281  0.00264083  0.0254615
282  0.00264083  0.0254615
283  0.00264083  0.0254615
284  0.00264083  0.0254615
285  0.00264083  0.0254615
286  0.00264083  0.0254615
287  0.00264083  0.0254615
288  0.00264083  0.0254615
289  0.00264083  0.0254615
290  0.00264083  0.0254615
291  0.00264083  0.0254615
292  0.00264083  0.0254615
293  0.00264083  0.0254615
294  0.00264083  0.0254615
295  0.00264083  0.0254615
296  0.00264083  0.0254615
297  0.00264083  0.0254615
298  0.00264083  0.0254615
299  0.00264083  0.0254615
300  0.00264083  0.0254615
301  0.00264083  0.0254615
302  0.00264083  0.0254615
303  0.00264083  0.0254615
304  0.00264083  0.0254615
305  0.00264083  0.0254615
306  0.00264083  0.0254615
307  0.00264083  0.0254615
308  0.00264083  0.0254615
309  0.00264083  0.0254615
310  0.00264083  0.0254615
311  0.00264083  0.0254615
312  0.00264083  0.0254615
313  0.00264083  0.0254615
314  0.00264083  0.0254615
315  0.00264083  0.0254615
316  0.00264083  0.0254615
317  0.00264083  0.0254615
318  0.00264083  0.0254615
319  0.00264083  0.0254615
320  0.00264083  0.0254615
321  0.00264083  0.0254615
322  0.00264083  0.0254615
323  0.00264083  0.0254615
324  0.00264083  0.0254615
325  0.00264083  0.0254615
326  0.00264083  0.0254615
327  0.00264083  0.0254615
328  0.00264083  0.0254615
329  0.00264083  0.0254615
330  0.00264083  0.0254615
331  0.00264083  0.0254615
332  0.00264083  0.0254615
333  0.00264083  0.0254615
334  0.00264083  0.0254615
335  0.00264083  0.0254615
336  0.00264083  0.0254615
337  0.00264083  0.0254615
338  0.00264083  0.0254615
339  0.00264083  0.0254615
340  0.00264083  0.0254615
341  0.00264083  0.0254615
342  0.00264083  0.0254615
343  0.00264083  0.0254615
344  0.00264083  0.0254615
345  0.00264083  0.0254615
346  0.00264083  0.0254615
347  0.00264083  0.0254615
348  0.00264083  0.0254615
349  0.00264083  0.0254615
350  0.00264083  0.0254615
351  0.00264083  0.0254615
352  0.00264083  0.0254615
353  0.00264083  0.0254615
354  0.00264083  0.0254615
355  0.00264083  0.0254615
356  0.00264083  0.0254615
357  0.00264083  0.0254615
358  0.00264083  0.0254615
359  0.00264083  0.0254615
360  0.00264083  0.0254615
361  0.00264083  0.0254615
362  0.00264083  0.0254615
363  0.00264083  0.0254615
364  0.00264083  0.0254615
365  0.00264083  0.0254615
366  0.00264083  0.0254615
367  0.00264083  0.0254615
368  0.00264083  0.0254615
369  0.00264083  0.0254615
370  0.00264083  0.0254615
371  0.00264083  0.0254615
372  0.00264083  0.0254615
373  0.00264083  0.0254615
374  0.00264083  0.0254615
375  0.00264083  0.0254615
376  0.00264083  0.0254615
377  0.00264083  0.0254615
378  0.00264083  0.0254615
379  0.00264083  0.0254615
380  0.00264083  0.0254615
381  0.00264083  0.0254615
382  0.00264083  0.0254615
383  0.00264083  0.0254615
384  0.00264083  0.0254615
385  0.00264083  0.0254615
386  0.00264083  0.0254615
387  0.00264083  0.0254615
388  0.00264083  0.0254615
389  0.00264083  0.0254615
390  0.00264083  0.0254615
391  0.00264083  0.0254615
392  0.00264083  0.0254615
393  0.00264082  0.0254615
394  0.00264082  0.0254615
395  0.00264082  0.0254615
396  0.00264082  0.0254615
397  0.00264082  0.0254615
398  0.00264082  0.0254615
399  0.00264082  0.0254615
400  0.00264082  0.0254615
401  0.00264081  0.0254615
402  0.0026408  0.0254615
403  0.00264079  0.0254615
404  0.00264079  0.0254615
405  0.00264078  0.0254615
406  0.00264077  0.0254615
407  0.00264077  0.0254615
408  0.00264076  0.0254615
409  0.00264075  0.0254615
410  0.00264074  0.0254615
411  0.00264074  0.0254615
412  0.00264073  0.0254615
413  0.00264072  0.0254615
414  0.00264072  0.0254615
415  0.00264071  0.0254615
416  0.0026407  0.0254615
417  0.00264069  0.0254615
418  0.00264069  0.0254615
419  0.00264068  0.0254615
420  0.00264067  0.0254615
421  0.00264066  0.0254615
422  0.00264065  0.0254615
423  0.00264062  0.0254615
424  0.00264058  0.0254615
425  0.00264055  0.0254615
426  0.00264048  0.0254615
427  0.00264036  0.0254615
428  0.0026401  0.0254615
429  0.00263958  0.0254615
430  0.00263855  0.0254615
431  0.00263646  0.0254615
432  0.00263227  0.0254615
433  0.00262385  0.0254615
434  0.00260702  0.0254615
435  0.00257352  0.0254615
436  0.00250751  0.0254615
437  0.00238017  0.0254615
438  0.00216212  0.0254615
439  0.00194519  0.0254615
440  0.00175003  0.0254615
441  0.00157444  0.0254615
442  0.00141647  0.0254615
443  0.00127436  0.0254615
444  0.00110568  0.0254615
445  0.000834453  0.0254615
446  0.000481788  0.0254615
447  0.000239534  0.0254615
448  0.000119091  0.0254615
449  5.92091e-05  0.0254615
450  2.94374e-05  0.0254615
451  1.46356e-05  0.0254615
452  7.27647e-06  0.0254615
453  3.61769e-06  0.0254615
454  1.79863e-06  0.0254615
455  8.94238e-07  0.0254615
456  4.44594e-07  0.0254615
457  2.21042e-07  0.0254615
458  1.09897e-07  0.0254615
459  5.46382e-08  0.0254615
460  2.71648e-08  0.0254615
461  1.35057e-08  0.0254615
462  6.71473e-09  0.0254615
463  3.33841e-09  0.0254615
464  1.46283e-09  0.0254615
465  3.2383e-10  0.0254615
466  2.24164e-11  0.0254615
467  2.72858e-13  0.0254615
468  3.27794e-16  0.0254615
469  2.43665e-20  0.0254615
470  2.95984e-23  0.0254615
