1  1.00546e-14  1.88109e-05
2  3.78089e-14  1.88109e-05
3  7.60472e-14  1.88109e-05
4  1.52958e-13  1.88109e-05
5  3.07652e-13  1.88109e-05
6  6.18794e-13  1.88109e-05
7  1.2446e-12  1.88109e-05
8  2.50322e-12  1.88109e-05
9  5.03436e-12  1.8811e-05
10  1.01237e-11  1.88114e-05
11  1.72325e-11  1.88123e-05
12  2.43414e-11  1.88138e-05
13  3.14508e-11  1.88157e-05
14  3.85608e-11  1.8818e-05
15  4.56716e-11  1.88209e-05
16  5.27833e-11  1.88242e-05
17  5.98962e-11  1.8828e-05
18  6.70104e-11  1.88323e-05
19  7.41261e-11  1.8837e-05
20  8.12434e-11  1.88422e-05
21  9.08684e-11  1.88501e-05
22  1.10244e-10  1.88686e-05
23  1.49298e-10  1.89171e-05
24  2.17051e-10  1.90356e-05
25  3.17131e-10  1.92862e-05
26  4.66614e-10  1.98162e-05
27  6.95215e-10  2.09372e-05
28  1.061e-09  2.3308e-05
29  1.69434e-09  2.83219e-05
30  2.929e-09  3.89269e-05
31  5.6879e-09  6.11892e-05
32  1.18182e-08  0.000102385
33  2.55485e-08  0.000174006
34  5.52148e-08  0.000290397
35  1.19095e-07  0.000475972
36  2.56545e-07  0.00076816
37  5.52337e-07  0.00122364
38  1.18201e-06  0.00192228
39  2.31733e-06  0.00285333
40  3.93803e-06  0.0038941
41  6.14381e-06  0.00506239
42  9.22509e-06  0.00645199
43  1.45445e-05  0.00850552
44  2.42291e-05  0.0116927
45  3.96153e-05  0.0160331
46  6.16028e-05  0.0213676
47  8.15057e-05  0.0256258
48  0.000104814  0.0301233
49  0.000133294  0.0350486
50  0.000166125  0.0398911
51  0.000202778  0.0441993
52  0.000247714  0.0480699
53  0.00030555  0.0511476
54  0.000382376  0.053277
55  0.000465423  0.0543442
56  0.000556154  0.0549273
57  0.000656528  0.0552693
58  0.000767333  0.0554668
59  0.000888659  0.0555704
60  0.00102051  0.0556088
61  0.00116312  0.0555988
62  0.00131767  0.0555504
63  0.00148782  0.0554673
64  0.00168354  0.0553451
65  0.00193441  0.0551591
66  0.00236138  0.0547882
67  0.00315584  0.0539757
68  0.00415305  0.052792
69  0.00535599  0.0511429
70  0.00674836  0.0488951
71  0.00827099  0.0458789
72  0.00976828  0.0419963
73  0.0110023  0.0373815
74  0.0117645  0.0325378
75  0.0120351  0.0274977
76  0.0117934  0.0225316
77  0.011201  0.0184457
78  0.0104321  0.0151245
79  0.00958945  0.0124177
80  0.00873294  0.0102078
81  0.00789719  0.00840102
82  0.00710199  0.00692164
83  0.00635808  0.00570869
84  0.00559375  0.0046096
85  0.004123  0.00285734
86  0.00248107  0.00135183
87  0.00146735  0.000646227
88  0.000851805  0.000311917
89  0.000481096  0.000152322
90  0.000258309  7.55487e-05
91  0.000131096  3.98897e-05
92  6.61304e-05  2.43044e-05
93  3.49756e-05  1.68185e-05
94  2.37216e-05  1.28412e-05
95  2.12731e-05  1.11838e-05
96  2.0359e-05  1.00797e-05
97  1.98164e-05  9.26601e-06
98  1.92282e-05  8.53746e-06
99  1.84197e-05  7.78246e-06
100  1.72738e-05  6.9286e-06
101  1.53523e-05  5.74144e-06
102  1.21001e-05  4.0445e-06
103  9.20748e-06  2.73875e-06
104  7.08003e-06  1.88708e-06
105  5.52018e-06  1.32568e-06
106  4.36014e-06  9.48298e-07
107  3.49223e-06  6.9161e-07
108  2.8335e-06  5.13493e-07
109  2.3237e-06  3.86926e-07
110  1.92221e-06  2.95101e-07
111  1.56884e-06  2.20737e-07
112  1.03483e-06  1.21832e-07
113  6.24506e-07  5.88725e-08
114  3.81195e-07  2.85378e-08
115  2.36249e-07  1.38702e-08
116  1.4964e-07  6.76807e-09
117  9.7297e-08  3.30898e-09
118  6.25262e-08  1.49754e-09
119  4.08005e-08  6.45252e-10
120  2.75631e-08  2.83356e-10
121  1.99682e-08  1.55387e-10
122  1.61569e-08  1.2148e-10
123  1.43449e-08  1.13144e-10
124  1.32901e-08  1.10266e-10
125  1.25861e-08  1.09154e-10
126  1.21423e-08  1.09496e-10
127  1.18859e-08  1.11483e-10
128  1.18066e-08  1.16238e-10
129  1.19354e-08  1.24993e-10
130  1.25617e-08  1.4781e-10
131  1.3987e-08  1.95399e-10
132  1.65372e-08  2.87687e-10
133  2.12403e-08  4.84503e-10
134  3.13372e-08  9.97809e-10
135  4.97635e-08  2.15528e-09
136  8.05579e-08  4.49257e-09
137  1.30105e-07  8.81811e-09
138  1.89853e-07  1.41315e-08
139  2.0374e-07  1.41555e-08
140  1.86588e-07  1.13855e-08
141  1.76645e-07  9.84485e-09
142  1.76426e-07  9.26917e-09
143  1.85887e-07  9.37223e-09
144  2.2556e-07  1.14835e-08
145  3.37883e-07  1.87335e-08
146  5.21438e-07  3.20052e-08
147  7.74663e-07  5.15355e-08
148  1.12711e-06  8.07507e-08
149  1.64313e-06  1.26044e-07
150  2.59518e-06  2.18872e-07
151  4.15687e-06  3.92329e-07
152  6.24343e-06  6.53123e-07
153  9.10805e-06  1.06204e-06
154  1.26018e-05  1.61677e-06
155  1.7089e-05  2.41868e-06
156  2.24765e-05  3.4879e-06
157  2.94974e-05  5.04659e-06
158  3.75832e-05  7.03542e-06
159  4.77036e-05  9.7897e-06
160  6.00834e-05  1.35131e-05
161  7.48939e-05  1.84545e-05
162  9.26266e-05  2.49274e-05
163  0.000114329  3.37051e-05
164  0.000158562  5.41286e-05
165  0.000218321  8.64036e-05
166  0.000290604  0.000132053
167  0.000376999  0.000195695
168  0.000478128  0.000282641
169  0.000593626  0.000398328
170  0.000721485  0.000547851
171  0.000859706  0.000737108
172  0.00100254  0.000968292
173  0.00115079  0.00124659
174  0.00132206  0.00162968
175  0.00150875  0.00213962
176  0.00168117  0.00272093
177  0.00183573  0.00336578
178  0.00198045  0.00412136
179  0.00210745  0.00495491
180  0.00221211  0.00581922
181  0.00229684  0.00669797
182  0.00236821  0.00762954
183  0.00242934  0.00864415
184  0.00247978  0.00973077
185  0.00251804  0.0108179
186  0.00254649  0.0118732
187  0.00256772  0.0128945
188  0.00258312  0.0138561
189  0.00259447  0.0147776
190  0.00260282  0.0156536
191  0.00260999  0.0166501
192  0.0026152  0.0176397
193  0.00261859  0.0185197
194  0.00262085  0.019301
195  0.00262236  0.0199939
196  0.00262339  0.0206082
197  0.00262409  0.0211523
198  0.00262457  0.0216343
199  0.00262491  0.0220612
200  0.00262519  0.0225359
201  0.00262537  0.0229517
202  0.00262548  0.0233061
203  0.00262555  0.0236126
204  0.0026256  0.023888
205  0.00262562  0.02412
206  0.00262564  0.0243207
207  0.00262565  0.024517
208  0.00262566  0.0246762
209  0.00262566  0.0248112
210  0.00262566  0.0249299
211  0.00262566  0.0250266
212  0.00262566  0.0251015
213  0.00262566  0.0251607
214  0.00262566  0.0252062
215  0.00262566  0.0252413
216  0.00262566  0.0252683
217  0.00262566  0.0252958
218  0.00262566  0.0253161
219  0.00262566  0.0253298
220  0.00262566  0.0253391
221  0.00262566  0.0253454
222  0.00262566  0.0253497
223  0.00262566  0.0253526
224  0.00262566  0.0253545
225  0.00262566  0.0253559
226  0.00262566  0.0253569
227  0.00262566  0.0253575
228  0.00262566  0.0253579
229  0.00262566  0.0253582
230  0.00262566  0.0253584
231  0.00262566  0.0253585
232  0.00262566  0.0253585
233  0.00262566  0.0253586
234  0.00262566  0.0253586
235  0.00262566  0.0253586
236  0.00262566  0.0253586
237  0.00262566  0.0253586
238  0.00262566  0.0253586
239  0.00262566  0.0253586
240  0.00262566  0.0253586
241  0.00262566  0.0253586
242  0.00262566  0.0253586
243  0.00262566  0.0253586
244  0.00262566  0.0253586
245  0.00262566  0.0253586
246  0.00262566  0.0253586
247  0.00262566  0.0253586
248  0.00262566  0.0253586
249  0.00262566  0.0253586
250  0.00262566  0.0253586
251  0.00262566  0.0253586
252  0.00262566  0.0253586
253  0.00262566  0.0253586
254  0.00262566  0.0253586
255  0.00262566  0.0253586
256  0.00262566  0.0253586
257  0.00262566  0.0253586
258  0.00262566  0.0253586
259  0.00262566  0.0253586
260  0.00262566  0.0253586
261  0.00262566  0.0253586
262  0.00262566  0.0253586
263  0.00262566  0.0253586
264  0.00262566  0.0253586
265  0.00262566  0.0253586
266  0.00262566  0.0253586
267  0.00262566  0.0253586
268  0.00262566  0.0253586
269  0.00262566  0.0253586
270  0.00262566  0.0253586
271  0.00262566  0.0253586
272  0.00262566  0.0253586
273  0.00262566  0.0253586
274  0.00262566  0.0253586
275  0.00262566  0.0253586
276  0.00262566  0.0253586
277  0.00262566  0.0253586
278  0.00262566  0.0253586
279  0.00262566  0.0253586
280  0.00262566  0.0253586
281  0.00262566  0.0253586
282  0.00262566  0.0253586
283  0.00262566  0.0253586
284  0.00262566  0.0253586
285  0.00262566  0.0253586
286  0.00262566  0.0253586
287  0.00262566  0.0253586
288  0.00262566  0.0253586
289  0.00262566  0.0253586
290  0.00262566  0.0253586
291  0.00262566  0.0253586
292  0.00262566  0.0253586
293  0.00262566  0.0253586
294  0.00262566  0.0253586
295  0.00262566  0.0253586
296  0.00262566  0.0253586
297  0.00262566  0.0253586
298  0.00262566  0.0253586
299  0.00262566  0.0253586
300  0.00262566  0.0253586
301  0.00262566  0.0253586
302  0.00262566  0.0253586
303  0.00262566  0.0253586
304  0.00262566  0.0253586
305  0.00262566  0.0253586
306  0.00262566  0.0253586
307  0.00262566  0.0253586
308  0.00262566  0.0253586
309  0.00262566  0.0253586
310  0.00262566  0.0253586
311  0.00262566  0.0253586
312  0.00262566  0.0253586
313  0.00262566  0.0253586
314  0.00262566  0.0253586
315  0.00262566  0.0253586
316  0.00262566  0.0253586
317  0.00262566  0.0253586
318  0.00262566  0.0253586
319  0.00262566  0.0253586
320  0.00262566  0.0253586
321  0.00262566  0.0253586
322  0.00262566  0.0253586
323  0.00262566  0.0253586
324  0.00262566  0.0253586
325  0.00262566  0.0253586
326  0.00262566  0.0253586
327  0.00262566  0.0253586
328  0.00262566  0.0253586
329  0.00262566  0.0253586
330  0.00262566  0.0253586
331  0.00262566  0.0253586
332  0.00262566  0.0253586
333  0.00262566  0.0253586
334  0.00262566  0.0253586
335  0.00262566  0.0253586
336  0.00262566  0.0253586
337  0.00262566  0.0253586
338  0.00262566  0.0253586
339  0.00262566  0.0253586
340  0.00262566  0.0253586
341  0.00262566  0.0253586
342  0.00262566  0.0253586
343  0.00262566  0.0253586
344  0.00262566  0.0253586
345  0.00262566  0.0253586
346  0.00262566  0.0253586
347  0.00262566  0.0253586
348  0.00262566  0.0253586
349  0.00262566  0.0253586
350  0.00262566  0.0253586
351  0.00262566  0.0253586
352  0.00262566  0.0253586
353  0.00262566  0.0253586
354  0.00262566  0.0253586
355  0.00262566  0.0253586
356  0.00262566  0.0253586
357  0.00262566  0.0253586
358  0.00262566  0.0253586
359  0.00262566  0.0253586
360  0.00262566  0.0253586
361  0.00262566  0.0253586
362  0.00262566  0.0253586
363  0.00262566  0.0253586
364  0.00262566  0.0253586
365  0.00262566  0.0253586
366  0.00262566  0.0253586
367  0.00262566  0.0253586
368  0.00262566  0.0253586
369  0.00262566  0.0253586
370  0.00262566  0.0253586
371  0.00262566  0.0253586
372  0.00262566  0.0253586
373  0.00262566  0.0253586
374  0.00262566  0.0253586
375  0.00262566  0.0253586
376  0.00262566  0.0253586
377  0.00262566  0.0253586
378  0.00262566  0.0253586
379  0.00262566  0.0253586
380  0.00262566  0.0253586
381  0.00262566  0.0253586
382  0.00262566  0.0253586
383  0.00262566  0.0253586
384  0.00262566  0.0253586
385  0.00262566  0.0253586
386  0.00262566  0.0253586
387  0.00262566  0.0253586
388  0.00262566  0.0253586
389  0.00262566  0.0253586
390  0.00262566  0.0253586
391  0.00262566  0.0253586
392  0.00262566  0.0253586
393  0.00262566  0.0253586
394  0.00262566  0.0253586
395  0.00262566  0.0253586
396  0.00262566  0.0253586
397  0.00262566  0.0253586
398  0.00262566  0.0253586
399  0.00262566  0.0253586
400  0.00262566  0.0253586
401  0.00262566  0.0253586
402  0.00262566  0.0253586
403  0.00262566  0.0253586
404  0.00262566  0.0253586
405  0.00262565  0.0253586
406  0.00262565  0.0253586
407  0.00262564  0.0253586
408  0.00262563  0.0253586
409  0.00262563  0.0253586
410  0.00262562  0.0253586
411  0.00262561  0.0253586
412  0.00262561  0.0253586
413  0.0026256  0.0253586
414  0.00262559  0.0253586
415  0.00262558  0.0253586
416  0.00262558  0.0253586
417  0.00262557  0.0253586
418  0.00262556  0.0253586
419  0.00262556  0.0253586
420  0.00262555  0.0253586
421  0.00262554  0.0253586
422  0.00262553  0.0253586
423  0.00262553  0.0253586
424  0.00262552  0.0253586
425  0.00262551  0.0253586
426  0.00262551  0.0253586
427  0.0026255  0.0253586
428  0.00262548  0.0253586
429  0.00262545  0.0253586
430  0.00262542  0.0253586
431  0.00262538  0.0253586
432  0.00262532  0.0253586
433  0.00262519  0.0253586
434  0.00262494  0.0253586
435  0.00262442  0.0253586
436  0.00262339  0.0253586
437  0.00262132  0.0253586
438  0.00261715  0.0253586
439  0.00260878  0.0253586
440  0.00259205  0.0253586
441  0.00255874  0.0253586
442  0.00249311  0.0253586
443  0.0023665  0.0253586
444  0.0021497  0.0253586
445  0.00193402  0.0253586
446  0.00173997  0.0253586
447  0.0015654  0.0253586
448  0.00140834  0.0253586
449  0.00126704  0.0253586
450  0.00109933  0.0253586
451  0.000829661  0.0253586
452  0.000479021  0.0253586
453  0.000238158  0.0253586
454  0.000118407  0.0253586
455  5.8869e-05  0.0253586
456  2.92683e-05  0.0253586
457  1.45515e-05  0.0253586
458  7.23468e-06  0.0253586
459  3.59691e-06  0.0253586
460  1.7883e-06  0.0253586
461  8.89102e-07  0.0253586
462  4.42041e-07  0.0253586
463  2.19772e-07  0.0253586
464  1.09266e-07  0.0253586
465  5.43244e-08  0.0253586
466  2.70088e-08  0.0253586
467  1.34282e-08  0.0253586
468  6.67617e-09  0.0253586
469  3.31924e-09  0.0253586
470  1.45443e-09  0.0253586
471  3.2197e-10  0.0253586
472  2.22877e-11  0.0253586
473  2.71291e-13  0.0253586
474  3.25911e-16  0.0253586
475  2.42265e-20  0.0253586
476  2.94284e-23  0.0253586
