    1     1   8.37e-10
    1     2   1.20e-15
    2     1   7.80e-07
    2     4   0.00e+00
    2     5   0.00e+00
    2     6   0.00e+00
    2     7   0.00e+00
    2     8   0.00e+00
    3     3   3.05e-18
    3     4   1.75e-16
    3     5   1.86e-26
    3     6   0.00e+00
    3     7   0.00e+00
    3     8   0.00e+00
    4     3   3.61e-09
    4     4   0.00e+00
    4     5   6.11e-20
    4     6   1.76e-25
    4     7   0.00e+00
    4     8   0.00e+00
    4     9   0.00e+00
    4    10   0.00e+00
    5     3   4.99e-46
    5     4   0.00e+00
    5     5   9.08e-14
    5     6   5.53e-20
    5     7   2.81e-39
    5     8   0.00e+00
    5     9   0.00e+00
    5    10   0.00e+00
    5    12   0.00e+00
    5    14   0.00e+00
    6     3   0.00e+00
    6     4   0.00e+00
    6     5   8.38e-14
    6     6   7.87e-09
    6     7   1.13e-12
    6     8   4.43e-21
    6     9   0.00e+00
    6    10   0.00e+00
    6    11   0.00e+00
    6    12   0.00e+00
    6    13   0.00e+00
    6    14   0.00e+00
    6    16   0.00e+00
    7     4   0.00e+00
    7     5   0.00e+00
    7     6   1.30e-08
    7     7   3.27e-09
    7     8   2.03e-15
    7     9   6.99e-33
    7    10   0.00e+00
    7    11   0.00e+00
    7    12   0.00e+00
    7    13   0.00e+00
    7    14   0.00e+00
    7    15   0.00e+00
    7    16   0.00e+00
    8     5   0.00e+00
    8     6   7.94e-16
    8     7   5.22e-06
    8     8   3.90e-05
    8     9   5.88e-14
    8    10   7.25e-16
    8    11   0.00e+00
    8    12   0.00e+00
    8    13   0.00e+00
    8    14   0.00e+00
    8    15   0.00e+00
    8    16   0.00e+00
    8    17   0.00e+00
    8    18   0.00e+00
    8    20   0.00e+00
    8    22   0.00e+00
    9     5   0.00e+00
    9     6   0.00e+00
    9     7   6.57e-36
    9     8   9.75e-08
    9     9   9.81e-11
    9    10   1.36e-16
    9    11   3.04e-30
    9    12   3.81e-31
    9    13   0.00e+00
    9    14   0.00e+00
    9    15   0.00e+00
    9    16   0.00e+00
    9    17   0.00e+00
    9    18   0.00e+00
    9    19   0.00e+00
    9    20   0.00e+00
    9    21   0.00e+00
    9    22   0.00e+00
    9    28   0.00e+00
   10     6   0.00e+00
   10     7   0.00e+00
   10     8   0.00e+00
   10     9   1.89e-17
   10    10   4.55e-08
   10    11   3.44e-12
   10    12   2.17e-12
   10    13   0.00e+00
   10    14   0.00e+00
   10    15   0.00e+00
   10    16   0.00e+00
   10    17   0.00e+00
   10    18   0.00e+00
   10    19   0.00e+00
   10    20   0.00e+00
   10    21   0.00e+00
   10    22   0.00e+00
   10    23   0.00e+00
   10    24   0.00e+00
   10    25   0.00e+00
   10    26   0.00e+00
   10    27   0.00e+00
   10    28   0.00e+00
   10    29   0.00e+00
   10    30   0.00e+00
   10    31   0.00e+00
   11     7   0.00e+00
   11     8   0.00e+00
   11     9   1.62e-34
   11    10   1.80e-06
   11    11   1.84e-08
   11    12   1.84e-13
   11    13   1.81e-19
   11    14   2.06e-22
   11    15   0.00e+00
   11    16   0.00e+00
   11    17   0.00e+00
   11    18   0.00e+00
   11    19   0.00e+00
   11    20   0.00e+00
   11    21   0.00e+00
   11    22   0.00e+00
   11    23   0.00e+00
   11    24   0.00e+00
   11    25   0.00e+00
   11    26   0.00e+00
   11    27   0.00e+00
   11    28   0.00e+00
   11    29   0.00e+00
   11    30   0.00e+00
   11    31   0.00e+00
   11    32   0.00e+00
   11    33   0.00e+00
   12     7   0.00e+00
   12     8   0.00e+00
   12     9   0.00e+00
   12    10   0.00e+00
   12    11   5.69e-16
   12    12   2.51e-07
   12    13   5.24e-11
   12    14   2.75e-12
   12    15   0.00e+00
   12    16   1.36e-50
   12    17   0.00e+00
   12    18   0.00e+00
   12    19   0.00e+00
   12    20   0.00e+00
   12    21   0.00e+00
   12    22   0.00e+00
   12    23   0.00e+00
   12    24   0.00e+00
   12    25   0.00e+00
   12    26   0.00e+00
   12    27   0.00e+00
   12    28   0.00e+00
   12    29   0.00e+00
   12    30   0.00e+00
   12    31   0.00e+00
   12    32   0.00e+00
   12    33   0.00e+00
   12    34   0.00e+00
   12    35   0.00e+00
   13     8   0.00e+00
   13     9   0.00e+00
   13    10   0.00e+00
   13    11   3.07e-33
   13    12   8.97e-06
   13    13   1.02e-06
   13    14   3.04e-12
   13    15   6.11e-16
   13    16   8.40e-21
   13    17   0.00e+00
   13    18   0.00e+00
   13    19   0.00e+00
   13    20   0.00e+00
   13    21   0.00e+00
   13    22   0.00e+00
   13    23   0.00e+00
   13    24   0.00e+00
   13    25   0.00e+00
   13    26   0.00e+00
   13    27   0.00e+00
   13    28   0.00e+00
   13    29   0.00e+00
   13    30   0.00e+00
   13    31   0.00e+00
   13    32   0.00e+00
   13    33   0.00e+00
   13    34   0.00e+00
   13    35   0.00e+00
   13    36   0.00e+00
   13    37   0.00e+00
   13    38   0.00e+00
   14     8   0.00e+00
   14     9   0.00e+00
   14    10   0.00e+00
   14    11   0.00e+00
   14    12   0.00e+00
   14    13   1.06e-16
   14    14   8.65e-08
   14    15   1.58e-10
   14    16   5.92e-12
   14    17   0.00e+00
   14    18   7.10e-35
   14    19   0.00e+00
   14    20   0.00e+00
   14    21   0.00e+00
   14    22   0.00e+00
   14    23   0.00e+00
   14    24   0.00e+00
   14    25   0.00e+00
   14    26   0.00e+00
   14    27   0.00e+00
   14    28   0.00e+00
   14    29   0.00e+00
   14    30   0.00e+00
   14    31   0.00e+00
   14    32   0.00e+00
   14    33   0.00e+00
   14    34   0.00e+00
   14    35   0.00e+00
   14    36   0.00e+00
   14    37   0.00e+00
   14    38   0.00e+00
   14    39   0.00e+00
   14    40   0.00e+00
   15     8   0.00e+00
   15     9   0.00e+00
   15    10   0.00e+00
   15    11   0.00e+00
   15    12   0.00e+00
   15    13   6.24e-35
   15    14   8.40e-06
   15    15   1.68e-06
   15    16   1.58e-12
   15    17   2.39e-18
   15    18   2.02e-18
   15    19   0.00e+00
   15    20   2.29e-43
   15    21   0.00e+00
   15    22   0.00e+00
   15    23   0.00e+00
   15    24   0.00e+00
   15    25   0.00e+00
   15    26   0.00e+00
   15    27   0.00e+00
   15    28   0.00e+00
   15    29   0.00e+00
   15    30   0.00e+00
   15    31   0.00e+00
   15    32   0.00e+00
   15    33   0.00e+00
   15    34   0.00e+00
   15    35   0.00e+00
   15    36   0.00e+00
   15    37   0.00e+00
   15    38   0.00e+00
   15    39   0.00e+00
   15    40   0.00e+00
   15    41   0.00e+00
   15    42   0.00e+00
   16     8   0.00e+00
   16     9   0.00e+00
   16    10   0.00e+00
   16    11   0.00e+00
   16    12   0.00e+00
   16    13   0.00e+00
   16    14   0.00e+00
   16    15   1.58e-18
   16    16   4.96e-08
   16    17   1.09e-10
   16    18   8.10e-13
   16    19   1.35e-28
   16    20   6.79e-16
   16    21   0.00e+00
   16    22   0.00e+00
   16    23   0.00e+00
   16    24   0.00e+00
   16    25   0.00e+00
   16    26   0.00e+00
   16    27   0.00e+00
   16    28   0.00e+00
   16    29   0.00e+00
   16    30   0.00e+00
   16    31   0.00e+00
   16    32   0.00e+00
   16    33   0.00e+00
   16    34   0.00e+00
   16    35   0.00e+00
   16    36   0.00e+00
   16    37   0.00e+00
   16    38   0.00e+00
   16    39   0.00e+00
   16    40   0.00e+00
   16    41   0.00e+00
   16    42   0.00e+00
   16    43   0.00e+00
   16    44   0.00e+00
   17     8   0.00e+00
   17     9   0.00e+00
   17    10   0.00e+00
   17    11   0.00e+00
   17    12   0.00e+00
   17    13   0.00e+00
   17    14   0.00e+00
   17    15   2.25e-31
   17    16   1.17e-06
   17    17   2.19e-07
   17    18   1.89e-12
   17    19   5.05e-16
   17    20   5.98e-15
   17    21   0.00e+00
   17    22   1.01e-31
   17    23   0.00e+00
   17    24   0.00e+00
   17    25   0.00e+00
   17    26   0.00e+00
   17    27   0.00e+00
   17    28   0.00e+00
   17    29   0.00e+00
   17    30   0.00e+00
   17    31   0.00e+00
   17    32   0.00e+00
   17    33   0.00e+00
   17    34   0.00e+00
   17    35   0.00e+00
   17    36   0.00e+00
   17    37   0.00e+00
   17    38   0.00e+00
   17    39   0.00e+00
   17    40   0.00e+00
   17    41   0.00e+00
   17    42   0.00e+00
   17    43   0.00e+00
   17    44   0.00e+00
   17    45   0.00e+00
   17    46   0.00e+00
   18     9   0.00e+00
   18    10   0.00e+00
   18    11   0.00e+00
   18    12   0.00e+00
   18    13   0.00e+00
   18    14   0.00e+00
   18    15   0.00e+00
   18    16   0.00e+00
   18    17   7.37e-20
   18    18   3.67e-08
   18    19   2.70e-10
   18    20   6.84e-13
   18    21   2.17e-22
   18    22   3.07e-16
   18    23   0.00e+00
   18    24   1.01e-43
   18    25   0.00e+00
   18    26   5.49e-50
   18    27   0.00e+00
   18    28   0.00e+00
   18    29   0.00e+00
   18    30   0.00e+00
   18    31   0.00e+00
   18    32   0.00e+00
   18    33   0.00e+00
   18    34   0.00e+00
   18    35   0.00e+00
   18    36   0.00e+00
   18    37   0.00e+00
   18    38   0.00e+00
   18    39   0.00e+00
   18    40   0.00e+00
   18    41   0.00e+00
   18    42   0.00e+00
   18    43   0.00e+00
   18    44   0.00e+00
   18    45   0.00e+00
   18    46   0.00e+00
   18    47   0.00e+00
   18    48   0.00e+00
   18    49   0.00e+00
   19    10   0.00e+00
   19    11   0.00e+00
   19    12   0.00e+00
   19    13   0.00e+00
   19    14   0.00e+00
   19    15   0.00e+00
   19    16   0.00e+00
   19    17   8.49e-32
   19    18   7.81e-08
   19    19   2.37e-19
   19    20   1.05e-11
   19    21   9.58e-18
   19    22   1.07e-15
   19    23   7.98e-37
   19    24   7.39e-26
   19    25   0.00e+00
   19    26   1.33e-27
   19    27   0.00e+00
   19    28   6.83e-50
   19    29   0.00e+00
   19    30   0.00e+00
   19    31   0.00e+00
   19    32   0.00e+00
   19    33   0.00e+00
   19    34   0.00e+00
   19    35   0.00e+00
   19    36   0.00e+00
   19    37   0.00e+00
   19    38   0.00e+00
   19    39   0.00e+00
   19    40   0.00e+00
   19    41   0.00e+00
   19    42   0.00e+00
   19    43   0.00e+00
   19    44   0.00e+00
   19    45   0.00e+00
   19    46   0.00e+00
   19    47   0.00e+00
   19    48   0.00e+00
   19    49   0.00e+00
   19    50   0.00e+00
   19    51   0.00e+00
   20    10   0.00e+00
   20    11   0.00e+00
   20    12   0.00e+00
   20    13   0.00e+00
   20    14   0.00e+00
   20    15   0.00e+00
   20    16   0.00e+00
   20    17   0.00e+00
   20    18   0.00e+00
   20    19   1.55e-20
   20    20   7.14e-08
   20    21   5.39e-11
   20    22   2.84e-14
   20    23   3.31e-15
   20    24   4.50e-14
   20    25   7.17e-30
   20    26   6.55e-17
   20    27   2.60e-28
   20    28   9.66e-16
   20    29   0.00e+00
   20    30   0.00e+00
   20    31   0.00e+00
   20    32   0.00e+00
   20    33   0.00e+00
   20    34   0.00e+00
   20    35   0.00e+00
   20    36   0.00e+00
   20    37   0.00e+00
   20    38   0.00e+00
   20    39   0.00e+00
   20    40   0.00e+00
   20    41   0.00e+00
   20    42   0.00e+00
   20    43   0.00e+00
   20    44   0.00e+00
   20    45   0.00e+00
   20    46   0.00e+00
   20    47   0.00e+00
   20    48   0.00e+00
   20    49   0.00e+00
   20    50   0.00e+00
   20    51   0.00e+00
   20    52   0.00e+00
   20    53   0.00e+00
   21    11   0.00e+00
   21    12   0.00e+00
   21    13   0.00e+00
   21    14   0.00e+00
   21    15   0.00e+00
   21    16   0.00e+00
   21    17   0.00e+00
   21    18   0.00e+00
   21    19   5.87e-35
   21    20   3.58e-09
   21    21   1.23e-22
   21    22   3.45e-14
   21    23   7.10e-11
   21    24   6.46e-14
   21    25   5.66e-17
   21    26   8.78e-15
   21    27   9.93e-13
   21    28   2.97e-13
   21    29   0.00e+00
   21    30   1.19e-31
   21    31   0.00e+00
   21    32   0.00e+00
   21    33   0.00e+00
   21    34   0.00e+00
   21    35   0.00e+00
   21    36   0.00e+00
   21    37   0.00e+00
   21    38   0.00e+00
   21    39   0.00e+00
   21    40   0.00e+00
   21    41   0.00e+00
   21    42   0.00e+00
   21    43   0.00e+00
   21    44   0.00e+00
   21    45   0.00e+00
   21    46   0.00e+00
   21    47   0.00e+00
   21    48   0.00e+00
   21    49   0.00e+00
   21    50   0.00e+00
   21    51   0.00e+00
   21    52   0.00e+00
   21    53   0.00e+00
   21    54   0.00e+00
   21    55   0.00e+00
   22    12   0.00e+00
   22    13   0.00e+00
   22    14   0.00e+00
   22    15   0.00e+00
   22    16   0.00e+00
   22    17   0.00e+00
   22    18   0.00e+00
   22    19   0.00e+00
   22    20   0.00e+00
   22    21   3.75e-28
   22    22   2.62e-12
   22    23   9.47e-12
   22    24   2.03e-13
   22    25   2.58e-14
   22    26   1.52e-13
   22    27   8.25e-15
   22    28   1.01e-14
   22    29   4.54e-19
   22    30   1.18e-22
   22    31   0.00e+00
   22    32   0.00e+00
   22    33   0.00e+00
   22    34   0.00e+00
   22    35   0.00e+00
   22    36   0.00e+00
   22    37   0.00e+00
   22    38   0.00e+00
   22    39   0.00e+00
   22    40   0.00e+00
   22    41   0.00e+00
   22    42   0.00e+00
   22    43   0.00e+00
   22    44   0.00e+00
   22    45   0.00e+00
   22    46   0.00e+00
   22    47   0.00e+00
   22    48   0.00e+00
   22    49   0.00e+00
   22    50   0.00e+00
   22    51   0.00e+00
   22    52   0.00e+00
   22    53   0.00e+00
   22    54   0.00e+00
   22    55   0.00e+00
   22    56   0.00e+00
   22    57   0.00e+00
   22    58   0.00e+00
   23    13   0.00e+00
   23    14   0.00e+00
   23    15   0.00e+00
   23    16   0.00e+00
   23    17   0.00e+00
   23    18   0.00e+00
   23    19   0.00e+00
   23    20   0.00e+00
   23    21   0.00e+00
   23    22   0.00e+00
   23    23   3.22e-23
   23    24   1.19e-09
   23    25   2.19e-10
   23    26   2.70e-13
   23    27   5.22e-15
   23    28   2.49e-14
   23    29   1.54e-23
   23    30   3.16e-27
   23    31   0.00e+00
   23    32   0.00e+00
   23    33   0.00e+00
   23    34   0.00e+00
   23    35   0.00e+00
   23    36   0.00e+00
   23    37   0.00e+00
   23    38   0.00e+00
   23    39   0.00e+00
   23    40   0.00e+00
   23    41   0.00e+00
   23    42   0.00e+00
   23    43   0.00e+00
   23    44   0.00e+00
   23    45   0.00e+00
   23    46   0.00e+00
   23    47   0.00e+00
   23    48   0.00e+00
   23    49   0.00e+00
   23    50   0.00e+00
   23    51   0.00e+00
   23    52   0.00e+00
   23    53   0.00e+00
   23    54   0.00e+00
   23    55   0.00e+00
   23    56   0.00e+00
   23    57   0.00e+00
   23    58   0.00e+00
   23    59   0.00e+00
   23    60   0.00e+00
   24    14   0.00e+00
   24    15   0.00e+00
   24    16   0.00e+00
   24    17   0.00e+00
   24    18   0.00e+00
   24    19   0.00e+00
   24    20   0.00e+00
   24    21   0.00e+00
   24    22   0.00e+00
   24    23   0.00e+00
   24    24   0.00e+00
   24    25   1.92e-19
   24    26   9.37e-13
   24    27   2.40e-10
   24    28   2.51e-12
   24    29   1.07e-13
   24    30   2.88e-14
   24    31   0.00e+00
   24    32   0.00e+00
   24    33   0.00e+00
   24    34   0.00e+00
   24    35   0.00e+00
   24    36   0.00e+00
   24    37   0.00e+00
   24    38   0.00e+00
   24    39   0.00e+00
   24    40   0.00e+00
   24    41   0.00e+00
   24    42   0.00e+00
   24    43   0.00e+00
   24    44   0.00e+00
   24    45   0.00e+00
   24    46   0.00e+00
   24    47   0.00e+00
   24    48   0.00e+00
   24    49   0.00e+00
   24    50   0.00e+00
   24    51   0.00e+00
   24    52   0.00e+00
   24    53   0.00e+00
   24    54   0.00e+00
   24    55   0.00e+00
   24    56   0.00e+00
   24    57   0.00e+00
   24    58   0.00e+00
   24    59   0.00e+00
   24    60   0.00e+00
   24    61   0.00e+00
   24    62   0.00e+00
   25    15   0.00e+00
   25    16   0.00e+00
   25    17   0.00e+00
   25    18   0.00e+00
   25    19   0.00e+00
   25    20   0.00e+00
   25    21   0.00e+00
   25    22   0.00e+00
   25    23   0.00e+00
   25    24   0.00e+00
   25    25   2.34e-23
   25    26   1.98e-09
   25    27   8.32e-16
   25    28   4.08e-12
   25    29   3.28e-10
   25    30   6.26e-13
   25    31   2.82e-24
   25    32   1.23e-26
   25    33   0.00e+00
   25    34   0.00e+00
   25    35   0.00e+00
   25    36   0.00e+00
   25    37   0.00e+00
   25    38   0.00e+00
   25    39   0.00e+00
   25    40   0.00e+00
   25    41   0.00e+00
   25    42   0.00e+00
   25    43   0.00e+00
   25    44   0.00e+00
   25    45   0.00e+00
   25    46   0.00e+00
   25    47   0.00e+00
   25    48   0.00e+00
   25    49   0.00e+00
   25    50   0.00e+00
   25    51   0.00e+00
   25    52   0.00e+00
   25    53   0.00e+00
   25    54   0.00e+00
   25    55   0.00e+00
   25    56   0.00e+00
   25    57   0.00e+00
   25    58   0.00e+00
   25    59   0.00e+00
   25    60   0.00e+00
   25    61   0.00e+00
   25    62   0.00e+00
   25    63   0.00e+00
   25    64   0.00e+00
   26    16   0.00e+00
   26    17   0.00e+00
   26    18   0.00e+00
   26    19   0.00e+00
   26    20   0.00e+00
   26    21   0.00e+00
   26    22   0.00e+00
   26    23   0.00e+00
   26    24   0.00e+00
   26    25   0.00e+00
   26    26   0.00e+00
   26    27   4.76e-20
   26    28   6.14e-11
   26    29   5.53e-09
   26    30   3.86e-10
   26    31   2.41e-12
   26    32   4.44e-13
   26    33   0.00e+00
   26    34   2.49e-36
   26    35   0.00e+00
   26    36   0.00e+00
   26    37   0.00e+00
   26    38   0.00e+00
   26    39   0.00e+00
   26    40   0.00e+00
   26    41   0.00e+00
   26    42   0.00e+00
   26    43   0.00e+00
   26    44   0.00e+00
   26    45   0.00e+00
   26    46   0.00e+00
   26    47   0.00e+00
   26    48   0.00e+00
   26    49   0.00e+00
   26    50   0.00e+00
   26    51   0.00e+00
   26    52   0.00e+00
   26    53   0.00e+00
   26    54   0.00e+00
   26    55   0.00e+00
   26    56   0.00e+00
   26    57   0.00e+00
   26    58   0.00e+00
   26    59   0.00e+00
   26    60   0.00e+00
   26    61   0.00e+00
   26    62   0.00e+00
   26    63   0.00e+00
   26    64   0.00e+00
   26    65   0.00e+00
   26    66   0.00e+00
   27    17   0.00e+00
   27    18   0.00e+00
   27    19   0.00e+00
   27    20   0.00e+00
   27    21   0.00e+00
   27    22   0.00e+00
   27    23   0.00e+00
   27    24   0.00e+00
   27    25   0.00e+00
   27    26   0.00e+00
   27    27   5.51e-23
   27    28   4.24e-08
   27    29   4.33e-13
   27    30   5.01e-10
   27    31   4.05e-09
   27    32   1.10e-12
   27    33   5.50e-24
   27    34   3.58e-18
   27    35   0.00e+00
   27    36   2.99e-39
   27    37   0.00e+00
   27    38   0.00e+00
   27    39   0.00e+00
   27    40   0.00e+00
   27    41   0.00e+00
   27    42   0.00e+00
   27    43   0.00e+00
   27    44   0.00e+00
   27    45   0.00e+00
   27    46   0.00e+00
   27    47   0.00e+00
   27    48   0.00e+00
   27    49   0.00e+00
   27    50   0.00e+00
   27    51   0.00e+00
   27    52   0.00e+00
   27    53   0.00e+00
   27    54   0.00e+00
   27    55   0.00e+00
   27    56   0.00e+00
   27    57   0.00e+00
   27    58   0.00e+00
   27    59   0.00e+00
   27    60   0.00e+00
   27    61   0.00e+00
   27    62   0.00e+00
   27    63   0.00e+00
   27    64   0.00e+00
   27    65   0.00e+00
   27    66   0.00e+00
   27    67   0.00e+00
   27    68   0.00e+00
   27    69   0.00e+00
   28    18   0.00e+00
   28    19   0.00e+00
   28    20   0.00e+00
   28    21   0.00e+00
   28    22   0.00e+00
   28    23   0.00e+00
   28    24   0.00e+00
   28    25   0.00e+00
   28    26   0.00e+00
   28    27   0.00e+00
   28    28   0.00e+00
   28    29   1.44e-19
   28    30   2.09e-09
   28    31   1.06e-09
   28    32   1.59e-11
   28    33   3.02e-13
   28    34   7.83e-13
   28    35   9.06e-25
   28    36   1.06e-13
   28    37   0.00e+00
   28    38   6.47e-32
   28    39   0.00e+00
   28    40   0.00e+00
   28    41   0.00e+00
   28    42   0.00e+00
   28    43   0.00e+00
   28    44   0.00e+00
   28    45   0.00e+00
   28    46   0.00e+00
   28    47   0.00e+00
   28    48   0.00e+00
   28    49   0.00e+00
   28    50   0.00e+00
   28    51   0.00e+00
   28    52   0.00e+00
   28    53   0.00e+00
   28    54   0.00e+00
   28    55   0.00e+00
   28    56   0.00e+00
   28    57   0.00e+00
   28    58   0.00e+00
   28    59   0.00e+00
   28    60   0.00e+00
   28    61   0.00e+00
   28    62   0.00e+00
   28    63   0.00e+00
   28    64   0.00e+00
   28    65   0.00e+00
   28    66   0.00e+00
   28    67   0.00e+00
   28    68   0.00e+00
   28    69   0.00e+00
   28    70   0.00e+00
   28    71   0.00e+00
   29    19   0.00e+00
   29    20   0.00e+00
   29    21   0.00e+00
   29    22   0.00e+00
   29    23   0.00e+00
   29    24   0.00e+00
   29    25   0.00e+00
   29    26   0.00e+00
   29    27   0.00e+00
   29    28   0.00e+00
   29    29   1.82e-22
   29    30   5.50e-07
   29    31   3.04e-18
   29    32   4.37e-10
   29    33   3.69e-10
   29    34   1.13e-12
   29    35   1.98e-12
   29    36   1.37e-13
   29    37   4.66e-32
   29    38   1.03e-17
   29    39   0.00e+00
   29    40   8.07e-38
   29    41   0.00e+00
   29    42   0.00e+00
   29    43   0.00e+00
   29    44   0.00e+00
   29    45   0.00e+00
   29    46   0.00e+00
   29    47   0.00e+00
   29    48   0.00e+00
   29    49   0.00e+00
   29    50   0.00e+00
   29    51   0.00e+00
   29    52   0.00e+00
   29    53   0.00e+00
   29    54   0.00e+00
   29    55   0.00e+00
   29    56   0.00e+00
   29    57   0.00e+00
   29    58   0.00e+00
   29    59   0.00e+00
   29    60   0.00e+00
   29    61   0.00e+00
   29    62   0.00e+00
   29    63   0.00e+00
   29    64   0.00e+00
   29    65   0.00e+00
   29    66   0.00e+00
   29    67   0.00e+00
   29    68   0.00e+00
   29    69   0.00e+00
   29    70   0.00e+00
   29    71   0.00e+00
   29    72   0.00e+00
   29    73   0.00e+00
   30    21   0.00e+00
   30    22   0.00e+00
   30    23   0.00e+00
   30    24   0.00e+00
   30    25   0.00e+00
   30    26   0.00e+00
   30    27   0.00e+00
   30    28   0.00e+00
   30    29   0.00e+00
   30    30   0.00e+00
   30    31   7.08e-26
   30    32   1.14e-16
   30    33   1.58e-13
   30    34   3.86e-12
   30    35   1.08e-10
   30    36   3.76e-13
   30    37   1.43e-14
   30    38   7.91e-14
   30    39   2.76e-25
   30    40   1.66e-15
   30    41   0.00e+00
   30    42   1.07e-37
   30    43   0.00e+00
   30    44   0.00e+00
   30    45   0.00e+00
   30    46   0.00e+00
   30    47   0.00e+00
   30    48   0.00e+00
   30    49   0.00e+00
   30    50   0.00e+00
   30    51   0.00e+00
   30    52   0.00e+00
   30    53   0.00e+00
   30    54   0.00e+00
   30    55   0.00e+00
   30    56   0.00e+00
   30    57   0.00e+00
   30    58   0.00e+00
   30    59   0.00e+00
   30    60   0.00e+00
   30    61   0.00e+00
   30    62   0.00e+00
   30    63   0.00e+00
   30    64   0.00e+00
   30    65   0.00e+00
   30    66   0.00e+00
   30    67   0.00e+00
   30    68   0.00e+00
   30    69   0.00e+00
   30    70   0.00e+00
   30    71   0.00e+00
   30    72   0.00e+00
   30    73   0.00e+00
   30    74   0.00e+00
   30    75   0.00e+00
   31    22   0.00e+00
   31    23   0.00e+00
   31    24   0.00e+00
   31    25   0.00e+00
   31    26   0.00e+00
   31    27   0.00e+00
   31    28   0.00e+00
   31    29   0.00e+00
   31    30   0.00e+00
   31    31   0.00e+00
   31    32   0.00e+00
   31    33   2.13e-21
   31    34   1.94e-09
   31    35   1.35e-17
   31    36   6.33e-12
   31    37   1.31e-11
   31    38   1.13e-13
   31    39   1.35e-12
   31    40   3.69e-15
   31    41   2.88e-35
   31    42   1.74e-20
   31    43   0.00e+00
   31    44   1.59e-39
   31    45   0.00e+00
   31    46   0.00e+00
   31    47   0.00e+00
   31    48   0.00e+00
   31    49   0.00e+00
   31    50   0.00e+00
   31    51   0.00e+00
   31    52   0.00e+00
   31    53   0.00e+00
   31    54   0.00e+00
   31    55   0.00e+00
   31    56   0.00e+00
   31    57   0.00e+00
   31    58   0.00e+00
   31    59   0.00e+00
   31    60   0.00e+00
   31    61   0.00e+00
   31    62   0.00e+00
   31    63   0.00e+00
   31    64   0.00e+00
   31    65   0.00e+00
   31    66   0.00e+00
   31    67   0.00e+00
   31    68   0.00e+00
   31    69   0.00e+00
   31    70   0.00e+00
   31    71   0.00e+00
   31    72   0.00e+00
   31    73   0.00e+00
   31    74   0.00e+00
   31    75   0.00e+00
   31    76   0.00e+00
   31    77   0.00e+00
   32    23   0.00e+00
   32    24   0.00e+00
   32    25   0.00e+00
   32    26   0.00e+00
   32    27   0.00e+00
   32    28   0.00e+00
   32    29   0.00e+00
   32    30   0.00e+00
   32    31   0.00e+00
   32    32   0.00e+00
   32    33   0.00e+00
   32    34   0.00e+00
   32    35   5.76e-27
   32    36   8.24e-20
   32    37   3.06e-12
   32    38   2.40e-13
   32    39   7.76e-12
   32    40   2.07e-14
   32    41   3.69e-15
   32    42   2.20e-14
   32    43   4.11e-25
   32    44   3.87e-15
   32    45   0.00e+00
   32    46   7.42e-40
   32    47   0.00e+00
   32    48   0.00e+00
   32    49   0.00e+00
   32    50   0.00e+00
   32    51   0.00e+00
   32    52   0.00e+00
   32    53   0.00e+00
   32    54   0.00e+00
   32    55   0.00e+00
   32    56   0.00e+00
   32    57   0.00e+00
   32    58   0.00e+00
   32    59   0.00e+00
   32    60   0.00e+00
   32    61   0.00e+00
   32    62   0.00e+00
   32    63   0.00e+00
   32    64   0.00e+00
   32    65   0.00e+00
   32    66   0.00e+00
   32    67   0.00e+00
   32    68   0.00e+00
   32    69   0.00e+00
   32    70   0.00e+00
   32    71   0.00e+00
   32    72   0.00e+00
   32    73   0.00e+00
   32    74   0.00e+00
   32    75   0.00e+00
   32    76   0.00e+00
   32    77   0.00e+00
   32    78   0.00e+00
   32    79   0.00e+00
   32    80   0.00e+00
   33    24   0.00e+00
   33    25   0.00e+00
   33    26   0.00e+00
   33    27   0.00e+00
   33    28   0.00e+00
   33    29   0.00e+00
   33    30   0.00e+00
   33    31   0.00e+00
   33    32   0.00e+00
   33    33   0.00e+00
   33    34   0.00e+00
   33    35   0.00e+00
   33    36   0.00e+00
   33    37   3.86e-20
   33    38   1.39e-10
   33    39   6.10e-17
   33    40   3.58e-14
   33    41   9.17e-13
   33    42   3.26e-14
   33    43   3.98e-13
   33    44   2.05e-13
   33    45   0.00e+00
   33    46   7.29e-23
   33    47   0.00e+00
   33    48   1.90e-40
   33    49   0.00e+00
   33    50   0.00e+00
   33    51   0.00e+00
   33    52   0.00e+00
   33    53   0.00e+00
   33    54   0.00e+00
   33    55   0.00e+00
   33    56   0.00e+00
   33    57   0.00e+00
   33    58   0.00e+00
   33    59   0.00e+00
   33    60   0.00e+00
   33    61   0.00e+00
   33    62   0.00e+00
   33    63   0.00e+00
   33    64   0.00e+00
   33    65   0.00e+00
   33    66   0.00e+00
   33    67   0.00e+00
   33    68   0.00e+00
   33    69   0.00e+00
   33    70   0.00e+00
   33    71   0.00e+00
   33    72   0.00e+00
   33    73   0.00e+00
   33    74   0.00e+00
   33    75   0.00e+00
   33    76   0.00e+00
   33    77   0.00e+00
   33    78   0.00e+00
   33    79   0.00e+00
   33    80   0.00e+00
   33    81   0.00e+00
   33    82   0.00e+00
   34    25   0.00e+00
   34    26   0.00e+00
   34    27   0.00e+00
   34    28   0.00e+00
   34    29   0.00e+00
   34    30   0.00e+00
   34    31   0.00e+00
   34    32   0.00e+00
   34    33   0.00e+00
   34    34   0.00e+00
   34    35   0.00e+00
   34    36   0.00e+00
   34    37   0.00e+00
   34    38   0.00e+00
   34    39   5.02e-26
   34    40   7.51e-14
   34    41   1.82e-11
   34    42   2.30e-14
   34    43   1.25e-14
   34    44   1.80e-14
   34    45   3.85e-23
   34    46   4.10e-14
   34    47   1.86e-24
   34    48   7.17e-15
   34    49   0.00e+00
   34    50   0.00e+00
   34    51   0.00e+00
   34    52   0.00e+00
   34    53   0.00e+00
   34    54   0.00e+00
   34    55   0.00e+00
   34    56   0.00e+00
   34    57   0.00e+00
   34    58   0.00e+00
   34    59   0.00e+00
   34    60   0.00e+00
   34    61   0.00e+00
   34    62   0.00e+00
   34    63   0.00e+00
   34    64   0.00e+00
   34    65   0.00e+00
   34    66   0.00e+00
   34    67   0.00e+00
   34    68   0.00e+00
   34    69   0.00e+00
   34    70   0.00e+00
   34    71   0.00e+00
   34    72   0.00e+00
   34    73   0.00e+00
   34    74   0.00e+00
   34    75   0.00e+00
   34    76   0.00e+00
   34    77   0.00e+00
   34    78   0.00e+00
   34    79   0.00e+00
   34    80   0.00e+00
   34    81   0.00e+00
   34    82   0.00e+00
   34    83   0.00e+00
   34    84   0.00e+00
   35    26   0.00e+00
   35    27   0.00e+00
   35    28   0.00e+00
   35    29   0.00e+00
   35    30   0.00e+00
   35    31   0.00e+00
   35    32   0.00e+00
   35    33   0.00e+00
   35    34   0.00e+00
   35    35   0.00e+00
   35    36   0.00e+00
   35    37   0.00e+00
   35    38   0.00e+00
   35    39   7.01e-22
   35    40   2.17e-11
   35    41   5.00e-18
   35    42   4.05e-14
   35    43   2.88e-12
   35    44   3.86e-14
   35    45   1.82e-12
   35    46   4.35e-14
   35    47   4.21e-13
   35    48   1.83e-14
   35    49   0.00e+00
   35    50   2.83e-30
   35    51   0.00e+00
   35    52   0.00e+00
   35    53   0.00e+00
   35    54   0.00e+00
   35    55   0.00e+00
   35    56   0.00e+00
   35    57   0.00e+00
   35    58   0.00e+00
   35    59   0.00e+00
   35    60   0.00e+00
   35    61   0.00e+00
   35    62   0.00e+00
   35    63   0.00e+00
   35    64   0.00e+00
   35    65   0.00e+00
   35    66   0.00e+00
   35    67   0.00e+00
   35    68   0.00e+00
   35    69   0.00e+00
   35    70   0.00e+00
   35    71   0.00e+00
   35    72   0.00e+00
   35    73   0.00e+00
   35    74   0.00e+00
   35    75   0.00e+00
   35    76   0.00e+00
   35    77   0.00e+00
   35    78   0.00e+00
   35    79   0.00e+00
   35    80   0.00e+00
   35    81   0.00e+00
   35    82   0.00e+00
   35    83   0.00e+00
   35    84   0.00e+00
   35    85   0.00e+00
   35    86   0.00e+00
   36    27   0.00e+00
   36    28   0.00e+00
   36    29   0.00e+00
   36    30   0.00e+00
   36    31   0.00e+00
   36    32   0.00e+00
   36    33   0.00e+00
   36    34   0.00e+00
   36    35   0.00e+00
   36    36   0.00e+00
   36    37   0.00e+00
   36    38   0.00e+00
   36    39   0.00e+00
   36    40   0.00e+00
   36    41   2.10e-26
   36    42   7.85e-14
   36    43   2.88e-12
   36    44   4.79e-14
   36    45   1.42e-11
   36    46   2.25e-14
   36    47   2.49e-14
   36    48   7.36e-14
   36    49   1.08e-23
   36    50   2.36e-14
   36    51   0.00e+00
   36    52   0.00e+00
   36    53   0.00e+00
   36    54   0.00e+00
   36    55   0.00e+00
   36    56   0.00e+00
   36    57   0.00e+00
   36    58   0.00e+00
   36    59   0.00e+00
   36    60   0.00e+00
   36    61   0.00e+00
   36    62   0.00e+00
   36    63   0.00e+00
   36    64   0.00e+00
   36    65   0.00e+00
   36    66   0.00e+00
   36    67   0.00e+00
   36    68   0.00e+00
   36    69   0.00e+00
   36    70   0.00e+00
   36    71   0.00e+00
   36    72   0.00e+00
   36    73   0.00e+00
   36    74   0.00e+00
   36    75   0.00e+00
   36    76   0.00e+00
   36    77   0.00e+00
   36    78   0.00e+00
   36    79   0.00e+00
   36    80   0.00e+00
   36    81   0.00e+00
   36    82   0.00e+00
   36    83   0.00e+00
   36    84   0.00e+00
   36    85   0.00e+00
   36    86   0.00e+00
   36    87   0.00e+00
   36    88   0.00e+00
   37    29   0.00e+00
   37    30   0.00e+00
   37    31   0.00e+00
   37    32   0.00e+00
   37    33   0.00e+00
   37    34   0.00e+00
   37    35   0.00e+00
   37    36   0.00e+00
   37    37   0.00e+00
   37    38   0.00e+00
   37    39   0.00e+00
   37    40   0.00e+00
   37    41   2.85e-23
   37    42   1.22e-11
   37    43   6.64e-20
   37    44   8.46e-12
   37    45   3.15e-17
   37    46   5.84e-14
   37    47   1.88e-12
   37    48   1.30e-13
   37    49   5.27e-13
   37    50   1.40e-14
   37    51   0.00e+00
   37    52   7.72e-35
   37    53   0.00e+00
   37    54   0.00e+00
   37    55   0.00e+00
   37    56   0.00e+00
   37    57   0.00e+00
   37    58   0.00e+00
   37    59   0.00e+00
   37    60   0.00e+00
   37    61   0.00e+00
   37    62   0.00e+00
   37    63   0.00e+00
   37    64   0.00e+00
   37    65   0.00e+00
   37    66   0.00e+00
   37    67   0.00e+00
   37    68   0.00e+00
   37    69   0.00e+00
   37    70   0.00e+00
   37    71   0.00e+00
   37    72   0.00e+00
   37    73   0.00e+00
   37    74   0.00e+00
   37    75   0.00e+00
   37    76   0.00e+00
   37    77   0.00e+00
   37    78   0.00e+00
   37    79   0.00e+00
   37    80   0.00e+00
   37    81   0.00e+00
   37    82   0.00e+00
   37    83   0.00e+00
   37    84   0.00e+00
   37    85   0.00e+00
   37    86   0.00e+00
   37    87   0.00e+00
   37    88   0.00e+00
   37    89   0.00e+00
   37    90   0.00e+00
   37    91   0.00e+00
   38    30   0.00e+00
   38    31   0.00e+00
   38    32   0.00e+00
   38    33   0.00e+00
   38    34   0.00e+00
   38    35   0.00e+00
   38    36   0.00e+00
   38    37   0.00e+00
   38    38   0.00e+00
   38    39   0.00e+00
   38    40   0.00e+00
   38    41   0.00e+00
   38    42   0.00e+00
   38    43   8.37e-28
   38    44   8.53e-24
   38    45   5.42e-26
   38    46   9.33e-14
   38    47   7.79e-12
   38    48   1.05e-13
   38    49   5.79e-14
   38    50   1.09e-13
   38    51   2.85e-24
   38    52   2.92e-26
   38    53   0.00e+00
   38    54   1.61e-33
   38    55   0.00e+00
   38    56   0.00e+00
   38    57   0.00e+00
   38    58   0.00e+00
   38    59   0.00e+00
   38    60   0.00e+00
   38    61   0.00e+00
   38    62   0.00e+00
   38    63   0.00e+00
   38    64   0.00e+00
   38    65   0.00e+00
   38    66   0.00e+00
   38    67   0.00e+00
   38    68   0.00e+00
   38    69   0.00e+00
   38    70   0.00e+00
   38    71   0.00e+00
   38    72   0.00e+00
   38    73   0.00e+00
   38    74   0.00e+00
   38    75   0.00e+00
   38    76   0.00e+00
   38    77   0.00e+00
   38    78   0.00e+00
   38    79   0.00e+00
   38    80   0.00e+00
   38    81   0.00e+00
   38    82   0.00e+00
   38    83   0.00e+00
   38    84   0.00e+00
   38    85   0.00e+00
   38    86   0.00e+00
   38    87   0.00e+00
   38    88   0.00e+00
   38    89   0.00e+00
   38    90   0.00e+00
   38    91   0.00e+00
   38    92   0.00e+00
   38    93   0.00e+00
   39    31   0.00e+00
   39    32   0.00e+00
   39    33   0.00e+00
   39    34   0.00e+00
   39    35   0.00e+00
   39    36   0.00e+00
   39    37   0.00e+00
   39    38   0.00e+00
   39    39   0.00e+00
   39    40   0.00e+00
   39    41   0.00e+00
   39    42   0.00e+00
   39    43   0.00e+00
   39    44   0.00e+00
   39    45   1.32e-21
   39    46   7.72e-12
   39    47   1.79e-18
   39    48   9.17e-12
   39    49   4.66e-12
   39    50   1.95e-13
   39    51   4.33e-25
   39    52   1.03e-17
   39    53   0.00e+00
   39    54   5.24e-20
   39    55   0.00e+00
   39    56   6.24e-40
   39    57   0.00e+00
   39    58   0.00e+00
   39    59   0.00e+00
   39    60   0.00e+00
   39    61   0.00e+00
   39    62   0.00e+00
   39    63   0.00e+00
   39    64   0.00e+00
   39    65   0.00e+00
   39    66   0.00e+00
   39    67   0.00e+00
   39    68   0.00e+00
   39    69   0.00e+00
   39    70   0.00e+00
   39    71   0.00e+00
   39    72   0.00e+00
   39    73   0.00e+00
   39    74   0.00e+00
   39    75   0.00e+00
   39    76   0.00e+00
   39    77   0.00e+00
   39    78   0.00e+00
   39    79   0.00e+00
   39    80   0.00e+00
   39    81   0.00e+00
   39    82   0.00e+00
   39    83   0.00e+00
   39    84   0.00e+00
   39    85   0.00e+00
   39    86   0.00e+00
   39    87   0.00e+00
   39    88   0.00e+00
   39    89   0.00e+00
   39    90   0.00e+00
   39    91   0.00e+00
   39    92   0.00e+00
   39    93   0.00e+00
   39    94   0.00e+00
   39    95   0.00e+00
   40    32   0.00e+00
   40    33   0.00e+00
   40    34   0.00e+00
   40    35   0.00e+00
   40    36   0.00e+00
   40    37   0.00e+00
   40    38   0.00e+00
   40    39   0.00e+00
   40    40   0.00e+00
   40    41   0.00e+00
   40    42   0.00e+00
   40    43   0.00e+00
   40    44   0.00e+00
   40    45   0.00e+00
   40    46   0.00e+00
   40    47   1.02e-26
   40    48   1.12e-24
   40    49   4.12e-14
   40    50   4.00e-13
   40    51   1.69e-14
   40    52   3.15e-14
   40    53   3.24e-21
   40    54   2.95e-14
   40    55   3.98e-21
   40    56   4.80e-15
   40    57   0.00e+00
   40    58   0.00e+00
   40    59   0.00e+00
   40    60   0.00e+00
   40    61   0.00e+00
   40    62   0.00e+00
   40    63   0.00e+00
   40    64   0.00e+00
   40    65   0.00e+00
   40    66   0.00e+00
   40    67   0.00e+00
   40    68   0.00e+00
   40    69   0.00e+00
   40    70   0.00e+00
   40    71   0.00e+00
   40    72   0.00e+00
   40    73   0.00e+00
   40    74   0.00e+00
   40    75   0.00e+00
   40    76   0.00e+00
   40    77   0.00e+00
   40    78   0.00e+00
   40    79   0.00e+00
   40    80   0.00e+00
   40    81   0.00e+00
   40    82   0.00e+00
   40    83   0.00e+00
   40    84   0.00e+00
   40    85   0.00e+00
   40    86   0.00e+00
   40    87   0.00e+00
   40    88   0.00e+00
   40    89   0.00e+00
   40    90   0.00e+00
   40    91   0.00e+00
   40    92   0.00e+00
   40    93   0.00e+00
   40    94   0.00e+00
   40    95   0.00e+00
   40    96   0.00e+00
   40    97   0.00e+00
   41    33   0.00e+00
   41    34   0.00e+00
   41    35   0.00e+00
   41    36   0.00e+00
   41    37   0.00