1  1.0000000000000001e-05  0.091280000624163804  22109.999922236824
2  3.7603625984690535e-05  0.091280002347082223  22109.99970758229
3  7.563426677488185e-05  0.091280004720817168  22109.999411844001
4  0.00015212727065532557  0.091280009495233613  22109.998817010233
5  0.00030598117036056055  0.091280019098237158  22109.997620593698
6  0.00061543248733754192  0.091280038413068296  22109.995214202652
7  0.0012378313943371736  0.091280077260955314  22109.990374233319
8  0.0024896068907450837  0.091280155392251136  22109.980640037113
9  0.0050069276327596489  0.09128031251430152  22109.961064579787
10  0.010068314516404497  0.091280628427760191  22109.921705736135
11  0.017137410973418692  0.09128106965521525  22109.866734461619
12  0.024205960250254965  0.0912815108485696  22109.811767571635
13  0.031273961542364004  0.091281952007794584  22109.75680506945
14  0.038341414440041979  0.091282393132886164  22109.70184695526
15  0.045408318768481254  0.091282834223854969  22109.646893227538
16  0.052474674481908505  0.091283275280719667  22109.591943883544
17  0.059540481603434038  0.09128371630350321  22109.536998920259
18  0.066605740194028831  0.091284157292230925  22109.482058334121
19  0.07367045033931692  0.091284598246929638  22109.427122121531
20  0.080734612149185689  0.091285039167627702  22109.372190278704
21  0.090283641391036951  0.091285635185604605  22109.297935945815
22  0.10949014999028216  0.091286833992223315  22109.148584499409
23  0.14812129910815455  0.09128924522844474  22108.848187368276
24  0.21480463745084361  0.091293407428872764  22108.329660446623
25  0.31224816139949074  0.091299489709945891  22107.571950424448
26  0.45460973528443105  0.091308376050595802  22106.464962702245
27  0.66278032120327179  0.091321371312341457  22104.846206133505
28  0.96776136602780571  0.091340413387785147  22102.474401374158
29  1.4159614897768193  0.09136840808921104  22098.987829056332
30  2.0777634515374017  0.091409777780996945  22093.836086305175
31  3.0554138227421808  0.091470998223888877  22086.213257671396
32  4.3672435993932348  0.091553435423683854  22075.949299882064
33  6.0579274966654939  0.091660376921197814  22062.633167956144
34  8.2289511865313205  0.091799293507378407  22045.328637290397
35  11.050773536871093  0.091983486320006691  22022.362426743759
36  14.748841023576997  0.092233227200987367  21991.165566484953
37  19.613211674270566  0.09258098565917397  21947.584872507963
38  25.830691023575934  0.093067695975707757  21886.295140529652
39  32.742818576130595  0.093681012995702848  21808.619730660412
40  39.32719058508367  0.094353807801273823  21722.989251123479
41  45.654703862191319  0.095098261736150394  21627.923411863179
42  52.042027910175349  0.095963029448070669  21517.309378870097
43  59.726920023971843  0.09717676711060462  21362.079084660872
44  68.487002708130106  0.098824648089317166  21151.907864896682
45  76.947254519865169  0.10072873263403416  20910.184844858468
46  84.658081762689761  0.10325404390023281  20575.995048818404
47  90.751130058607004  0.10661779894380921  20109.523511552783
48  95.367700027568304  0.11048099951819708  19572.574828629138
49  98.668916736346162  0.11597543945572351  18903.369705899677
50  100.69612183793515  0.1228694819631253  18150.626768502945
51  101.51967696129032  0.1284571372824071  17549.863898836145
52  101.9194404613194  0.13291627140467527  17094.402101144071
53  102.19736758119998  0.13808054651926402  16607.783138651124
54  102.36545439958682  0.14246699345700944  16216.871673275355
55  102.47378682908108  0.1461947838938126  15898.671228533351
56  102.54936988334305  0.14951163118828359  15625.20779737627
57  102.60520636434761  0.15245283644561888  15389.071082424516
58  102.6485068570077  0.15506894018375608  15183.419320014029
59  102.68351934984388  0.15740452293741555  15002.579397828416
60  102.71299782571954  0.15949511494186921  14841.877924183933
61  102.73894033997817  0.16140691469935609  14695.283350783571
62  102.76313435851442  0.16323429707137946  14555.085382488232
63  102.78800642503943  0.16514215917381808  14408.259720600821
64  102.81952420397246  0.16757825864542578  14219.514746684416
65  102.87405928867794  0.17175399983657835  13896.161326180962
66  102.93282988995564  0.17603406342477462  13580.315563423002
67  102.98463772668609  0.17947686821897971  13353.235833930356
68  103.02880231087991  0.18223747829874845  13190.233968166775
69  103.07365082238081  0.18504552168725175  13033.173800317019
70  103.11930263726754  0.18807763465388064  12862.738315645305
71  103.16541588346082  0.19149461772906348  12664.037771454767
72  103.20929152118204  0.19524124325275738  12444.185634077525
73  103.25107645449332  0.19940397992661851  12203.241210162723
74  103.28585585987445  0.20341020680261188  11977.141559211623
75  103.31215640424054  0.2068739196694234  11788.02812979052
76  103.33288010806953  0.21003369644280342  11623.101624287465
77  103.34963431304024  0.2129651689060417  11476.756939902047
78  103.36345978498821  0.21569190244305192  11345.869468157036
79  103.37507518879448  0.21822881522807672  11228.111480355423
80  103.38499095413455  0.22059104704280674  11121.558500592942
81  103.39357668726602  0.22279454438344404  11024.586173893196
82  103.40192480696399  0.22509462966048774  10925.741788686204
83  103.41734735594034  0.22993009283564467  10726.993983929058
84  103.43478651108103  0.23672147292884374  10467.715743110351
85  103.44710718104338  0.24265211154471292  10256.596178731497
86  103.45635431137927  0.24782862127183922  10080.865537121399
87  103.46366406619681  0.25222220115056931  9932.671782687954
88  103.46972656580169  0.25590840318905017  9805.078309310069
89  103.47495691758773  0.25902277089240455  9692.4746209578134
90  103.47961306491183  0.26167930820498886  9590.8374997417741
91  103.48386533636193  0.2639640816832674  9497.2872520297369
92  103.4878327131056  0.2659510473705044  9409.8857188445108
93  103.49160133935791  0.26769793411196685  9327.2825534864187
94  103.49523671156055  0.26924367691694628  9248.4341967934488
95  103.49879078687525  0.27061373761773289  9172.5350798869076
96  103.50230578320054  0.27182314363409199  9098.985628111901
97  103.5058164182332  0.27288004658633014  9027.3421767396776
98  103.50935077505302  0.27380021073277727  8957.0664051614403
99  103.51293066193533  0.27460181959346314  8887.6509988741618
100  103.51657643954866  0.27530091424472236  8818.6526142374678
101  103.52031719290994  0.27591405559046411  8749.497794775938
102  103.52421027955698  0.27646096778373325  8679.1454247202146
103  103.52849241730696  0.27698104127370909  8603.4925443584543
104  103.53553779157038  0.27771685904318039  8482.577922934217
105  103.54890547932249  0.27885842094483471  8265.5876341759886
106  103.56886566096296  0.28038167422275834  7973.8836426006255
107  103.59058542546441  0.2822443419107708  7697.8673748462788
108  103.61535688240923  0.28517602878616749  7428.5672903986961
109  103.64172479670609  0.28950555332008832  7191.823870182001
110  103.66738100605423  0.29534311141324959  6999.6610549482075
111  103.68778478553394  0.30111297794016573  6864.4453310343142
112  103.70363768367429  0.30646205790838826  6764.0161860978196
113  103.7162288960714  0.31145629906376199  6684.9213393516475
114  103.72644288145365  0.31604644839254198  6618.171435073129
115  103.73491622472606  0.32023245507739911  6559.525476835217
116  103.74208943208039  0.32407367607074944  6507.1709725506789
117  103.74826218299955  0.3276396403402399  6459.6419392289736
118  103.753644397568  0.33097547378867082  6415.9941376177185
119  103.76156244401098  0.3363408694211048  6347.2132102081605
120  103.77412163147444  0.34620003332409549  6223.2671283642458
121  103.78466206467297  0.35590510597630182  6099.8927542426445
122  103.7924422633365  0.3641414266844703  5998.1199637495438
123  103.79864775719719  0.37133634506218494  5907.2926881164121
124  103.80394749656926  0.37806489310320895  5824.4430554890278
125  103.80882243034119  0.38447275761681837  5742.7334957409157
126  103.81381315471586  0.39132391596957189  5654.378050367498
127  103.81981810450471  0.39980151758535354  5540.5261138093529
128  103.82649615008332  0.40900013376830702  5407.8019058966256
129  103.8325972162024  0.41686169639469317  5282.2000465985566
130  103.83816282894166  0.42331803140744539  5165.7514284508352
131  103.8435759578247  0.42888383329874352  5052.5641532351292
132  103.84915612160682  0.43384588091722204  4936.5233032243532
133  103.85470166111318  0.43789836070787369  4822.43833434308
134  103.8607750745231  0.44143003419262933  4699.8156565895533
135  103.86786536052028  0.44438451289992298  4558.1205457964379
136  103.87674683716899  0.44682594297290779  4385.8228290998659
137  103.89116794134726  0.44815743738775699  4117.9144427015781
138  103.90742455030826  0.44677044989498355  3833.9185166296124
139  103.92622279623116  0.44260098442374507  3534.1208797872873
140  103.9498973347022  0.43548074529087921  3199.6656645452299
141  103.98149808040797  0.42469551590897686  2829.3866052232829
142  104.01514285868735  0.41401980059456167  2521.326367097643
143  104.05435976977823  0.40420096697375929  2258.7105330617051
144  104.10774649672281  0.396542418578401  2031.8399883517036
145  104.1979702861934  0.39562240365922346  1862.7387999825442
146  104.33454280357354  0.40639702903808089  1793.2736852660519
147  104.47354716294861  0.41924493197933532  1755.7239757314662
148  104.58731754909444  0.42744621840099062  1705.8624161380135
149  104.70494377137091  0.43221497808859743  1627.6095321516834
150  104.84382326125501  0.43570104006877614  1526.9326354380257
151  105.024479205977  0.43370354421908508  1364.0793973794996
152  105.20162067286003  0.42770258538701744  1204.5309191695249
153  105.40960630209111  0.41951693053642691  1046.6275896371935
154  105.63425356603675  0.41332542796611271  923.78069742536024
155  105.90101781564071  0.40766961432797555  814.74546621982631
156  106.22160416821377  0.40221499449192494  716.26173212159404
157  106.60250156707349  0.39466610411976183  617.91794233399344
158  106.99663069310169  0.38622824968128477  533.96095424774239
159  107.36190217662049  0.37841343982044245  470.40239596461709
160  107.7051784010214  0.37036832708897388  418.33527898422295
161  108.03222866916479  0.36320997510270586  376.88507374561345
162  108.34638988695866  0.35624359838700864  341.93465411072719
163  108.65150981277054  0.35001872356700775  313.18119474866893
164  108.94892215587191  0.34361016758089563  287.35746400421709
165  109.24133251694022  0.33789509838331844  265.73132531521725
166  109.52967369700619  0.33220480184536383  246.30500701630484
167  109.81363034455066  0.32683583765989449  229.07355660329267
168  110.09516060157665  0.32155738488156171  213.5149596963752
169  110.3738489930945  0.31666627527590935  199.94683887109744
170  110.65965766511688  0.31174451189645769  187.06053804407441
171  111.10977009354812  0.30397860257809151  168.8149946602677
172  111.57602640807804  0.29643248030274194  152.5867641259845
173  112.02387905930394  0.28961371497898181  139.21597458326596
174  112.4658795084913  0.28316362988439048  127.62882450700317
175  112.90178012186799  0.27707256993607327  117.35480939824814
176  113.33471275123422  0.27118371223132237  108.33046270168333
177  113.76460293572764  0.26565521261052688  100.31118352880932
178  114.19425825359104  0.26014258266177248  92.952288653835566
179  114.61706033832577  0.25501520756779106  86.489703573329805
180  115.04559872838662  0.25015503340555856  80.722641598995793
181  115.49880049600974  0.24517533709711492  75.16807184154915
182  115.96926423647763  0.24025549477795138  70.024537211295851
183  116.44367398375309  0.23551982967773072  65.363360227414802
184  116.92262730913087  0.23091719294915167  61.07746484160463
185  117.40584087858403  0.22644557922430297  57.176982725947184
186  117.97095829438796  0.22157884038609188  53.10705056048527
187  118.63145551180594  0.21625442860649127  48.900356417197209
188  119.30621473741698  0.21107920647404502  45.115527977958017
189  119.99746097813733  0.20610953466953205  41.733164087905379
190  120.71048120053732  0.20135937832579301  38.645773625559336
191  121.46870790990822  0.19661914986839785  35.718630924128725
192  122.30910370158293  0.19151493493077934  32.798224390242396
193  123.1517344296221  0.1868720249304946  30.298644693367862
194  124.01432815134514  0.18250798527386339  28.102196344936086
195  124.89609549340257  0.17824060248483317  26.04122427178245
196  125.76384374363595  0.17408960273929194  24.183607128453275
197  126.63480992440857  0.17026817379448286  22.516650577953442
198  127.51259562172518  0.16653610843197367  21.014641299573956
199  128.48048360846798  0.16266336043495105  19.493417470044569
200  129.7581576136823  0.15762495759393272  17.656102992515716
201  131.03562648765433  0.15282009336534871  16.040410548245166
202  132.31294187464164  0.1484095735694842  14.615417375326244
203  133.5901386055385  0.14405577807833836  13.347500104323469
204  134.86723646897318  0.13991072780462299  12.18160532414271
205  136.14425544147957  0.13586752057805118  11.118935069043406
206  137.42121140582719  0.13192912265579304  10.144183505778638
207  138.73642705035726  0.12800752993058229  9.2514378965221979
208  140.41438851349625  0.12327963553359472  8.2332455644085929
209  142.09177233419885  0.11874620859373598  7.3359438837529405
210  143.76839560701481  0.11438712218120134  6.5428975654592909
211  145.4976577608856  0.11011325595412426  5.8260263463739177
212  147.30681170563651  0.10585289479594046  5.1738589648811839
213  149.11619082322306  0.10189427325540863  4.6087281835216247
214  151.06180614466038  0.097966487033545699  4.0854823294379008
215  153.27996928673792  0.093733676044792685  3.5740827033256704
216  155.49812813109932  0.089783409007526321  3.1390586762958721
217  157.87209311901512  0.08584403386114324  2.7415947130215974
218  160.28500103520733  0.082111215257759315  2.397465496765347
219  162.69790289010663  0.078617297054309504  2.1039779147802875
220  165.17139901413981  0.075280055503012921  1.845959843173745
221  167.95219823193312  0.071779123260893585  1.5993172032125569
222  170.73299630600616  0.068508565805966801  1.3902999685468111
223  173.51379354702715  0.06544853616089194  1.211559746561971
224  176.29459019209861  0.062577407761298748  1.0585460357722241
225  180.18864212525412  0.058839054226420315  0.87912436845441222
226  184.38688893738563  0.055135932038997783  0.72261046173572474
227  188.58513574951692  0.051733855339125279  0.59629717180416919
228  192.78338256164821  0.048604743586667748  0.49389784025930511
229  196.9816293737795  0.04571042637793326  0.41057111642240218
230  201.17987618591079  0.043046666806803371  0.34241538465328969
231  205.37812299804207  0.040593482216073569  0.28659524373290113
232  209.57636981017336  0.038313693369326968  0.24075579414062795
233  213.90056402666858  0.036149653542063939  0.20179812096393468
234  218.83777541250635  0.033877151051815407  0.16566828153163465
235  223.80302321606214  0.031782086183695463  0.13646092109891442
236  228.79646664476246  0.029850476197268341  0.11282782291398644
237  233.81826581010796  0.028075948907420968  0.093499685457091045
238  238.86858173280754  0.026434885650688987  0.077755403793748318
239  243.94757634794124  0.024909434821429443  0.064871520718717574
240  249.05541251015276  0.023503852643532858  0.054285575061934863
241  254.19225399887105  0.022199747790350884  0.045568819001696098
242  261.33449701475166  0.020555567602291238  0.035971042844699562
243  269.10339407997321  0.018969304329836938  0.02805285891745727
244  276.87229114519477  0.017549295317306816  0.022071032470142162
245  284.64118821041632  0.016294483756708712  0.017506022781743562
246  290.65616450751145  0.015410874291488602  0.014712955613119439
247  297.60379396110068  0.014477566561185337  0.012114891273440564
248  304.59087617988251  0.013622877276565722  0.010026047213145463
249  311.61763520008247  0.012853553185219148  0.0083368480541027076
250  318.68429633013739  0.012133825817910674  0.006965781210301592
251  325.79108615791881  0.01148372898223239  0.0058474487023593069
252  334.00117631269961  0.010799662843756157  0.0048105250028866097
253  342.24361750461821  0.010176471071673592  0.0039820886210290025
254  350.48745423403869  0.0096080654744291651  0.0033187718241900707
255  358.73129096345917  0.0090936743084298818  0.0027831825464442617
256  369.23710271089396  0.0085027380402003475  0.0022440258155614129
257  381.46399470016041  0.0078930836880765839  0.0017668151937520217
258  393.69088668942686  0.0073562481878374488  0.0014070896097560523
259  405.91777867869331  0.0068799977321032189  0.0011324530363085456
260  418.51147742763777  0.0064435814785940623  0.0009156436592935882
261  429.41395150229641  0.006104063092849811  0.00076764962028777473
262  442.00452508648459  0.0057493031713173777  0.00063156550352605825
263  454.66659542313681  0.0054288998426099255  0.00052348402855106999
264  467.40056851326483  0.005138240131361973  0.00043700671185911862
265  480.20685266339513  0.0048723571459421732  0.00036716150422300625
266  494.99881734585756  0.0045960574940631799  0.00030295833476522231
267  509.87477958651601  0.0043446152709883147  0.00025186002750223076
268  524.83521637337958  0.0041168131258925676  0.00021091011675456489
269  542.11820035792107  0.003879528723624725  0.00017343409830497343
270  559.49932738729842  0.0036608783231175451  0.00014383041763868328
271  576.9791547759927  0.0034640174289028553  0.00012022687324969902
272  597.17556132083712  0.0032589253143398816  9.8691790328770331e-05
273  617.48665505365943  0.0030740701305711324  8.1743843532602797e-05
274  637.91308723640861  0.0029073404720439005  6.8269514521649509e-05
275  661.51699689445627  0.0027343902662938712  5.6028414552678771e-05
276  685.25494356636364  0.0025787306644161332  4.6417793396887786e-05
277  709.12768839387991  0.0024385069980369946  3.8786927481284412e-05
278  733.13599684096914  0.0023111520234762018  3.2664104982715044e-05
279  760.86166461738412  0.0021784137261244068  2.7052311782976675e-05
280  788.74477519754885  0.0020584785871298381  2.2609142732608745e-05
281  820.9513061556172  0.0019346849254490391  1.8588075098664777e-05
282  853.34072491909319  0.0018236883902816403  1.5427164317682927e-05
283  885.91407003352549  0.0017234054164692028  1.2919474328683965e-05
284  923.54429500329422  0.0016203216263879897  1.0647909434415426e-05
285  961.38820673338739  0.0015276439444153246  8.8556949119015552e-06
286  1005.1135256139678  0.0014317565253727019  7.2488935256472834e-06
287  1049.0871428170603  0.001346418784518086  5.9966808107585783e-06
288  1093.3104683279671  0.0012705139914113582  5.0087114288908249e-06
289  1144.4130481029822  0.0011916681872887976  4.1170093988413681e-06
290  1191.468675452606  0.0011275265398210125  3.471005002019024e-06
291  1261.2594891204385  0.0010431681304217085  2.7387214815275262e-06
292  1331.050302788271  0.00096999603213801619  2.1973703626053399e-06
293  1406.1208328316102  0.00090181644650748761  1.761634963174829e-06
294  1482.5112919688261  0.0008414743141623071  1.4280684593814564e-06
295  1558.901751106042  0.00078847015705944574  1.1735306124148371e-06
296  1635.2922102432578  0.00074164284475687809  9.7555745845801091e-07
297  1711.6826693804737  0.00070000439688436007  8.1945411208439109e-07
298  1803.2500029867758  0.00065577324537083683  6.7312596231543466e-07
299  1892.2534798047623  0.00061775084997644527  5.6235745857920426e-07
300  1981.2569566227487  0.00058380294383333345  4.7448889128064955e-07
301  2113.2629549753137  0.00053974926037034753  3.7488815342024927e-07
302  2245.268953327879  0.00050178917117951044  3.0116889360870662e-07
303  2377.2749516804442  0.00046881068711684699  2.4560224960744516e-07
304  2509.2809500330095  0.00043983008461644655  2.0278233789261317e-07
305  2641.2869483855748  0.00041422039523297675  1.6938419128624209e-07
306  2773.29294673814  0.00039126263828909451  1.4294487336862048e-07
307  2905.2989450907053  0.00037084534110889874  1.2169111306339389e-07
308  3037.3049434432705  0.00035235333515264052  1.0445431873424089e-07
309  3169.3109417958358  0.00033551766124644597  9.0297857845964021e-08
310  3301.316940148401  0.0003203069593780912  7.8601617119652276e-08
311  3433.3229385009663  0.0003063190119824594  6.8833437196543793e-08
312  3575.348634255758  0.00029258863874889973  6.0044683198431597e-08
313  3737.6522198665721  0.00027831041748729569  5.1747454620484178e-08
314  3899.9558054773861  0.00026532569531145344  4.4899646908501742e-08
315  4118.8183359634095  0.00024962010420612863  3.7457366466864086e-08
316  4338.9236978471599  0.0002354876640076772  3.1538735653032889e-08
317  4593.1093749782931  0.00022108494764200062  2.6160380024752178e-08
318  4848.7384693069225  0.00020825016528066591  2.1915665535663664e-08
319  5144.0041756422361  0.00019510644035529431  1.8077546423964917e-08
320  5440.9465759721334  0.00018336077693185217  1.5074763731068292e-08
321  5780.72397369796  0.00017160533406199494  1.2393710152699255e-08
322  6114.8536890116211  0.00016131351817738032  1.0348398958946718e-08
323  6540.663175968316  0.00014983898942701605  8.3429253433224083e-09
324  7036.2295091739043  0.00013822324033268066  6.6104550916850974e-09
325  7531.7958423794926  0.00012818059840873246  5.3270468305941794e-09
326  8027.3621755850809  0.00011942903775523966  4.3545434704976092e-09
327  8522.9285087906683  0.00011170495625586498  3.6053788991661096e-09
328  9018.4948419962566  0.00010474397473010119  3.0186563188809451e-09
329  9650.1136316459379  9.6934695289004489e-05  2.4415862439156611e-09
330  10297.161797911433  8.9926805537922125e-05  1.9928924960743891e-09
331  10944.209964176927  8.3756791572183779e-05  1.6486665075793616e-09
332  11591.258130442422  7.8258077451216049e-05  1.3790952727216951e-09
333  12238.306296707917  7.3344731429902019e-05  1.1647618148927429e-09
334  12885.354462973412  6.8918143348509176e-05  9.9291630770273541e-10
335  13551.814074226872  6.481284911115273e-05  8.495565492828358e-10
336  14425.923118221293  6.0010487701895487e-05  7.0041432646267463e-10
337  15304.99587236976  5.5813955313697129e-05  5.837214047287536e-10
338  16320.6872937142  5.1505513779128321e-05  4.7899684037122241e-10
339  17342.146414015813  4.7630959176621778e-05  3.9750093607746282e-10
340  18522.500798926463  4.3632967879860248e-05  3.2487592455315141e-10
341  19709.557936870053  4.0034586619836986e-05  2.6861546631300034e-10
342  20903.355890058061  3.672516828207355e-05  2.2441751611679982e-10
343  22103.932936841804  3.3663573745997726e-05  1.8920346389389383e-10
344  23490.402975431767  3.0385204094166668e-05  1.5716818431766933e-10
345  24884.746214117433  2.7263350691318277e-05  1.3184711078979778e-10
346  26495.289577053733  2.3836136957969326e-05  1.0887333111166425e-10
347  28114.978561464904  2.054739623863724e-05  9.091442614166212e-11
348  29986.117698398175  1.7482519945779407e-05  7.4742672817419283e-11
349  31323.068598353544  1.4535203459039119e-05  6.5461244826877315e-11
350  31866.622055036773  1.2228640958556977e-05  6.2124314024912816e-11
351  32280.820497666591  1.0071064248057574e-05  5.9741382776706777e-11
352  32555.692609098547  8.5698788163756406e-06  5.8220652445230102e-11
353  32744.551856374488  7.2217119702631628e-06  5.7211519488532101e-11
354  32816.889984742862  6.1928798077015793e-06  5.6824057423571268e-11
355  32869.850877706922  5.1613868868809502e-06  5.6547444711303393e-11
356  32916.224496100403  4.3740582487579119e-06  5.6303060214455942e-11
357  32997.451220293216  3.9669716063461231e-06  5.5890750458661885e-11
358  33160.827175815502  3.7062045752372052e-06  5.5055374020804058e-11
359  33489.434578219923  3.319032475669932e-06  5.3432214487042609e-11
360  34150.381438911776  2.7291555746954937e-06  5.0353327691475759e-11
361  34815.081548315844  2.3036190919043773e-06  4.7500355545325225e-11
362  35582.701409785834  1.9447476429856753e-06  4.4459946375167904e-11
363  36752.852487554184  1.6041162733748795e-06  4.0307356690683901e-11
364  38105.028926337116  1.3182816528728445e-06  3.6129277465131082e-11
365  39464.883825794219  1.1138511590414978e-06  3.2497587237331806e-11
366  41536.798147930662  9.170118568353533e-07  2.7830915935566696e-11
367  43930.713319142131  7.5883889299156429e-07  2.3498947714312076e-11
368  46697.019100042329  6.3008575504631619e-07  1.9541058155940636e-11
369  49479.033607660545  5.3888331437180265e-07  1.6410689259653188e-11
370  52691.805142872181  4.5461848522574899e-07  1.3579081612423126e-11
371  55922.820702443845  3.9265549749561882e-07  1.1343158954589928e-11
372  59654.821920391558  3.3360624027719153e-07  9.3372411755255147e-12
373  63408.015657130498  2.8925809414306927e-07  7.7684246437769841e-12
374  67182.52225636541  2.5239972528864238e-07  6.5271559436265826e-12
375  71543.005712396887  2.1789541007741422e-07  5.4012941245602859e-12
376  75928.250582528781  1.915371936221176e-07  4.5154444823452973e-12
377  80952.954431512102  1.674786252436886e-07  3.7238187276482271e-12
378  86473.657534229278  1.4988048844599232e-07  3.0526966870854341e-12
379  93604.155147889396  1.3543624909286194e-07  2.4051173247978846e-12
380  100734.65276154951  1.291051847205601e-07  1.9282794797503666e-12
381  107595.97409029397  1.2730258321035596e-07  1.5816237495725466e-12
382  114907.81386582143  1.2529999999999999e-07  1.3659999999999994e-12
383  129614.53535217702  1.2529999999999999e-07  1.3659999999999994e-12
384  159195.00531831893  1.2529999999999999e-07  1.3659999999999994e-12
385  218691.89619434637  1.2529999999999999e-07  1.3659999999999994e-12
386  338361.39529174718  1.2529999999999999e-07  1.3659999999999994e-12
387  579059.50242582918  1.2529999999999999e-07  1.3659999999999994e-12
388  1063189.3702276098  1.2529999999999999e-07  1.3659999999999994e-12
389  2036947.4595141457  1.2529999999999999e-07  1.3659999999999994e-12
390  3995522.7912868857  1.2529999999999999e-07  1.3659999999999994e-12
391  7202655.3646889441  1.2529999999999999e-07  1.3659999999999994e-12
392  10481229.228772385  1.2529999999999999e-07  1.3659999999999994e-12
393  13759803.092855824  1.2529999999999999e-07  1.3659999999999994e-12
394  17038376.956939265  1.2529999999999999e-07  1.3659999999999994e-12
395  20316950.821022704  1.2529999999999999e-07  1.3659999999999994e-12
396  23595524.685106143  1.2529999999999999e-07  1.3659999999999994e-12
397  26874098.549189582  1.2529999999999999e-07  1.3659999999999994e-12
398  30152672.413273022  1.2529999999999999e-07  1.3659999999999994e-12
399  33431246.277356461  1.2529999999999999e-07  1.3659999999999994e-12
400  36709820.1414399  1.2529999999999999e-07  1.3659999999999994e-12
401  39988394.005523339  1.2529999999999999e-07  1.3659999999999994e-12
402  43266967.869606778  1.2529999999999999e-07  1.3659999999999994e-12
403  46545541.733690217  1.2529999999999999e-07  1.3659999999999994e-12
404  49824115.597773656  1.2529999999999999e-07  1.3659999999999994e-12
405  53102689.461857095  1.2529999999999999e-07  1.3659999999999994e-12
406  56381263.325940534  1.2529999999999999e-07  1.3659999999999994e-12
407  59659837.190023974  1.2529999999999999e-07  1.3659999999999994e-12
408  62938411.054107413  1.2529999999999999e-07  1.3659999999999994e-12
409  66216984.918190852  1.2529999999999999e-07  1.3659999999999994e-12
410  69593915.998196796  1.2529999999999999e-07  1.3659999999999994e-12
411  75440792.961925924  1.2529999999999999e-07  1.3659999999999994e-12
412  87200950.967350692  1.2529999999999999e-07  1.3659999999999994e-12
413  110854829.29769747  1.2529999999999999e-07  1.3659999999999994e-12
414  158431227.4896909  1.2529999999999999e-07  1.3659999999999994e-12
415  242248145.04503062  1.2529999999999999e-07  1.3659999999999994e-12
416  331085547.72365594  1.2529999999999999e-07  1.3659999999999994e-12
417  419922950.40228122  1.2529999999999999e-07  1.3659999999999994e-12
418  508760353.08090651  1.2529999999999999e-07  1.3659999999999994e-12
419  597597755.75953197  1.2529999999999999e-07  1.3659999999999994e-12
420  686435158.43815756  1.2529999999999999e-07  1.3659999999999994e-12
421  775272561.11678314  1.2529999999999999e-07  1.3659999999999994e-12
422  864109963.79540873  1.2529999999999999e-07  1.3659999999999994e-12
423  952947366.47403431  1.2529999999999999e-07  1.3659999999999994e-12
424  1041784769.1526599  1.2529999999999999e-07  1.3659999999999994e-12
425  1130622171.8312855  1.2529999999999999e-07  1.3659999999999994e-12
426  1219459574.5099111  1.2529999999999999e-07  1.3659999999999994e-12
427  1308296977.1885366  1.2529999999999999e-07  1.3659999999999994e-12
428  1397134379.8671622  1.2529999999999999e-07  1.3659999999999994e-12
429  1485971782.5457878  1.2529999999999999e-07  1.3659999999999994e-12
430  1574809185.2244134  1.2529999999999999e-07  1.3659999999999994e-12
431  1663646587.903039  1.2529999999999999e-07  1.3659999999999994e-12
432  1752483990.5816646  1.2529999999999999e-07  1.3659999999999994e-12
433  1841321393.2602901  1.2529999999999999e-07  1.3659999999999994e-12
434  1930158795.9389157  1.2529999999999999e-07  1.3659999999999994e-12
435  2021661320.6979001  1.2529999999999999e-07  1.3659999999999994e-12
436  2180090376.9803925  1.2529999999999999e-07  1.3659999999999994e-12
437  2498747798.043025  1.2529999999999999e-07  1.3659999999999994e-12
438  2938302336.578043  1.2529999999999999e-07  1.3659999999999994e-12
439  3377856875.113061  1.2529999999999999e-07  1.3659999999999994e-12
440  4059495059.2763681  1.2529999999999999e-07  1.3659999999999994e-12
441  5430512920.2676849  1.2529999999999999e-07  1.3659999999999994e-12
442  8188119549.1634445  1.2529999999999999e-07  1.3659999999999994e-12
443  13734651462.49057  1.2529999999999999e-07  1.3659999999999994e-12
444  24890708292.059208  1.2529999999999999e-07  1.3659999999999994e-12
445  47329523380.370544  1.2529999999999999e-07  1.3659999999999994e-12
446  92461995387.228958  1.2529999999999999e-07  1.3659999999999994e-12
447  183239517347.86615  1.2529999999999999e-07  1.3659999999999994e-12
448  365825538606.83282  1.2529999999999999e-07  1.3659999999999994e-12
449  733071244803.08313  1.2529999999999999e-07  1.3659999999999994e-12
450  1471733535539.4243  1.2529999999999999e-07  1.3659999999999994e-12
451  2957447243147.1777  1.2529999999999999e-07  1.3659999999999994e-12
452  5867380810272.1172  1.2529999999999999e-07  1.3659999999999994e-12
453  9351442389899.1836  1.2529999999999999e-07  1.3659999999999994e-12
454  12835503969526.248  1.2529999999999999e-07  1.3659999999999994e-12
455  16319565549153.314  1.2529999999999999e-07  1.3659999999999994e-12
456  19803627128780.383  1.2529999999999999e-07  1.3659999999999994e-12
457  23287688708407.453  1.2529999999999999e-07  1.3659999999999994e-12
458  27463946222366.93  1.2529999999999999e-07  1.3659999999999994e-12
459  35681082425575.617  1.2529999999999999e-07  1.3659999999999994e-12
460  52208678388565.859  1.2529999999999999e-07  1.3659999999999994e-12
461  76662751992714.328  1.2529999999999999e-07  1.3659999999999994e-12
462  101116825596862.78  1.2529999999999999e-07  1.3659999999999994e-12
463  125570899201011.23  1.2529999999999999e-07  1.3659999999999994e-12
464  150024972805159.72  1.2529999999999999e-07  1.3659999999999994e-12
465  174479046409308.16  1.2529999999999999e-07  1.3659999999999994e-12
466  198933120013456.59  1.2529999999999999e-07  1.3659999999999994e-12
467  223387193617605.03  1.2529999999999999e-07  1.3659999999999994e-12
468  247841267221753.47  1.2529999999999999e-07  1.3659999999999994e-12
469  272295340825901.91  1.2529999999999999e-07  1.3659999999999994e-12
470  296749414430050.38  1.2529999999999999e-07  1.3659999999999994e-12
471  321203488034198.81  1.2529999999999999e-07  1.3659999999999994e-12
472  345657561638347.25  1.2529999999999999e-07  1.3659999999999994e-12
473  370111635242495.69  1.2529999999999999e-07  1.3659999999999994e-12
474  394565708846644.12  1.2529999999999999e-07  1.3659999999999994e-12
475  419019782450792.56  1.2529999999999999e-07  1.3659999999999994e-12
476  443473856054941  1.2529999999999999e-07  1.3659999999999994e-12
477  467927929659089.44  1.2529999999999999e-07  1.3659999999999994e-12
478  492382003263237.88  1.2529999999999999e-07  1.3659999999999994e-12
479  519146986822978.31  1.2529999999999999e-07  1.3659999999999994e-12
480  569298961549103.5  1.2529999999999999e-07  1.3659999999999994e-12
481  670172496381813.5  1.2529999999999999e-07  1.3659999999999994e-12
482  873065205696116.62  1.2529999999999999e-07  1.3659999999999994e-12
483  1281154914866788.2  1.2529999999999999e-07  1.3659999999999994e-12
484  2101969084552003  1.2529999999999999e-07  1.3659999999999994e-12
485  3150000000000000  1.2529999999999999e-07  1.3659999999999994e-12
