1  1.0000000000000001e-05  0.091280000624163804  22109.999922236824
2  3.7603625984690535e-05  0.091280002347082223  22109.99970758229
3  7.563426677488185e-05  0.091280004720817168  22109.999411844001
4  0.00015212727065532557  0.091280009495233613  22109.998817010233
5  0.00030598117036056055  0.091280019098237158  22109.997620593698
6  0.00061543248733754192  0.091280038413068296  22109.995214202652
7  0.0012378313943371738  0.091280077260955314  22109.990374233319
8  0.0024896068907450837  0.091280155392251136  22109.980640037113
9  0.0050069276327596489  0.09128031251430152  22109.961064579787
10  0.010068314516404504  0.091280628427760191  22109.921705736135
11  0.017137410973418744  0.09128106965521525  22109.866734461619
12  0.024205960250255107  0.0912815108485696  22109.811767571635
13  0.031273961542364295  0.091281952007794584  22109.75680506945
14  0.038341414440042514  0.091282393132886164  22109.70184695526
15  0.045408318768482142  0.091282834223854969  22109.646893227538
16  0.052474674481909886  0.091283275280719667  22109.591943883544
17  0.059540481603436064  0.09128371630350321  22109.536998920259
18  0.066605740194031662  0.091284157292230925  22109.482058334121
19  0.07367045033932075  0.091284598246929638  22109.427122121531
20  0.080734612149190726  0.091285039167627702  22109.372190278704
21  0.090283641391043779  0.091285635185604605  22109.297935945815
22  0.10949014999029259  0.091286833992223315  22109.148584499409
23  0.14812129910817226  0.09128924522844474  22108.848187368276
24  0.21480463745091277  0.091293407428872764  22108.329660446623
25  0.31224816139972572  0.091299489709945905  22107.571950424448
26  0.45460973528518833  0.091308376050595844  22106.464962702245
27  0.66278032120565955  0.091321371312341609  22104.846206133505
28  0.96776136603527785  0.091340413387785604  22102.474401374067
29  1.4159614898001762  0.091368408089212511  22098.98782905615
30  2.0777634516106538  0.091409777781001525  22093.836086304589
31  3.0554138229573762  0.091470998223902367  22086.213257669722
32  4.3541485745571578  0.091552610475414312  22076.052012002059
33  6.0164384040345844  0.091657741143631968  22062.96140911898
34  8.1731275262806147  0.091795694541302097  22045.777098369013
35  11.00390319729002  0.09198038679212614  22022.749156857957
36  14.746518837760719  0.092233066835137892  21991.185624038968
37  19.703196821885047  0.092587664135368786  21946.746210773181
38  25.947048339379265  0.093077340112280096  21885.077313014266
39  32.858636175062728  0.093692047116855359  21807.21845894718
40  39.437403574201404  0.094365906907300109  21721.446338584989
41  45.762181947629642  0.095111827366409885  21626.189193359423
42  52.156043832639945  0.095979596549867541  21515.189655023631
43  59.882014780994943  0.097203387072670608  21358.677321385479
44  68.653273990810035  0.098858900059480573  21147.549963776215
45  77.093619492457464  0.1007658646833334  20905.443518938384
46  84.751817608204803  0.10329455142967871  20570.470139237714
47  90.784978984881249  0.10664122767210381  20106.245383869689
48  95.351930533091704  0.11046372751054445  19574.885779966877
49  98.623483692244406  0.11586615097943728  18915.764688285562
50  100.64665090322185  0.12261045998234363  18178.620994265118
51  101.38954893531559  0.12739153995429336  17663.715563291258
52  101.81734089511929  0.13152118933885443  17232.645752828332
53  102.12776615921908  0.1365696821267392  16746.733049769467
54  102.32401402960856  0.14127088354385003  16321.719768400344
55  102.44604916478352  0.14513999878637598  15987.447753750559
56  102.52956588381154  0.14857402732418293  15701.688402441339
57  102.59028987297114  0.15162170563833188  15455.245055005344
58  102.63674913966884  0.15432758607926494  15241.304764223692
59  102.67387094145185  0.15674330658300789  15053.59163475602
60  102.70474793490412  0.15890026136470223  14887.537055231049
61  102.73154506013331  0.16085617377628564  14737.504963638199
62  102.75604624737554  0.16269536832330278  14596.460902588646
63  102.78034246794424  0.164552038054187  14453.746432562144
64  102.80868090894256  0.166739543190039  14284.691644564136
65  102.85553532007145  0.17034888835340814  14004.21409222558
66  102.91644776010097  0.17487540012788264  13663.060312269366
67  102.97173516780944  0.17864844320061887  13405.133191244118
68  103.01617900715924  0.18145490996241492  13235.161898880615
69  103.06113393860025  0.18425194377746432  13077.242662177923
70  103.10685912601473  0.18722398361390649  12911.328900844148
71  103.15313075420717  0.19053934273854647  12720.018321165671
72  103.19809438404241  0.19423028956353075  12503.380482838156
73  103.23994812055595  0.19823082216465471  12270.593044400663
74  103.27764146080175  0.20241496970177464  12032.719881402218
75  103.3058352415363  0.20599413487420024  11835.297372639625
76  103.32785749314652  0.20922481903866796  11664.594097981651
77  103.34555325782068  0.21221576923560556  11513.586991620788
78  103.3600805701812  0.21499735760740749  11378.762832170261
79  103.37222991239433  0.21758520076917284  11257.645532990633
80  103.38255935914631  0.21999415188324392  11148.218629557679
81  103.39147105077923  0.22224000234211511  11048.78314019063
82  103.39926000799571  0.22434092668366792  10957.846045357031
83  103.41073078568768  0.22774518074140257  10815.23665293108
84  103.4290859862416  0.23431560150941871  10557.17136083173
85  103.44283816349646  0.24047590889482906  10332.643292999514
86  103.45293316954259  0.24584571635767538  10147.585341929007
87  103.46074302843293  0.25044966997326079  9992.7276072473196
88  103.4670804414564  0.25430328656085388  9861.2125296921549
89  103.47243489600379  0.25753394229090359  9747.0155758694
90  103.47710272031927  0.26026410723872645  9645.7678935141103
91  103.481271705919  0.26258862018761303  9554.4053014278525
92  103.48506026469882  0.26457782153115783  9470.9475664272595
93  103.48852472503391  0.2662823936772028  9394.6723975380664
94  103.49177202997126  0.26777364648398383  9323.558748512527
95  103.49487507087376  0.26909630166497472  9256.2293650487118
96  103.49783028347601  0.27025771880581312  9192.9101711471412
97  103.50066496202363  0.27127712899901429  9133.1092116465043
98  103.50340223062948  0.2721694757763784  9076.4059511483247
99  103.50606272040847  0.27294866356072522  9022.3860120164263
100  103.50866630131772  0.27363251453728027  8970.5370474128613
101  103.51123483158838  0.27423737287535765  8920.320438526931
102  103.51379771834566  0.27477814082323376  8871.0913705843013
103  103.51640313966227  0.27527009823412502  8821.8956262008469
104  103.52049679948585  0.27594117138700464  8746.2169050260218
105  103.52873061159524  0.27700802706195737  8599.3338155615656
106  103.54518211532567  0.27856349693372684  8324.3316701553267
107  103.56528573063081  0.28010117096702458  8023.3344422689834
108  103.58651018125245  0.28187135124681684  7746.7828735855628
109  103.61090580396026  0.28457187396172734  7473.296430377638
110  103.637164087372  0.28864192687261114  7229.7448999493927
111  103.66331630642802  0.29431412248546102  7028.0551731169726
112  103.68467214054803  0.30016211390319575  6884.5057766851614
113  103.70119617096256  0.30557576385047264  6779.3443804914632
114  103.71427417745467  0.31063324642528134  6697.3124561511368
115  103.724843051893  0.31529509677016349  6628.8988707951494
116  103.7335778432516  0.3195476132829127  6568.9994807314442
117  103.7409487081225  0.32344231778331656  6515.6892265877714
118  103.74727549969778  0.32705188488968601  6467.4108544613127
119  103.75278056778554  0.33042453437282016  6423.1528435895107
120  103.75964032508823  0.33498284396199007  6364.4703348948005
121  103.77173717827769  0.34419509521954156  6248.5762848094346
122  103.78291118361223  0.35418381056808085  6121.6039020217277
123  103.79111176671398  0.36266665258154013  6016.2324870975572
124  103.79756277651474  0.37003077479639063  5923.7907894423915
125  103.8030072417065  0.37684390174595722  5839.6082330791469
126  103.8079378265062  0.38329821781539297  5757.7430067688711
127  103.81287982781167  0.39001052317511642  5671.5222840826773
128  103.81863320974661  0.39814745314161171  5563.2781634432567
129  103.82531534856743  0.40740396965664466  5431.7082646814079
130  103.83156091176625  0.41558061521807937  5303.7449892674913
131  103.83719211973097  0.42224442784003097  5186.1028743042962
132  103.8426051006594  0.42793891775329285  5072.8120788195101
133  103.84816565506752  0.43302648959979317  4957.0678728337916
134  103.85370299077044  0.43723116445412941  4842.8302759027383
135  103.85959865975455  0.44082158089430867  4723.4655722896614
136  103.8665486373641  0.44391182999212497  4584.221421855179
137  103.8748348346532  0.44641207806406086  4422.3474238686949
138  103.88842769485578  0.44812323500667572  4167.8957591104718
139  103.90440181995102  0.44721019548770718  3885.1687382014534
140  103.92261585222461  0.44351484726545687  3589.2004403999572
141  103.94518403702843  0.4370028837668633  3262.2629548607788
142  103.97584353201322  0.42659703784446745  2890.0797970220983
143  104.00899232304579  0.41585309277249394  2571.4130595437464
144  104.04681562525559  0.40585228762397757  2301.5668527056441
145  104.09669093102237  0.39756077479211138  2068.2634868353093
146  104.17796874807597  0.3948654617277555  1885.7353158261471
147  104.30952418666024  0.4040510307857289  1800.1722589832602
148  104.45250485141696  0.41739208277975387  1762.4685636191866
149  104.56783120473662  0.42621038461306149  1716.3926821039267
150  104.68311245724482  0.43162260953775738  1644.309808540693
151  104.81746485270591  0.43531080726268556  1547.5806587430229
152  104.98964961617523  0.43495302900736543  1400.715266472575
153  105.16609844024221  0.42840319935160664  1230.6188189705449
154  105.37451528694602  0.42084758040471903  1070.7377318548261
155  105.59304506742146  0.41431124918738022  943.34903315612723
156  105.85180882366774  0.40867776266927258  833.43352295652323
157  106.16182980273317  0.40355959621462134  734.73203925189546
158  106.52978697303143  0.39645986969934155  636.45803584788518
159  106.93042021444313  0.38764474095664586  546.91441436306559
160  107.29988962727749  0.37958928519536117  480.13934173961064
161  107.64718738280679  0.37149027716850941  425.78164240214085
162  107.9761877855037  0.36441268947688188  383.57045588424688
163  108.29227743793146  0.35746918344124873  347.51187503770666
164  108.59843538182906  0.35115220073072501  318.03384875842784
165  108.89747347227889  0.34458528688152457  291.34662163028423
166  109.19033837567306  0.33893124742473063  269.4074266851519
167  109.47939761829797  0.33323078133672596  249.57962296218901
168  109.76400767114602  0.32772738707104127  231.90781458148106
169  110.04601300320235  0.32247456670850816  216.12922473560127
170  110.32494372357209  0.31751992145467095  202.23614767748509
171  110.60264810859145  0.31269750165306531  189.58140840030973
172  111.01957914516733  0.30550991290203744  172.26160101163347
173  111.49123484062402  0.29777717099727263  155.34465527364887
174  111.94116838477285  0.29080895858054301  141.55935362357204
175  112.38423943680736  0.28432593344244989  129.67647166443675
176  112.82109553576385  0.27814187652648503  119.18537412359618
177  113.25441692302742  0.27227147288911108  109.94574682670523
178  113.68466182403688  0.26663129434670213  101.72368043690879
179  114.11505013975628  0.26117375652828073  94.26466492828834
180  114.53812476900312  0.25592856630294736  87.624195002796981
181  114.9655134486522  0.2510555349073173  81.757959703018045
182  115.41197757495614  0.24610468098787799  76.184383244349945
183  115.88448301630334  0.24112140570975144  70.912652764763735
184  116.36072575048706  0.23633231220570947  66.150474139524462
185  116.84166430789617  0.23167741411221113  61.771286497620927
186  117.32676879327867  0.22716635738652793  57.787227031182979
187  117.86151613709596  0.22247824745671507  53.85865789247373
188  118.51933691109495  0.21713001514474073  49.577198160260473
189  119.19185096086224  0.21191621805087899  45.724716735090603
190  119.87997058541636  0.20691782927896338  42.275643631692063
191  120.58896844025706  0.20213638449324089  39.146336897517607
192  121.32291242053772  0.19750421748400873  36.262569559739298
193  122.16983489162814  0.1922977801909419  33.25564171594327
194  123.012529415979  0.18759862675275715  30.679262965258314
195  123.87413986280079  0.18316906456883747  28.444859050118772
196  124.75609412177302  0.17894185965117337  26.356733508931789
197  125.62697114703818  0.17472112971348083  24.463142802804615
198  126.49675128714537  0.17086053306686141  22.768590954280331
199  127.37496759160997  0.1670978416811813  21.241017324886933
200  128.25865790782004  0.16355915253648212  19.828096742495269
201  129.38511118058614  0.15906681342914095  18.171806946457174
202  130.66263856236733  0.15416044671583268  16.493681530052459
203  131.93999577326164  0.14967049788473358  15.009019794501476
204  133.21722723858082  0.14530768364210064  13.705074754869376
205  134.4943526037473  0.14112769409131565  12.507627948187784
206  135.77139397679053  0.13703974183557177  11.420978156445782
207  137.04836765868689  0.13305499698184384  10.419287648458765
208  138.32528836260607  0.12917797756630295  9.5210094989609217
209  139.96141979074636  0.12455205661787047  8.4951026756347403
210  141.63896473088874  0.11997087308751711  7.5674087877862899
211  143.31582187880264  0.11551625857049222  6.7473601530549212
212  145.01859489226143  0.1112405983382484  6.0149993571591542
213  146.82769751549583  0.10695837917211007  5.337657380398066
214  148.63701432661094  0.10292848098104543  4.7504056244539408
215  150.50087650138238  0.099079826456453968  4.2283565975288058
216  152.71904094054747  0.094773153707087443  3.695522278915047
217  154.93720075477577  0.09075889251550219  3.2429015998201711
218  157.23326531884982  0.086873063574649814  2.8425242364432513
219  159.64618106544813  0.083077244915010146  2.4832099800932408
220  162.05908727667222  0.079518397738230773  2.1772921643347032
221  164.47198811512226  0.076199714305134628  1.9150414326124394
222  167.0308534211691  0.072912738486027806  1.6764003375446339
223  169.81165184379023  0.069567940616360957  1.4559785479224194
224  172.59244933720828  0.066440234472541104  1.2673917650905413
225  175.37324616130542  0.063509141572770891  1.106886765676526
226  178.70031794449429  0.060231189527577077  0.94323119779973086
227  182.89856475662606  0.056415191232397556  0.77422769553216275
228  187.0968115687574  0.052905552983660106  0.63808335971427022
229  191.29505838088869  0.049682577010067189  0.52780027699589294
230  195.49330519301998  0.04670732134514459  0.4381923874478833
231  199.69155200515127  0.043971570829248526  0.36505786246435901
232  203.88979881728255  0.041442949426290045  0.30517322895386245
233  208.08804562941384  0.039099722512838421  0.25602304805999054
234  212.28629244154513  0.036938493924125154  0.21543149905145245
235  217.21325256799634  0.034601730805083213  0.17668624629097882
236  222.16819089942808  0.032453194824894956  0.14541783862193922
237  227.15126631270033  0.03046964743725155  0.1200913394448609
238  232.1626385868702  0.028645282552602361  0.099427003096073968
239  237.20246840831507  0.026960615334500213  0.08259766507764843
240  242.27091737588503  0.025394714557955375  0.068839003593558448
241  247.36814800608445  0.023955480267127859  0.057546816926109114
242  252.49432373828284  0.022619923831640607  0.048262123715850591
243  258.41791273275606  0.021208153042672963  0.039583416442637173
244  266.18680979797762  0.01954219100683572  0.030764856993554798
245  273.95570686319917  0.018065198408595794  0.024119491063936568
246  281.72460392842072  0.016752962539966072  0.019072987611353922
247  287.93457468629225  0.015799094034215182  0.015907680728161316
248  294.87448815214395  0.014833641540630165  0.013068283471792853
249  301.85381056722849  0.013949292361049258  0.010788550305482484
250  308.87276571895848  0.013145642672032488  0.0089530219071376673
251  315.93157866554458  0.012402831301287998  0.0074657585789869984
252  323.03047574321164  0.011734355259877524  0.0062544744026489015
253  331.23262832815658  0.011022143875208536  0.005134201223640395
254  339.47472005690133  0.01037914608548415  0.0042397433755804355
255  347.71855678632181  0.0097929949261867863  0.0035257185848041801
256  355.96239351574229  0.0092608861538187679  0.0029506690559561364
257  365.42891944408944  0.0087093199416889699  0.002423221831181383
258  377.65581143335589  0.0080745821357003332  0.0019005172245702775
259  389.88270342262234  0.0075162467274708612  0.0015084829468711605
260  402.10959541188879  0.0070225598021726341  0.0012105599645404154
261  414.33648740115524  0.0065822151021935086  0.00098136310594901656
262  425.20910590826804  0.0062311287001906293  0.00082095499607594974
263  437.76965438727115  0.0058647059098457868  0.00067371966674409541
264  450.40152911836361  0.0055329078423562378  0.00055716977925976483
265  463.1051351343549  0.0052330207073990869  0.00046410783006028316
266  475.880879768071  0.0049590184912678189  0.00038908613041167969
267  490.64213151261225  0.0046746484520925856  0.0003202973526720027
268  505.48720640905219  0.0044162049444426525  0.00026572791369128431
269  520.41658045501731  0.0041812971424077016  0.00022208222610559252
270  537.66832530597424  0.0039394673432965217  0.00018221786636158816
271  555.01803580741819  0.003714913122046051  0.00015086119884441171
272  572.46626826647991  0.0035130180488192374  0.00012580556379695941
273  590.01358214933236  0.0033290832658554388  0.00010573096690955594
274  610.27785841671857  0.0031373811716715336  8.7301571712061356e-05
275  630.65720727666508  0.0029644541582907642  7.2707276323149658e-05
276  651.15228217967683  0.0028080582792458886  6.1020800443177616e-05
277  674.82522435210922  0.0026451822441046014  5.0360464394995101e-05
278  698.63259554600597  0.0024985291511269657  4.1924211359190716e-05
279  722.57515912916847  0.0023652107674725551  3.519059480398829e-05
280  750.23470870328322  0.0022272901491154243  2.9043241624346189e-05
281  778.05132562273741  0.0021029038010753533  2.4194387157266094e-05
282  810.19098532960913  0.0019747145546409081  1.9821247183950109e-05
283  842.51315310721941  0.0018593162126736391  1.6399702300591973e-05
284  875.01886534475807  0.0017559970714360652  1.3692828073578618e-05
285  912.58107337800107  0.0016490116275356841  1.1247236043129239e-05
286  950.35658193101779  0.0015534191807526515  9.3329452545402326e-06
287  988.34660225080665  0.0014674134054847602  7.8160177408157789e-06
288  1032.2188594124073  0.0013781266024805235  6.4402385247482047e-06
289  1076.3402492993239  0.0012986188151631315  5.3604522129472027e-06
290  1120.7121866350938  0.0012272152562040363  4.5021768551703666e-06
291  1169.7304816780386  0.0011562181683791482  3.7516809886137796e-06
292  1234.4257371822071  0.001073726354516994  2.9940210806820858e-06
293  1304.2165508500395  0.0009968560750619926  2.3872511667787431e-06
294  1376.6472227056254  0.00092748922644854501  1.9174277050669529e-06
295  1453.0376818428413  0.00086376903755008025  1.5457972759088437e-06
296  1529.4281409800572  0.00080810450247675804  1.2644086892117968e-06
297  1605.818600117273  0.00075909897028417152  1.0462567733036205e-06
298  1682.2090592544889  0.00071553825265869403  8.7551070559067842e-07
299  1760.8912321658213  0.00067552443975755236  7.3609392582656717e-07
300  1850.1716594436054  0.0006351593954760582  6.1148471050719243e-07
301  1939.1751362615919  0.00059939790268653847  5.1352702320720842e-07
302  2061.5431291631894  0.00055625813020626733  4.1026740150874003e-07
303  2193.5491275157547  0.00051602113198696267  3.2750384564450029e-07
304  2325.5551258683199  0.00048121016856769684  2.656102000264496e-07
305  2457.5611242208852  0.00045075083673234132  2.18223711404356e-07
306  2589.5671225734504  0.00042390649968728817  1.8157086986215006e-07
307  2721.5731209260157  0.00039995554996125093  1.5257830887918943e-07
308  2853.5791192785809  0.00037856025630090233  1.2948323424340995e-07
309  2985.5851176311462  0.00035938358988476512  1.1079880360024574e-07
310  3117.5911159837115  0.00034194796561928977  9.5517616745939531e-08
311  3249.5971143362767  0.00032608590252873018  8.2929166056247098e-08
312  3381.603112688842  0.00031166741338134544  7.2456482387420547e-08
313  3513.6091110414072  0.00029838807685317  6.3670118063153034e-08
314  3673.8133591511482  0.00028376569543078534  5.4819737744429368e-08
315  3836.1169447619623  0.0002702887201005046  4.74376775430911e-08
316  4013.7582192129976  0.00025691158658799521  4.0808553249414481e-08
317  4233.2608398791199  0.00024208549819570467  3.4209334127661126e-08
318  4486.8403530701125  0.00022688854690835171  2.8250412504190916e-08
319  4741.8598412998399  0.00021340844533106516  2.3566226706432228e-08
320  5036.5124798308689  0.00019970859110243419  1.9361328292781556e-08
321  5332.8383309934807  0.00018748329984245919  1.6085225907516354e-08
322  5675.2597855876593  0.00017512645573248742  1.3150156941308587e-08
323  6009.3895009013204  0.00016442443348087856  1.0943631062996168e-08
324  6343.5192162149815  0.00015497776075563629  9.1997352223460291e-09
325  6839.0855494205698  0.00014266196254549856  7.2361171620720794e-09
326  7334.6518826261581  0.00013202502165775054  5.7938724871700874e-09
327  7830.2182158317464  0.00012280275426736903  4.7102352966117311e-09
328  8325.7845490373347  0.00011464996259415648  3.881393780321805e-09
329  8821.350882242923  0.00010738188921365154  3.2359385768367896e-09
330  9392.3769386686417  0.00010001561036017935  2.657527876669639e-09
331  10039.425104934136  9.2617327311350737e-05  2.1571904241149662e-09
332  10686.473271199631  8.6130060961904812e-05  1.7759267419420259e-09
333  11333.521437465126  8.0370801629679999e-05  1.4782808559962168e-09
334  11980.569603730621  7.5237943477799777e-05  1.2442951229957968e-09
335  12627.617769996115  7.0628752900015569e-05  1.0572074594757618e-09
336  13274.66593626161  6.6466286125543774e-05  9.0563540500497052e-10
337  14147.195021076683  6.1468743997887998e-05  7.4388799825146156e-10
338  15024.678844099481  5.7102736059507341e-05  6.1789801514498879e-10
339  15907.145541275419  5.3198286335114183e-05  5.1835991317234536e-10
340  16926.250178470993  4.9149715321093333e-05  4.28233448576752e-10
341  17951.141896889942  4.55126003959122e-05  3.5762231430242776e-10
342  19134.948372248145  4.1731636087574781e-05  2.9408756420929177e-10
343  20325.477203658524  3.8292776706111312e-05  2.4442798937838343e-10
344  21522.766564650145  3.51081435474501e-05  2.0521955418150184e-10
345  22905.930248015993  3.174392688544084e-05  1.6974320588004299e-10
346  24296.948356029428  2.8554190487791452e-05  1.4178079465769178e-10
347  25904.147706227246  2.5088863656506501e-05  1.1665477050021701e-10
348  27520.473688610105  2.1577192835714356e-05  9.7022386388985676e-11
349  29388.230726392765  1.8438907201996961e-05  7.9459264455923631e-11
350  31022.965746756425  1.5679163210721265e-05  6.739812506837584e-11
351  31645.815892608458  1.3232893630604915e-05  6.3457467829336928e-11
352  32129.595192882851  1.0885435085802286e-05  6.0601288553309781e-11
353  32444.567221100166  9.1824966015789619e-06  5.8833022001825024e-11
354  32689.211857425224  7.6946004295886927e-06  5.7500617853047794e-11
355  32798.607892764914  6.5441935278578706e-06  5.692537903172717e-11
356  32851.458821660468  5.5182859957647313e-06  5.6643403641238764e-11
357  32897.721851544149  4.6356335599435782e-06  5.6397656467207428e-11
358  32959.140924657811  4.0684412094703199e-06  5.6085542675002336e-11
359  33082.676618814548  3.8100181767812911e-06  5.5454797615184267e-11
360  33331.1510251695  3.5052737161538501e-06  5.420253284527604e-11
361  33830.921808301333  2.9867262321746942e-06  5.1812395132432288e-11
362  34493.801688748361  2.4937333995513558e-06  4.885589772627366e-11
363  35259.590984920542  2.0755627446724269e-06  4.5701832806246745e-11
364  36276.257400620154  1.7333082419922615e-06  4.1931404965252082e-11
365  37450.340753608041  1.4439799325631396e-06  3.8077946744258887e-11
366  38806.471797404018  1.2052852650428333e-06  3.4194164262584602e-11
367  40874.641117615836  9.6936291273994651e-07  2.9216872657738067e-11
368  42954.554731203352  8.1783208480470888e-07  2.5152860428479707e-11
369  45356.514618592337  6.8493482950454918e-07  2.1334504814834872e-11
370  48130.910798345052  5.813575470193347e-07  1.7836209093926361e-11
371  51336.020744302201  4.8709453110922789e-07  1.4684203143893888e-11
372  54559.331207566516  4.1734882050268454e-07  1.2216566767295661e-11
373  58283.583575095145  3.5367917473653887e-07  1.001536403351584e-11
374  62028.984458841442  3.0427351811910603e-07  8.3002767080641834e-12
375  65795.65395263744  2.6517190841979347e-07  6.9500938101990563e-12
376  70148.255799492021  2.2782680265778555e-07  5.7310771601932156e-12
377  74525.57430399039  1.9940287196607844e-07  4.776240037346263e-12
378  78927.749821990161  1.764273095921799e-07  4.0187726290207474e-12
379  83801.512095835889  1.5719757731836303e-07  3.3549087568801741e-12
380  90753.038675954143  1.4039562178614894e-07  2.6397579173108898e-12
381  97883.536289614261  1.2951729096630059e-07  2.1019549874821324e-12
382  105014.03390327438  1.2809659598436285e-07  1.7012981085445083e-12
383  111362.84247139914  1.2594151955835423e-07  1.4262651402846181e-12
384  122483.23679000449  1.2529999999999999e-07  1.3659999999999994e-12
385  144850.32183056552  1.2529999999999999e-07  1.3659999999999994e-12
386  189838.51909032164  1.2529999999999999e-07  1.3659999999999994e-12
387  280325.8530013999  1.2529999999999999e-07  1.3659999999999994e-12
388  462328.20244115964  1.2529999999999999e-07  1.3659999999999994e-12
389  828399.93612870679  1.2529999999999999e-07  1.3659999999999994e-12
390  1564700.9488217407  1.2529999999999999e-07  1.3659999999999994e-12
391  3045665.2828654023  1.2529999999999999e-07  1.3659999999999994e-12
392  5891226.9016291015  1.2529999999999999e-07  1.3659999999999994e-12
393  9169800.7657125425  1.2529999999999999e-07  1.3659999999999994e-12
394  12448374.629795983  1.2529999999999999e-07  1.3659999999999994e-12
395  15726948.493879423  1.2529999999999999e-07  1.3659999999999994e-12
396  19005522.357962862  1.2529999999999999e-07  1.3659999999999994e-12
397  22284096.222046301  1.2529999999999999e-07  1.3659999999999994e-12
398  25562670.08612974  1.2529999999999999e-07  1.3659999999999994e-12
399  28841243.950213179  1.2529999999999999e-07  1.3659999999999994e-12
400  32119817.814296618  1.2529999999999999e-07  1.3659999999999994e-12
401  35398391.678380057  1.2529999999999999e-07  1.3659999999999994e-12
402  38676965.542463496  1.2529999999999999e-07  1.3659999999999994e-12
403  41955539.406546935  1.2529999999999999e-07  1.3659999999999994e-12
404  45234113.270630375  1.2529999999999999e-07  1.3659999999999994e-12
405  48512687.134713814  1.2529999999999999e-07  1.3659999999999994e-12
406  51791260.998797253  1.2529999999999999e-07  1.3659999999999994e-12
407  55069834.862880692  1.2529999999999999e-07  1.3659999999999994e-12
408  58348408.726964131  1.2529999999999999e-07  1.3659999999999994e-12
409  61626982.59104757  1.2529999999999999e-07  1.3659999999999994e-12
410  64905556.455131009  1.2529999999999999e-07  1.3659999999999994e-12
411  68184130.319214448  1.2529999999999999e-07  1.3659999999999994e-12
412  72605209.308801696  1.2529999999999999e-07  1.3659999999999994e-12
413  81497578.311013237  1.2529999999999999e-07  1.3659999999999994e-12
414  99383308.617513627  1.2529999999999999e-07  1.3659999999999994e-12
415  135357900.82317975  1.2529999999999999e-07  1.3659999999999994e-12
416  206713185.05615401  1.2529999999999999e-07  1.3659999999999994e-12
417  295550587.73477936  1.2529999999999999e-07  1.3659999999999994e-12
418  384387990.41340464  1.2529999999999999e-07  1.3659999999999994e-12
419  473225393.09202993  1.2529999999999999e-07  1.3659999999999994e-12
420  562062795.77065527  1.2529999999999999e-07  1.3659999999999994e-12
421  650900198.44928086  1.2529999999999999e-07  1.3659999999999994e-12
422  739737601.12790644  1.2529999999999999e-07  1.3659999999999994e-12
423  828575003.80653203  1.2529999999999999e-07  1.3659999999999994e-12
424  917412406.48515761  1.2529999999999999e-07  1.3659999999999994e-12
425  1006249809.1637832  1.2529999999999999e-07  1.3659999999999994e-12
426  1095087211.8424087  1.2529999999999999e-07  1.3659999999999994e-12
427  1183924614.5210342  1.2529999999999999e-07  1.3659999999999994e-12
428  1272762017.1996598  1.2529999999999999e-07  1.3659999999999994e-12
429  1361599419.8782854  1.2529999999999999e-07  1.3659999999999994e-12
430  1450436822.556911  1.2529999999999999e-07  1.3659999999999994e-12
431  1539274225.2355366  1.2529999999999999e-07  1.3659999999999994e-12
432  1628111627.9141622  1.2529999999999999e-07  1.3659999999999994e-12
433  1716949030.5927877  1.2529999999999999e-07  1.3659999999999994e-12
434  1805786433.2714133  1.2529999999999999e-07  1.3659999999999994e-12
435  1894623835.9500389  1.2529999999999999e-07  1.3659999999999994e-12
436  1983461238.6286645  1.2529999999999999e-07  1.3659999999999994e-12
437  2103256366.2524772  1.2529999999999999e-07  1.3659999999999994e-12
438  2344207157.2261124  1.2529999999999999e-07  1.3659999999999994e-12
439  2762480522.2466087  1.2529999999999999e-07  1.3659999999999994e-12
440  3202035060.7816267  1.2529999999999999e-07  1.3659999999999994e-12
441  3728918097.2600884  1.2529999999999999e-07  1.3659999999999994e-12
442  4765604570.5994577  1.2529999999999999e-07  1.3659999999999994e-12
443  6850751359.9346237  1.2529999999999999e-07  1.3659999999999994e-12
444  11044726341.656458  1.2529999999999999e-07  1.3659999999999994e-12
445  19480308065.337845  1.2529999999999999e-07  1.3659999999999994e-12
446  36447275996.008041  1.2529999999999999e-07  1.3659999999999994e-12
447  70573908893.443542  1.2529999999999999e-07  1.3659999999999994e-12
448  139214757256.87433  1.2529999999999999e-07  1.3659999999999994e-12
449  277276020968.75842  1.2529999999999999e-07  1.3659999999999994e-12
450  554966536050.98926  1.2529999999999999e-07  1.3659999999999994e-12
451  1113501349462.2114  1.2529999999999999e-07  1.3659999999999994e-12
452  2236914360885.8438  1.2529999999999999e-07  1.3659999999999994e-12
453  4496499195943.7852  1.2529999999999999e-07  1.3659999999999994e-12
454  7957817758049.4385  1.2529999999999999e-07  1.3659999999999994e-12
455  11441879337676.506  1.2529999999999999e-07  1.3659999999999994e-12
456  14925940917303.574  1.2529999999999999e-07  1.3659999999999994e-12
457  18410002496930.641  1.2529999999999999e-07  1.3659999999999994e-12
458  21894064076557.711  1.2529999999999999e-07  1.3659999999999994e-12
459  25482647503573.594  1.2529999999999999e-07  1.3659999999999994e-12
460  31695983006945.004  1.2529999999999999e-07  1.3659999999999994e-12
461  44193220030000  1.2529999999999999e-07  1.3659999999999994e-12
462  66881122551056.023  1.2529999999999999e-07  1.3659999999999994e-12
463  91335196155204.5  1.2529999999999999e-07  1.3659999999999994e-12
464  115789269759352.98  1.2529999999999999e-07  1.3659999999999994e-12
465  140243343363501.45  1.2529999999999999e-07  1.3659999999999994e-12
466  164697416967649.91  1.2529999999999999e-07  1.3659999999999994e-12
467  189151490571798.34  1.2529999999999999e-07  1.3659999999999994e-12
468  213605564175946.78  1.2529999999999999e-07  1.3659999999999994e-12
469  238059637780095.22  1.2529999999999999e-07  1.3659999999999994e-12
470  262513711384243.66  1.2529999999999999e-07  1.3659999999999994e-12
471  286967784988392.12  1.2529999999999999e-07  1.3659999999999994e-12
472  311421858592540.56  1.2529999999999999e-07  1.3659999999999994e-12
473  335875932196689  1.2529999999999999e-07  1.3659999999999994e-12
474  360330005800837.44  1.2529999999999999e-07  1.3659999999999994e-12
475  384784079404985.88  1.2529999999999999e-07  1.3659999999999994e-12
476  409238153009134.31  1.2529999999999999e-07  1.3659999999999994e-12
477  433692226613282.75  1.2529999999999999e-07  1.3659999999999994e-12
478  458146300217431.19  1.2529999999999999e-07  1.3659999999999994e-12
479  482600373821579.62  1.2529999999999999e-07  1.3659999999999994e-12
480  507054447425728.06  1.2529999999999999e-07  1.3659999999999994e-12
481  540030184896674.12  1.2529999999999999e-07  1.3659999999999994e-12
482  606356171471974.75  1.2529999999999999e-07  1.3659999999999994e-12
483  739761421288233.75  1.2529999999999999e-07  1.3659999999999994e-12
484  1008087029356399.5  1.2529999999999999e-07  1.3659999999999994e-12
485  1547785669734612.5  1.2529999999999999e-07  1.3659999999999994e-12
486  2633312409143308  1.2529999999999999e-07  1.3659999999999994e-12
487  3150000000000000  1.2529999999999999e-07  1.3659999999999994e-12
