1  1.00546e-14  1.88109e-05
2  3.78089e-14  1.88109e-05
3  7.60472e-14  1.88109e-05
4  1.52958e-13  1.88109e-05
5  3.07652e-13  1.88109e-05
6  6.18794e-13  1.88109e-05
7  1.2446e-12  1.88109e-05
8  2.50322e-12  1.88109e-05
9  5.03436e-12  1.8811e-05
10  1.01237e-11  1.88114e-05
11  1.72325e-11  1.88123e-05
12  2.43414e-11  1.88138e-05
13  3.14508e-11  1.88157e-05
14  3.85608e-11  1.8818e-05
15  4.56716e-11  1.88209e-05
16  5.27833e-11  1.88242e-05
17  5.98962e-11  1.8828e-05
18  6.70104e-11  1.88323e-05
19  7.41261e-11  1.8837e-05
20  8.12434e-11  1.88422e-05
21  9.08684e-11  1.88501e-05
22  1.10244e-10  1.88686e-05
23  1.49298e-10  1.89171e-05
24  2.17051e-10  1.90356e-05
25  3.17131e-10  1.92862e-05
26  4.66614e-10  1.98162e-05
27  6.95215e-10  2.09372e-05
28  1.061e-09  2.3308e-05
29  1.69434e-09  2.83219e-05
30  2.929e-09  3.89269e-05
31  5.6879e-09  6.11892e-05
32  1.18182e-08  0.000102385
33  2.55485e-08  0.000174006
34  5.52148e-08  0.000290397
35  1.19095e-07  0.000475972
36  2.56545e-07  0.00076816
37  5.52337e-07  0.00122364
38  1.18201e-06  0.00192228
39  2.31733e-06  0.00285333
40  3.93803e-06  0.0038941
41  6.14381e-06  0.00506239
42  9.22509e-06  0.00645199
43  1.4519e-05  0.00849652
44  2.3938e-05  0.0116045
45  3.86186e-05  0.0157726
46  6.0775e-05  0.021182
47  9.09619e-05  0.0274961
48  0.000131129  0.0346771
49  0.000184979  0.042225
50  0.000256388  0.0486949
51  0.000337457  0.0524329
52  0.000417206  0.0541368
53  0.000503037  0.0549942
54  0.000597301  0.0554776
55  0.000701678  0.0557609
56  0.000816635  0.0559202
57  0.000942198  0.0559973
58  0.00107844  0.0560158
59  0.00122586  0.05599
60  0.00138633  0.0559276
61  0.00156528  0.0558297
62  0.00177766  0.0556866
63  0.00207193  0.055454
64  0.00267735  0.0548884
65  0.0038329  0.0535934
66  0.00525812  0.0516869
67  0.00689839  0.0490284
68  0.00866968  0.0453674
69  0.0102732  0.0407916
70  0.0113592  0.0360881
71  0.0119749  0.0310934
72  0.0120583  0.025589
73  0.0116465  0.0209198
74  0.010963  0.0171363
75  0.0101497  0.0140573
76  0.00929038  0.0115462
77  0.00843351  0.00949511
78  0.00760706  0.00781727
79  0.00682675  0.00644283
80  0.00610082  0.00531539
81  0.0051486  0.00402978
82  0.0033838  0.00212639
83  0.00202078  0.00101046
84  0.00118641  0.000484881
85  0.000682254  0.000235028
86  0.000379219  0.000115381
87  0.000197455  5.76804e-05
88  9.79681e-05  3.16755e-05
89  5.00646e-05  2.04976e-05
90  2.80905e-05  1.46377e-05
91  2.184e-05  1.1726e-05
92  2.01487e-05  1.00766e-05
93  1.92045e-05  8.76194e-06
94  1.78723e-05  7.48652e-06
95  1.5772e-05  6.0591e-06
96  1.26876e-05  4.37613e-06
97  9.67583e-06  2.96756e-06
98  7.41754e-06  2.03651e-06
99  5.76657e-06  1.42567e-06
100  4.54034e-06  1.01585e-06
101  3.62366e-06  7.3766e-07
102  2.93063e-06  5.45543e-07
103  2.39702e-06  4.09803e-07
104  1.97852e-06  3.11766e-07
105  1.63491e-06  2.37509e-07
106  1.13504e-06  1.41215e-07
107  6.82476e-07  6.81518e-08
108  4.14882e-07  3.30293e-08
109  2.55661e-07  1.60479e-08
110  1.60749e-07  7.83703e-09
111  1.05684e-07  3.97147e-09
112  7.30954e-08  2.11185e-09
113  5.31066e-08  1.18164e-09
114  3.98555e-08  6.84065e-10
115  2.6934e-08  3.25743e-10
116  1.94285e-08  1.93241e-10
117  1.60744e-08  1.56829e-10
118  1.43948e-08  1.43558e-10
119  1.33776e-08  1.36654e-10
120  1.26838e-08  1.3246e-10
121  1.22448e-08  1.3064e-10
122  1.1986e-08  1.31069e-10
123  1.19053e-08  1.3471e-10
124  1.2034e-08  1.42869e-10
125  1.26668e-08  1.65791e-10
126  1.40802e-08  2.13809e-10
127  1.65806e-08  3.05817e-10
128  2.11147e-08  4.9706e-10
129  3.07391e-08  9.84746e-10
130  5.16216e-08  2.30378e-09
131  8.55932e-08  4.92192e-09
132  1.32306e-07  9.02597e-09
133  1.91395e-07  1.42689e-08
134  2.03878e-07  1.41429e-08
135  1.85241e-07  1.12794e-08
136  1.72466e-07  9.402e-09
137  1.77416e-07  9.11996e-09
138  1.99698e-07  9.97209e-09
139  2.96533e-07  1.61884e-08
140  4.16782e-07  2.43013e-08
141  6.28873e-07  4.02453e-08
142  9.27995e-07  6.42366e-08
143  1.3858e-06  1.03424e-07
144  2.17573e-06  1.78415e-07
145  3.52369e-06  3.21814e-07
146  5.59336e-06  5.73307e-07
147  8.39772e-06  9.64698e-07
148  1.18353e-05  1.50148e-06
149  1.62863e-05  2.2872e-06
150  2.16564e-05  3.34335e-06
151  2.86551e-05  4.88618e-06
152  3.6741e-05  6.86367e-06
153  4.68748e-05  9.60901e-06
154  5.92446e-05  1.33135e-05
155  7.41085e-05  1.82545e-05
156  9.1817e-05  2.46982e-05
157  0.000117638  3.51968e-05
158  0.000160337  5.50699e-05
159  0.000213626  8.36938e-05
160  0.000278863  0.000124072
161  0.000357142  0.000179891
162  0.000449931  0.000256479
163  0.00055718  0.000358575
164  0.000677932  0.000492227
165  0.000810527  0.000662306
166  0.000950959  0.000875287
167  0.00109749  0.00113264
168  0.00124712  0.00143959
169  0.00140908  0.00183353
170  0.00159346  0.00237877
171  0.00176526  0.00300862
172  0.00193056  0.00377218
173  0.00207356  0.00461115
174  0.00219501  0.00551633
175  0.00229522  0.00647042
176  0.00237651  0.0074606
177  0.00244184  0.00847811
178  0.00249527  0.00955333
179  0.00253695  0.010659
180  0.0025678  0.0117303
181  0.00259083  0.012769
182  0.00260768  0.0137551
183  0.00261991  0.0146868
184  0.00262971  0.0156664
185  0.00263791  0.0167844
186  0.00264318  0.017781
187  0.00264662  0.0186673
188  0.0026489  0.0194541
189  0.00265043  0.0201519
190  0.00265147  0.0207704
191  0.00265219  0.0213184
192  0.00265268  0.0218038
193  0.00265306  0.0222952
194  0.00265334  0.0227757
195  0.00265351  0.0231853
196  0.00265362  0.0235392
197  0.00265369  0.023857
198  0.00265373  0.0241246
199  0.00265375  0.02435
200  0.00265377  0.0245527
201  0.00265378  0.0247421
202  0.00265378  0.0248956
203  0.00265378  0.0250277
204  0.00265379  0.0251441
205  0.00265379  0.0252365
206  0.00265379  0.0253095
207  0.00265379  0.0253657
208  0.00265379  0.025409
209  0.00265379  0.0254423
210  0.00265379  0.0254742
211  0.00265379  0.0254999
212  0.00265379  0.0255173
213  0.00265379  0.0255291
214  0.00265379  0.0255371
215  0.00265379  0.0255425
216  0.00265379  0.0255461
217  0.00265379  0.0255486
218  0.00265379  0.0255503
219  0.00265379  0.0255515
220  0.00265379  0.0255523
221  0.00265379  0.0255528
222  0.00265379  0.0255532
223  0.00265379  0.0255534
224  0.00265379  0.0255535
225  0.00265379  0.0255536
226  0.00265379  0.0255537
227  0.00265379  0.0255537
228  0.00265379  0.0255538
229  0.00265379  0.0255538
230  0.00265379  0.0255538
231  0.00265379  0.0255538
232  0.00265379  0.0255538
233  0.00265379  0.0255538
234  0.00265379  0.0255538
235  0.00265379  0.0255538
236  0.00265379  0.0255538
237  0.00265379  0.0255538
238  0.00265379  0.0255538
239  0.00265379  0.0255538
240  0.00265379  0.0255538
241  0.00265379  0.0255538
242  0.00265379  0.0255538
243  0.00265379  0.0255538
244  0.00265379  0.0255538
245  0.00265379  0.0255538
246  0.00265379  0.0255538
247  0.00265379  0.0255538
248  0.00265379  0.0255538
249  0.00265379  0.0255538
250  0.00265379  0.0255538
251  0.00265379  0.0255538
252  0.00265379  0.0255538
253  0.00265379  0.0255538
254  0.00265379  0.0255538
255  0.00265379  0.0255538
256  0.00265379  0.0255538
257  0.00265379  0.0255538
258  0.00265379  0.0255538
259  0.00265379  0.0255538
260  0.00265379  0.0255538
261  0.00265379  0.0255538
262  0.00265379  0.0255538
263  0.00265379  0.0255538
264  0.00265379  0.0255538
265  0.00265379  0.0255538
266  0.00265379  0.0255538
267  0.00265379  0.0255538
268  0.00265379  0.0255538
269  0.00265379  0.0255538
270  0.00265379  0.0255538
271  0.00265379  0.0255538
272  0.00265379  0.0255538
273  0.00265379  0.0255538
274  0.00265379  0.0255538
275  0.00265379  0.0255538
276  0.00265379  0.0255538
277  0.00265379  0.0255538
278  0.00265379  0.0255538
279  0.00265379  0.0255538
280  0.00265379  0.0255538
281  0.00265379  0.0255538
282  0.00265379  0.0255538
283  0.00265379  0.0255538
284  0.00265379  0.0255538
285  0.00265379  0.0255538
286  0.00265379  0.0255538
287  0.00265379  0.0255538
288  0.00265379  0.0255538
289  0.00265379  0.0255538
290  0.00265379  0.0255538
291  0.00265379  0.0255538
292  0.00265379  0.0255538
293  0.00265379  0.0255538
294  0.00265379  0.0255538
295  0.00265379  0.0255538
296  0.00265379  0.0255538
297  0.00265379  0.0255538
298  0.00265379  0.0255538
299  0.00265379  0.0255538
300  0.00265379  0.0255538
301  0.00265379  0.0255538
302  0.00265379  0.0255538
303  0.00265379  0.0255538
304  0.00265379  0.0255538
305  0.00265379  0.0255538
306  0.00265379  0.0255538
307  0.00265379  0.0255538
308  0.00265379  0.0255538
309  0.00265379  0.0255538
310  0.00265379  0.0255538
311  0.00265379  0.0255538
312  0.00265379  0.0255538
313  0.00265379  0.0255538
314  0.00265379  0.0255538
315  0.00265379  0.0255538
316  0.00265379  0.0255538
317  0.00265379  0.0255538
318  0.00265379  0.0255538
319  0.00265379  0.0255538
320  0.00265379  0.0255538
321  0.00265379  0.0255538
322  0.00265379  0.0255538
323  0.00265379  0.0255538
324  0.00265379  0.0255538
325  0.00265379  0.0255538
326  0.00265379  0.0255538
327  0.00265379  0.0255538
328  0.00265379  0.0255538
329  0.00265379  0.0255538
330  0.00265379  0.0255538
331  0.00265379  0.0255538
332  0.00265379  0.0255538
333  0.00265379  0.0255538
334  0.00265379  0.0255538
335  0.00265379  0.0255538
336  0.00265379  0.0255538
337  0.00265379  0.0255538
338  0.00265379  0.0255538
339  0.00265379  0.0255538
340  0.00265379  0.0255538
341  0.00265379  0.0255538
342  0.00265379  0.0255538
343  0.00265379  0.0255538
344  0.00265379  0.0255538
345  0.00265379  0.0255538
346  0.00265379  0.0255538
347  0.00265379  0.0255538
348  0.00265379  0.0255538
349  0.00265379  0.0255538
350  0.00265379  0.0255538
351  0.00265379  0.0255538
352  0.00265379  0.0255538
353  0.00265379  0.0255538
354  0.00265379  0.0255538
355  0.00265379  0.0255538
356  0.00265379  0.0255538
357  0.00265379  0.0255538
358  0.00265379  0.0255538
359  0.00265379  0.0255538
360  0.00265379  0.0255538
361  0.00265379  0.0255538
362  0.00265379  0.0255538
363  0.00265379  0.0255538
364  0.00265379  0.0255538
365  0.00265379  0.0255538
366  0.00265379  0.0255538
367  0.00265379  0.0255538
368  0.00265379  0.0255538
369  0.00265379  0.0255538
370  0.00265379  0.0255538
371  0.00265379  0.0255538
372  0.00265379  0.0255538
373  0.00265379  0.0255538
374  0.00265379  0.0255538
375  0.00265379  0.0255538
376  0.00265379  0.0255538
377  0.00265379  0.0255538
378  0.00265379  0.0255538
379  0.00265379  0.0255538
380  0.00265378  0.0255538
381  0.00265378  0.0255538
382  0.00265378  0.0255538
383  0.00265378  0.0255538
384  0.00265378  0.0255538
385  0.00265378  0.0255538
386  0.00265378  0.0255538
387  0.00265378  0.0255538
388  0.00265378  0.0255538
389  0.00265378  0.0255538
390  0.00265378  0.0255538
391  0.00265378  0.0255538
392  0.00265378  0.0255538
393  0.00265378  0.0255538
394  0.00265378  0.0255538
395  0.00265378  0.0255538
396  0.00265378  0.0255538
397  0.00265378  0.0255538
398  0.00265377  0.0255538
399  0.00265376  0.0255538
400  0.00265376  0.0255538
401  0.00265375  0.0255538
402  0.00265374  0.0255538
403  0.00265373  0.0255538
404  0.00265373  0.0255538
405  0.00265372  0.0255538
406  0.00265371  0.0255538
407  0.00265371  0.0255538
408  0.0026537  0.0255538
409  0.00265369  0.0255538
410  0.00265368  0.0255538
411  0.00265368  0.0255538
412  0.00265367  0.0255538
413  0.00265366  0.0255538
414  0.00265365  0.0255538
415  0.00265365  0.0255538
416  0.00265364  0.0255538
417  0.00265363  0.0255538
418  0.00265363  0.0255538
419  0.00265362  0.0255538
420  0.0026536  0.0255538
421  0.00265356  0.0255538
422  0.00265353  0.0255538
423  0.00265348  0.0255538
424  0.0026534  0.0255538
425  0.00265323  0.0255538
426  0.00265289  0.0255538
427  0.0026522  0.0255538
428  0.00265082  0.0255538
429  0.00264805  0.0255538
430  0.00264248  0.0255538
431  0.00263132  0.0255538
432  0.00260903  0.0255538
433  0.00256479  0.0255538
434  0.00247823  0.0255538
435  0.00231345  0.0255538
436  0.00208276  0.0255538
437  0.00187379  0.0255538
438  0.00168579  0.0255538
439  0.00151665  0.0255538
440  0.00136448  0.0255538
441  0.00122374  0.0255538
442  0.00101513  0.0255538
443  0.000702019  0.0255538
444  0.000366088  0.0255538
445  0.000182011  0.0255538
446  9.04914e-05  0.0255538
447  4.49902e-05  0.0255538
448  2.23681e-05  0.0255538
449  1.11209e-05  0.0255538
450  5.52905e-06  0.0255538
451  2.74892e-06  0.0255538
452  1.3667e-06  0.0255538
453  6.7949e-07  0.0255538
454  3.37827e-07  0.0255538
455  1.6796e-07  0.0255538
456  8.35056e-08  0.0255538
457  4.1517e-08  0.0255538
458  2.06413e-08  0.0255538
459  1.02624e-08  0.0255538
460  5.10221e-09  0.0255538
461  2.5367e-09  0.0255538
462  8.94596e-10  0.0255538
463  1.32568e-10  0.0255538
464  4.92126e-12  0.0255538
465  2.5317e-14  0.0255538
466  1.04793e-17  0.0255538
467  2.32443e-22  0.0255538
468  2.97436e-23  0.0255538
