1  1.00546e-14  1.88109e-05
2  3.78089e-14  1.88109e-05
3  7.60472e-14  1.88109e-05
4  1.52958e-13  1.88109e-05
5  3.07652e-13  1.88109e-05
6  6.18794e-13  1.88109e-05
7  1.2446e-12  1.88109e-05
8  2.50322e-12  1.88109e-05
9  5.03436e-12  1.8811e-05
10  1.01237e-11  1.88114e-05
11  1.72325e-11  1.88123e-05
12  2.43414e-11  1.88138e-05
13  3.14508e-11  1.88157e-05
14  3.85608e-11  1.8818e-05
15  4.56716e-11  1.88209e-05
16  5.27833e-11  1.88242e-05
17  5.98962e-11  1.8828e-05
18  6.70104e-11  1.88323e-05
19  7.41261e-11  1.8837e-05
20  8.12434e-11  1.88422e-05
21  9.08684e-11  1.88501e-05
22  1.10244e-10  1.88686e-05
23  1.49298e-10  1.89171e-05
24  2.17051e-10  1.90356e-05
25  3.17131e-10  1.92862e-05
26  4.66614e-10  1.98162e-05
27  6.95215e-10  2.09372e-05
28  1.061e-09  2.3308e-05
29  1.69434e-09  2.83219e-05
30  2.929e-09  3.89269e-05
31  5.6879e-09  6.11892e-05
32  1.18182e-08  0.000102385
33  2.55485e-08  0.000174006
34  5.52148e-08  0.000290397
35  1.19095e-07  0.000475972
36  2.56545e-07  0.00076816
37  5.52337e-07  0.00122364
38  1.18201e-06  0.00192228
39  2.31733e-06  0.00285333
40  3.93803e-06  0.0038941
41  6.14381e-06  0.00506239
42  9.22509e-06  0.00645199
43  1.45193e-05  0.00849662
44  2.3941e-05  0.0116054
45  3.86288e-05  0.0157753
46  6.0801e-05  0.0211878
47  9.10179e-05  0.0275069
48  0.000131248  0.0346965
49  0.000185214  0.0422524
50  0.000230258  0.0468046
51  0.00027801  0.050059
52  0.000341259  0.0525802
53  0.000421453  0.0541644
54  0.000507996  0.054971
55  0.000603172  0.05543
56  0.000708533  0.0556989
57  0.000824466  0.0558491
58  0.000950978  0.0559199
59  0.00108816  0.055934
60  0.00123656  0.0559048
61  0.00139823  0.0558394
62  0.00157906  0.0557384
63  0.0017953  0.0555908
64  0.00210083  0.0553464
65  0.00275595  0.054725
66  0.00361627  0.0537748
67  0.00464218  0.0524785
68  0.00581628  0.0507772
69  0.00710455  0.0485959
70  0.00845158  0.0458411
71  0.00977203  0.0424065
72  0.0109416  0.0381897
73  0.0117658  0.0333489
74  0.0121008  0.0279605
75  0.0118744  0.0228326
76  0.0112871  0.0186893
77  0.0105171  0.0153223
78  0.00967008  0.0125786
79  0.00880758  0.0103389
80  0.00796519  0.00850794
81  0.00716325  0.00700894
82  0.00641282  0.00578004
83  0.00564163  0.00466661
84  0.0041618  0.00289635
85  0.00252442  0.00138599
86  0.00149321  0.000662423
87  0.000867188  0.000319641
88  0.000490336  0.00015602
89  0.000263967  7.73238e-05
90  0.000131831  4.00486e-05
91  6.63707e-05  2.4303e-05
92  3.50593e-05  1.67958e-05
93  2.36244e-05  1.27917e-05
94  2.08485e-05  1.08171e-05
95  2.00577e-05  9.78004e-06
96  1.94516e-05  8.90762e-06
97  1.86813e-05  8.07632e-06
98  1.75467e-05  7.16232e-06
99  1.55658e-05  5.89028e-06
100  1.26071e-05  4.30687e-06
101  9.60123e-06  2.91585e-06
102  7.36377e-06  2.00153e-06
103  5.72802e-06  1.40152e-06
104  4.51333e-06  9.99137e-07
105  3.60584e-06  7.26158e-07
106  2.91925e-06  5.37508e-07
107  2.3898e-06  4.0403e-07
108  1.97399e-06  3.07518e-07
109  1.63224e-06  2.34354e-07
110  1.13462e-06  1.39419e-07
111  6.83223e-07  6.72889e-08
112  4.16039e-07  3.26047e-08
113  2.56956e-07  1.5837e-08
114  1.6199e-07  7.72256e-09
115  1.04738e-07  3.77357e-09
116  6.79825e-08  1.76164e-09
117  4.38939e-08  7.56155e-10
118  2.95117e-08  3.30446e-10
119  2.09525e-08  1.69456e-10
120  1.65572e-08  1.24805e-10
121  1.4519e-08  1.14196e-10
122  1.33733e-08  1.10734e-10
123  1.26233e-08  1.09343e-10
124  1.21347e-08  1.09352e-10
125  1.18511e-08  1.10982e-10
126  1.17324e-08  1.15018e-10
127  1.18158e-08  1.22674e-10
128  1.22862e-08  1.40971e-10
129  1.35336e-08  1.82611e-10
130  1.57735e-08  2.61931e-10
131  1.98464e-08  4.26873e-10
132  2.8363e-08  8.41306e-10
133  4.46736e-08  1.82143e-09
134  7.19372e-08  3.81333e-09
135  1.16266e-07  7.5842e-09
136  1.76892e-07  1.30601e-08
137  2.06285e-07  1.47547e-08
138  1.89783e-07  1.18896e-08
139  1.78185e-07  1.01076e-08
140  1.75096e-07  9.29014e-09
141  1.83329e-07  9.31253e-09
142  2.09584e-07  1.05357e-08
143  3.1754e-07  1.75197e-08
144  4.66596e-07  2.78975e-08
145  7.07865e-07  4.62632e-08
146  1.02547e-06  7.21139e-08
147  1.49132e-06  1.1232e-07
148  2.32081e-06  1.91341e-07
149  3.72219e-06  3.42309e-07
150  5.70091e-06  5.83217e-07
151  8.36914e-06  9.52959e-07
152  1.1647e-05  1.45857e-06
153  1.59116e-05  2.20073e-06
154  2.10656e-05  3.19779e-06
155  2.7702e-05  4.63437e-06
156  3.54145e-05  6.48268e-06
157  4.5026e-05  9.03145e-06
158  5.69144e-05  1.25281e-05
159  7.09658e-05  1.70969e-05
160  8.81238e-05  2.32283e-05
161  0.000108239  3.11735e-05
162  0.000141895  4.60409e-05
163  0.000198349  7.50301e-05
164  0.000266603  0.000116167
165  0.000348412  0.000173519
166  0.000444978  0.000252716
167  0.000555989  0.000358586
168  0.000680249  0.000497149
169  0.000815826  0.000673255
170  0.000957209  0.000891102
171  0.00110409  0.00115407
172  0.0012574  0.00147612
173  0.00143015  0.00191098
174  0.00159291  0.00240673
175  0.00174267  0.0029596
176  0.0018771  0.00356232
177  0.00199568  0.00420743
178  0.00209967  0.00489152
179  0.00221034  0.00579798
180  0.0023024  0.00676102
181  0.00237657  0.00775378
182  0.00243587  0.00876892
183  0.00248542  0.00987464
184  0.00252214  0.0109561
185  0.00254954  0.0120081
186  0.00256998  0.0130252
187  0.00258468  0.013976
188  0.00259569  0.014901
189  0.00260367  0.0157682
190  0.00261085  0.0168109
191  0.00261573  0.0177834
192  0.00261891  0.0186479
193  0.00262103  0.0194153
194  0.00262245  0.0200959
195  0.00262342  0.0206991
196  0.00262408  0.0212335
197  0.00262454  0.0217068
198  0.00262487  0.0221376
199  0.00262513  0.0226129
200  0.0026253  0.0230181
201  0.0026254  0.0233635
202  0.00262547  0.0236664
203  0.00262551  0.0239342
204  0.00262554  0.0241597
205  0.00262555  0.0243625
206  0.00262556  0.0245519
207  0.00262557  0.0247055
208  0.00262557  0.0248376
209  0.00262557  0.024954
210  0.00262557  0.0250465
211  0.00262557  0.0251183
212  0.00262557  0.0251748
213  0.00262557  0.0252183
214  0.00262557  0.0252518
215  0.00262557  0.0252783
216  0.00262557  0.0253053
217  0.00262557  0.0253242
218  0.00262557  0.025337
219  0.00262557  0.0253457
220  0.00262557  0.0253516
221  0.00262557  0.0253555
222  0.00262557  0.0253582
223  0.00262557  0.02536
224  0.00262557  0.0253614
225  0.00262557  0.0253623
226  0.00262557  0.0253629
227  0.00262557  0.0253632
228  0.00262557  0.0253635
229  0.00262557  0.0253636
230  0.00262557  0.0253637
231  0.00262557  0.0253638
232  0.00262557  0.0253638
233  0.00262557  0.0253638
234  0.00262557  0.0253639
235  0.00262557  0.0253639
236  0.00262557  0.0253639
237  0.00262557  0.0253639
238  0.00262557  0.0253639
239  0.00262557  0.0253639
240  0.00262557  0.0253639
241  0.00262557  0.0253639
242  0.00262557  0.0253639
243  0.00262557  0.0253639
244  0.00262557  0.0253639
245  0.00262557  0.0253639
246  0.00262557  0.0253639
247  0.00262557  0.0253639
248  0.00262557  0.0253639
249  0.00262557  0.0253639
250  0.00262557  0.0253639
251  0.00262557  0.0253639
252  0.00262557  0.0253639
253  0.00262557  0.0253639
254  0.00262557  0.0253639
255  0.00262557  0.0253639
256  0.00262557  0.0253639
257  0.00262557  0.0253639
258  0.00262557  0.0253639
259  0.00262557  0.0253639
260  0.00262557  0.0253639
261  0.00262557  0.0253639
262  0.00262557  0.0253639
263  0.00262557  0.0253639
264  0.00262557  0.0253639
265  0.00262557  0.0253639
266  0.00262557  0.0253639
267  0.00262557  0.0253639
268  0.00262557  0.0253639
269  0.00262557  0.0253639
270  0.00262557  0.0253639
271  0.00262557  0.0253639
272  0.00262557  0.0253639
273  0.00262557  0.0253639
274  0.00262557  0.0253639
275  0.00262557  0.0253639
276  0.00262557  0.0253639
277  0.00262557  0.0253639
278  0.00262557  0.0253639
279  0.00262557  0.0253639
280  0.00262557  0.0253639
281  0.00262557  0.0253639
282  0.00262557  0.0253639
283  0.00262557  0.0253639
284  0.00262557  0.0253639
285  0.00262557  0.0253639
286  0.00262557  0.0253639
287  0.00262557  0.0253639
288  0.00262557  0.0253639
289  0.00262557  0.0253639
290  0.00262557  0.0253639
291  0.00262557  0.0253639
292  0.00262557  0.0253639
293  0.00262557  0.0253639
294  0.00262557  0.0253639
295  0.00262557  0.0253639
296  0.00262557  0.0253639
297  0.00262557  0.0253639
298  0.00262557  0.0253639
299  0.00262557  0.0253639
300  0.00262557  0.0253639
301  0.00262557  0.0253639
302  0.00262557  0.0253639
303  0.00262557  0.0253639
304  0.00262557  0.0253639
305  0.00262557  0.0253639
306  0.00262557  0.0253639
307  0.00262557  0.0253639
308  0.00262557  0.0253639
309  0.00262557  0.0253639
310  0.00262557  0.0253639
311  0.00262557  0.0253639
312  0.00262557  0.0253639
313  0.00262557  0.0253639
314  0.00262557  0.0253639
315  0.00262557  0.0253639
316  0.00262557  0.0253639
317  0.00262557  0.0253639
318  0.00262557  0.0253639
319  0.00262557  0.0253639
320  0.00262557  0.0253639
321  0.00262557  0.0253639
322  0.00262557  0.0253639
323  0.00262557  0.0253639
324  0.00262557  0.0253639
325  0.00262557  0.0253639
326  0.00262557  0.0253639
327  0.00262557  0.0253639
328  0.00262557  0.0253639
329  0.00262557  0.0253639
330  0.00262557  0.0253639
331  0.00262557  0.0253639
332  0.00262557  0.0253639
333  0.00262557  0.0253639
334  0.00262557  0.0253639
335  0.00262557  0.0253639
336  0.00262557  0.0253639
337  0.00262557  0.0253639
338  0.00262557  0.0253639
339  0.00262557  0.0253639
340  0.00262557  0.0253639
341  0.00262557  0.0253639
342  0.00262557  0.0253639
343  0.00262557  0.0253639
344  0.00262557  0.0253639
345  0.00262557  0.0253639
346  0.00262557  0.0253639
347  0.00262557  0.0253639
348  0.00262557  0.0253639
349  0.00262557  0.0253639
350  0.00262557  0.0253639
351  0.00262557  0.0253639
352  0.00262557  0.0253639
353  0.00262557  0.0253639
354  0.00262557  0.0253639
355  0.00262557  0.0253639
356  0.00262557  0.0253639
357  0.00262557  0.0253639
358  0.00262557  0.0253639
359  0.00262557  0.0253639
360  0.00262557  0.0253639
361  0.00262557  0.0253639
362  0.00262557  0.0253639
363  0.00262557  0.0253639
364  0.00262557  0.0253639
365  0.00262557  0.0253639
366  0.00262557  0.0253639
367  0.00262557  0.0253639
368  0.00262557  0.0253639
369  0.00262557  0.0253639
370  0.00262557  0.0253639
371  0.00262557  0.0253639
372  0.00262557  0.0253639
373  0.00262557  0.0253639
374  0.00262557  0.0253639
375  0.00262557  0.0253639
376  0.00262557  0.0253639
377  0.00262557  0.0253639
378  0.00262557  0.0253639
379  0.00262557  0.0253639
380  0.00262557  0.0253639
381  0.00262557  0.0253639
382  0.00262557  0.0253639
383  0.00262557  0.0253639
384  0.00262557  0.0253639
385  0.00262557  0.0253639
386  0.00262557  0.0253639
387  0.00262557  0.0253639
388  0.00262557  0.0253639
389  0.00262557  0.0253639
390  0.00262557  0.0253639
391  0.00262557  0.0253639
392  0.00262557  0.0253639
393  0.00262557  0.0253639
394  0.00262557  0.0253639
395  0.00262557  0.0253639
396  0.00262557  0.0253639
397  0.00262557  0.0253639
398  0.00262557  0.0253639
399  0.00262557  0.0253639
400  0.00262557  0.0253639
401  0.00262557  0.0253639
402  0.00262557  0.0253639
403  0.00262556  0.0253639
404  0.00262556  0.0253639
405  0.00262556  0.0253639
406  0.00262555  0.0253639
407  0.00262554  0.0253639
408  0.00262553  0.0253639
409  0.00262553  0.0253639
410  0.00262552  0.0253639
411  0.00262551  0.0253639
412  0.00262551  0.0253639
413  0.0026255  0.0253639
414  0.00262549  0.0253639
415  0.00262548  0.0253639
416  0.00262548  0.0253639
417  0.00262547  0.0253639
418  0.00262546  0.0253639
419  0.00262546  0.0253639
420  0.00262545  0.0253639
421  0.00262544  0.0253639
422  0.00262543  0.0253639
423  0.00262543  0.0253639
424  0.00262542  0.0253639
425  0.00262541  0.0253639
426  0.0026254  0.0253639
427  0.00262539  0.0253639
428  0.00262536  0.0253639
429  0.00262532  0.0253639
430  0.00262528  0.0253639
431  0.00262521  0.0253639
432  0.00262506  0.0253639
433  0.00262477  0.0253639
434  0.00262418  0.0253639
435  0.00262299  0.0253639
436  0.00262061  0.0253639
437  0.00261581  0.0253639
438  0.0026062  0.0253639
439  0.00258699  0.0253639
440  0.0025488  0.0253639
441  0.0024738  0.0253639
442  0.00233  0.0253639
443  0.00210465  0.0253639
444  0.00189349  0.0253639
445  0.00170351  0.0253639
446  0.00153259  0.0253639
447  0.00137882  0.0253639
448  0.00124048  0.0253639
449  0.00105399  0.0253639
450  0.000763612  0.0253639
451  0.000416525  0.0253639
452  0.000207087  0.0253639
453  0.000102959  0.0253639
454  5.11887e-05  0.0253639
455  2.54498e-05  0.0253639
456  1.26531e-05  0.0253639
457  6.29081e-06  0.0253639
458  3.12764e-06  0.0253639
459  1.55499e-06  0.0253639
460  7.73105e-07  0.0253639
461  3.8437e-07  0.0253639
462  1.911e-07  0.0253639
463  9.50104e-08  0.0253639
464  4.7237e-08  0.0253639
465  2.34851e-08  0.0253639
466  1.16763e-08  0.0253639
467  5.80516e-09  0.0253639
468  2.88619e-09  0.0253639
469  1.15212e-09  0.0253639
470  2.1075e-10  0.0253639
471  1.08118e-11  0.0253639
472  8.65397e-14  0.0253639
473  6.15629e-17  0.0253639
474  2.514e-21  0.0253639
475  2.94274e-23  0.0253639
