1  1.0000000000000001e-05  0.091280000624163804  22109.999922236824
2  3.7603625984690528e-05  0.091280002347082223  22109.99970758229
3  7.5634266774881836e-05  0.091280004720817168  22109.999411844001
4  0.0001521272706553256  0.091280009495233613  22109.998817010233
5  0.00030598117036056055  0.091280019098237158  22109.997620593698
6  0.00061543248733754192  0.091280038413068296  22109.995214202652
7  0.0012378313943371738  0.091280077260955314  22109.990374233319
8  0.0024896068907450833  0.091280155392251136  22109.980640037113
9  0.0050069276327596472  0.09128031251430152  22109.961064579787
10  0.010068314516404492  0.091280628427760191  22109.921705736135
11  0.01713741097341866  0.09128106965521525  22109.866734461619
12  0.024205960250254854  0.0912815108485696  22109.811767571635
13  0.031273961542363747  0.091281952007794584  22109.75680506945
14  0.038341414440041487  0.091282393132886164  22109.70184695526
15  0.045408318768480414  0.091282834223854969  22109.646893227538
16  0.052474674481907201  0.091283275280719667  22109.591943883544
17  0.059540481603432109  0.09128371630350321  22109.536998920259
18  0.066605740194026111  0.091284157292230925  22109.482058334121
19  0.073670450339313215  0.091284598246929638  22109.427122121531
20  0.080734612149180804  0.091285039167627702  22109.372190278704
21  0.090283641391030248  0.091285635185604605  22109.297935945815
22  0.10949014999027183  0.091286833992223315  22109.148584499409
23  0.14812129910813696  0.09128924522844474  22108.848187368276
24  0.21480463745077458  0.091293407428872764  22108.329660446623
25  0.31224816139925604  0.091299489709945877  22107.571950424448
26  0.45460973528367493  0.091308376050595746  22106.464962702288
27  0.66278032120088537  0.091321371312341304  22104.846206133552
28  0.96776136602033591  0.091340413387784675  22102.474401374202
29  1.4159614897534685  0.091368408089209582  22098.98782905651
30  2.0777634514641687  0.091409777780992366  22093.836086305717
31  3.0554138225270293  0.091470998223875388  22086.213257673066
32  4.3672435989039711  0.091553435423653032  22075.949299885902
33  6.085017426309423  0.091662098271850026  22062.418801645985
34  8.2652007825695133  0.091801631366436195  22045.037315741141
35  11.063266405706329  0.091984312721387088  22022.259314412415
36  14.691335370286952  0.092229257394464151  21991.662074849351
37  19.424245372531782  0.092566992563905506  21949.34186682614
38  25.545533350741209  0.093044151142079048  21889.267772083385
39  32.459368965289713  0.093654121280997149  21812.034323306976
40  39.05753129335659  0.094324327645532099  21726.748274444446
41  45.391987739519784  0.095065237766811569  21632.144957496519
42  51.764241049471948  0.09592283837207316  21522.451732848949
43  59.360711746552646  0.097114260093764393  21370.067505664167
44  68.109576545259031  0.098747326837882288  21161.74729975767
45  76.599393996110962  0.10064149914477952  20921.306780171741
46  84.395489064095031  0.10314215245583246  20591.236628552258
47  90.594997954926882  0.10651049339094915  20124.535663325765
48  95.297080748614292  0.1104040924006911  19582.877594215432
49  98.666922847675551  0.11597061857518259  18903.915914864938
50  100.72190497884824  0.12300744225127078  18135.718604912065
51  101.67604939207966  0.12991629424273926  17396.415457445568
52  102.09001809532701  0.13581567453849061  16817.035836460051
53  102.30234323620009  0.14068099211929172  16373.921090747705
54  102.43179466854946  0.14462734986988801  16030.941216270689
55  102.51951379777343  0.14811762080105662  15739.143780897723
56  102.58279848233882  0.15121713943024434  15487.610266148256
57  102.6308975964878  0.153967381768322  15269.539169803265
58  102.66911114980128  0.15642180613683296  15078.440610052763
59  102.7007183683002  0.15861233068807745  14909.653154689348
60  102.72798057072899  0.16059225981003555  14757.737622135361
61  102.75270384014719  0.1624421789017228  14615.889022867414
62  102.77688094199794  0.16428606751676725  14474.224184964862
63  102.8042387273666  0.16639594330673943  14311.333653381906
64  102.8471673435691  0.16970861312041663  14053.812186431045
65  102.90686554993643  0.1741839660310735  13713.578934533156
66  102.96346228586879  0.17810858174780045  13439.854273405628
67  103.00964491194156  0.18104874863227025  13258.826245464965
68  103.05382470318048  0.18379317058079991  13102.767061918528
69  103.09885907937191  0.18668717138255173  12941.590788955611
70  103.14460776784352  0.18989717301195369  12757.516788053417
71  103.18996858390621  0.19352134522928136  12544.983735848333
72  103.23208547576435  0.19743122562386173  12316.76569479546
73  103.27140030787383  0.20167967683910037  12074.037202516431
74  103.30103802452767  0.20534844474701242  11870.343491480891
75  103.32402634595692  0.20862735079887626  11695.562306252128
76  103.34241433909418  0.21165539561043012  11541.382895321045
77  103.35745334307479  0.21447023053218994  11403.926154681765
78  103.36998890612958  0.21708859122198343  11280.58895371329
79  103.38061514818355  0.2195252497714168  11169.2847654095
80  103.38975868849712  0.22179588494145475  11068.260769487906
81  103.39773151626099  0.22391732215813001  10976.015461166024
82  103.40946279865605  0.22734671189465441  10831.606456304571
83  103.4284183462261  0.23404645130398238  10567.33322500386
84  103.44288146613086  0.24049731193809556  10331.887756682741
85  103.45364691327073  0.24625383807633824  10133.821220439579
86  103.46226038622675  0.25136873843320079  9961.6595234501983
87  103.4697890135489  0.25594612092710856  9803.7461023188698
88  103.47717216272798  0.26030382513701567  9644.2522891236622
89  103.48434670784604  0.26421287151110767  9486.6766560283086
90  103.49216152401463  0.26794527664863349  9315.0685449188513
91  103.50360250668135  0.27223111473252226  9072.3017191434701
92  103.51816040910926  0.27557230854791126  8789.1749814326267
93  103.53593540520379  0.27775495410682471  8475.8848919110915
94  103.55708580703981  0.27947968696777237  8141.3044674087196
95  103.57737065461446  0.28108063928123944  7861.1700160249147
96  103.60103728871502  0.28333654601947444  7578.2792959661847
97  103.62721196741843  0.28693478069378803  7316.7405538502035
98  103.65414788725919  0.29213110759533628  7094.6675734085429
99  103.67746246596843  0.29806124420788316  6931.6151904463131
100  103.6953932753552  0.30356548063894823  6815.9451971569679
101  103.70950564386698  0.30869932058196187  6727.2769883230494
102  103.7208422298348  0.31346907646398575  6655.2598926392493
103  103.73014725193961  0.31783329597246796  6592.9159679772692
104  103.73795015813508  0.32182062853577376  6537.7224598912726
105  103.7446144622933  0.32550102523009644  6488.0308602673595
106  103.75039000510847  0.32893152396947473  6442.6505343840881
107  103.75663848139371  0.33293507723552251  6390.6825002494343
108  103.76822013915216  0.34135143130881496  6284.2390328159026
109  103.78014077641197  0.35155513678421757  6155.0085855529614
110  103.78888831012343  0.36025995047392123  6045.721868489295
111  103.79563370741884  0.36776863702533646  5952.6411053782667
112  103.80120921235267  0.37453125160034501  5867.9131681791996
113  103.80611590038912  0.38089726525780343  5788.5128202066207
114  103.81080924253227  0.38714722959141612  5708.5320750362744
115  103.81584193302575  0.3942055965082874  5616.373902784756
116  103.82242775600105  0.40343369737637796  5489.4741089273502
117  103.82895810586768  0.41225937668002943  5357.5042546444256
118  103.834748031483  0.41944239254259902  5237.3010822938058
119  103.84017999436044  0.42547630509112139  5123.4894753036351
120  103.84562937070821  0.43080436448938442  5009.7964633872989
121  103.8511612193153  0.43541420484029125  4895.059542958651
122  103.85677194225698  0.43920669058733952  4780.4280465239099
123  103.86329113660932  0.44260532066065639  4649.2851758342849
124  103.8707310620491  0.44531566798125738  4501.8007473973703
125  103.88192837253733  0.44764978707257275  4288.2093713778795
126  103.89715869421477  0.44793997942593849  4010.7677247600659
127  103.91393229727038  0.44556095758185338  3726.3543817001332
128  103.93387798550978  0.44048282282157092  3420.6879261244385
129  103.95985308784373  0.43209783380722638  3074.0423513162204
130  103.99359884282985  0.4206938458543858  2708.9171874468466
131  104.02901726792651  0.41017166109726233  2417.1586381184425
132  104.07220984753395  0.40091637791566553  2167.3834856803014
133  104.13670689443713  0.39483344319235247  1955.9903201612767
134  104.25130510789219  0.39896929888624028  1823.1109291442544
135  104.40159627196061  0.4127802620296932  1776.7021160361226
136  104.52979205898482  0.42359547152614002  1733.3754179298548
137  104.64734738607021  0.43037359970162881  1669.6479943334527
138  104.78078262866623  0.43451208966322696  1574.1828446316815
139  104.94593385800067  0.43585580195327522  1442.0087271926573
140  105.12910196272003  0.42892973256162908  1256.5542986941225
141  105.3357554414961  0.42243589657158176  1098.5067699429851
142  105.55083281375396  0.41538019160790024  964.52069682244962
143  105.80741883794454  0.40962586585034788  850.31066522110962
144  106.11295978433219  0.40428412159681543  748.87162080931557
145  106.47644152535065  0.39733418641333246  648.90380286883828
146  106.88547033406678  0.3885620506223218  555.81449409337949
147  107.26338500510973  0.38030376517486342  485.85849982489526
148  107.61690016175649  0.37210720325134272  429.84654052404215
149  107.94961074419138  0.36499756957416002  386.83665106089808
150  108.26864335307992  0.35795753320412249  350.03292243579415
151  108.57667840006131  0.35160214153532965  320.0134597694742
152  108.87740611841156  0.34498954165176371  292.93664686624288
153  109.17116457299916  0.33932159458234357  270.81702003294936
154  109.4609863266418  0.33361207856421032  250.7831297497188
155  109.74618806913689  0.32805562687620765  232.9412992450624
156  110.02853637227511  0.32280861529986365  217.07740288474878
157  110.30766844488372  0.31781598687780094  203.04748279724134
158  110.59383821024133  0.31284167225171206  189.97676270746319
159  111.04708410535706  0.30503001145209091  171.19790946842321
160  111.51553328331283  0.29739021894725931  154.54474517343357
161  111.9639939832054  0.29047716937898066  140.90911971264305
162  112.40621172380121  0.28401016527979089  129.12429374563371
163  112.8423154105258  0.27786233004896022  118.70016936870661
164  113.27523853491388  0.2719848978349067  109.51955221305992
165  113.70503370905706  0.26638008517556205  101.35996170298974
166  114.13505248550835  0.26091129512366074  93.930812102569931
167  114.55778133998294  0.25569788369591984  87.339338568813034
168  114.98528751015682  0.25083104743098217  81.500954402472317
169  115.46033069601536  0.24558770135006874  75.615696284664537
170  115.94507473810025  0.24050444808124066  70.275916911549487
171  116.43064318072472  0.23564749523425751  65.486246862896422
172  116.91829640515292  0.23095737688597345  61.114267365483762
173  117.4081401064946  0.22642531194228158  57.159421449388908
174  117.90136377765478  0.22214587351530787  53.582986880809365
175  118.51185778553402  0.21718830290723934  49.622841335375512
176  119.18581964806714  0.2119607203611962  45.757207219018014
177  119.87431403591991  0.20695700020007926  42.302000057397912
178  120.583299519729  0.20217305627943075  39.169888376265654
179  121.31712618266532  0.1975398359390261  36.284254911602886
180  122.13089361946442  0.19251896420529865  33.385442933150145
181  123.01654182151465  0.18757787086835448  30.668132327946033
182  123.94017864896153  0.18285655728055503  28.283164520429334
183  124.86384328230336  0.17840218351618967  26.11359819950156
184  125.78744863819563  0.1739814557006493  24.135901534035256
185  126.71109048041687  0.16993757406327181  22.379262962589245
186  127.79298446151499  0.1654144621767574  20.557337616064448
187  129.07074008820135  0.16028385954610511  18.620381947581272
188  130.34827752422336  0.15533931928905456  16.884182062409749
189  131.62564080185894  0.15075418828509018  15.354689305585421
190  132.90287735496383  0.1463882525914883  14.014899241877325
191  134.18000838891928  0.14214011953604971  12.793800718273104
192  135.45705525264373  0.13802007068511379  11.682189080379397
193  136.73403405426345  0.13401222847951677  10.658161117000336
194  138.0492684033108  0.13000331517680588  9.705916745629402
195  139.72757890044957  0.1252186035210674  8.6338932968046223
196  141.40537714828378  0.12059468042028529  7.6899015628151322
197  143.08251718605459  0.11610338829105712  6.8555643207291492
198  144.78545346646175  0.11180831199968173  6.1095486567388813
199  146.59438665088837  0.10751369525846127  5.4196414580939676
200  148.40351611170792  0.1034389757192999  4.821461524851272
201  150.21288947689328  0.099651993380684478  4.3041114303095203
202  152.40360385233268  0.095365882466321564  3.7661889779573969
203  154.62176498416588  0.091314452799414303  3.3031092260064687
204  156.90646715222738  0.087407986256834685  2.8957987446414957
205  159.62235296633446  0.083113592039131268  2.4864787974234406
206  162.33823878604125  0.079122601153149091  2.1448872936343633
207  165.06710740772178  0.075416082731109127  1.856073103094561
208  167.84790641066112  0.071906144977409825  1.6078315318273106
209  170.62870433690006  0.068627310699884356  1.3975787802137205
210  173.40950147853565  0.065559733912369952  1.2177281362661723
211  176.27372196980545  0.062598303178280718  1.0596149836797071
212  180.36784008924286  0.058674343294686904  0.87173020241687849
213  184.56608690137438  0.054983910921574404  0.71666332078153794
214  188.76433371350566  0.05159439762331907  0.5914780568435859
215  192.96258052563695  0.048476526970310671  0.48998282170841989
216  197.16082733776824  0.045592862371107302  0.40737883189084312
217  201.35907414989953  0.042937437329267775  0.33979971355766514
218  205.55732096203081  0.040492508455319022  0.28444562736387363
219  209.7555677741621  0.038220701088834054  0.23898275146170905
220  214.012239752173  0.036095941321307279  0.2008921958506307
221  218.59910208225142  0.033982141439232533  0.16723165292657061
222  223.2120113400895  0.032022047350164923  0.13961686802967324
223  227.85111543560845  0.030203766539005434  0.11694178075421711
224  232.5165631186498  0.028522337001876032  0.098124640871289387
225  237.88060751524628  0.026745147584511558  0.080587149229320698
226  243.1186941058192  0.025147017802779243  0.066800239117880633
227  248.35678069639209  0.023688895832596649  0.055609308649681333
228  253.59486728696501  0.022345919243734472  0.046495792629508648
229  259.60984358406012  0.020938384977284473  0.038058621178159092
230  267.37874064928167  0.01930504599755771  0.02962268367983735
231  275.14763771450322  0.01785020130350938  0.023257911077155673
232  282.91653477972477  0.016564016384491172  0.018412458663181273
233  290.68543184494632  0.015406789398448292  0.014700722031397415
234  298.45432891016787  0.01437009171753875  0.011833899372013783
235  305.55772283053983  0.013511458575510938  0.0097711148956901896
236  312.49763629639153  0.012759952051749663  0.0081498874177475464
237  319.47695871147607  0.012059335382920243  0.0068291940865428764
238  327.54095326749552  0.011329597837059752  0.005605909842079787
239  335.65073997260077  0.010669994650882648  0.0046291825831079126
240  343.80657886180353  0.010064732028338637  0.0038449165172973307
241  352.00873144674847  0.0095091862372634148  0.0032112202696178227
242  361.4735123744199  0.0089328520805340931  0.0026283868766450533
243  373.70040436368635  0.0082707556550658135  0.0020536118958493737
244  385.92729635295279  0.007689161705235547  0.0016238684950798978
245  398.15418834221924  0.0071759263944189324  0.001298651192003572
246  410.38108033148569  0.0067187986115782626  0.0010489620360572204
247  422.14640714815732  0.0063267426715217893  0.00086267462584322112
248  434.68425233401479  0.0059512710387852538  0.00070665622266415963
249  447.2932948491831  0.0056111153778661193  0.00058340405402532397
250  459.97393899437151  0.0053041800458602873  0.00048512071936861125
251  472.72659136614874  0.0050244209303284418  0.000406092497440203
252  485.55166086998031  0.0047694410748166573  0.00034214961697474542
253  500.36251758053612  0.0045024939349346703  0.00028316783297777022
254  515.25747912944064  0.0042596431991428624  0.00023607514932361205
255  530.23702311390332  0.0040411524785782318  0.00019819609426567142
256  547.5392227980567  0.0038086577702200479  0.0001634892548733851
257  564.93967464519778  0.0035974186942981995  0.0001358692077766762
258  582.43893658944512  0.0034063141567322237  0.00011387774395561431
259  602.65488805078826  0.0032070508646816031  9.3708684186592911e-05
260  622.98563768775  0.003027376055921046  7.7804022496147417e-05
261  643.43183739253288  0.0028653102933437705  6.5120324198314963e-05
262  667.05562682434152  0.0026966823460760538  5.3576240526543158e-05
263  690.81356615916877  0.0025448122874282783  4.4478056213763635e-05
264  714.70641717981573  0.0024075408304713806  3.7240382638681336e-05
265  742.31597189396837  0.0022656083566096369  3.0653057933394829e-05
266  770.08231005296091  0.0021375508584749762  2.5467911090332958e-05
267  798.00632196628362  0.0020217923138995675  2.1343539565719854e-05
268  830.25398651956471  0.001901452562621263  1.7597735501236586e-05
269  862.6847724592302  0.0017940543654841065  1.4644356930849552e-05
270  895.29971965724019  0.0016963514374880627  1.2293791406381429e-05
271  932.97178295191839  0.0015961864787679581  1.0160873077499831e-05
272  970.85777058977123  0.0015061059507151008  8.4713234246252797e-06
273  1014.6254043100982  0.0014124010934194015  6.9507861727736026e-06
274  1058.6415766417219  0.0013291370349933199  5.7630709761727554e-06
275  1102.9076989344467  0.0012550354991819552  4.8232574115031264e-06
276  1153.4100527247044  0.001178686286169173  3.982173647159379e-06
277  1207.4447614411115  0.0011067021135083843  3.2825146837569395e-06
278  1277.235575108944  0.0010255615226219257  2.6002216423762199e-06
279  1348.3463178706531  0.00095346120995962961  2.0851663512548756e-06
280  1424.736777007869  0.00088631348950493659  1.671585607364026e-06
281  1501.1272361450849  0.00082792304046172722  1.3600835859789344e-06
282  1577.5176952823008  0.00077656926979238739  1.1206567227373581e-06
283  1653.9081544195167  0.00073105195964748694  9.3414344234065698e-07
284  1730.2986135567326  0.00069052710233312681  7.8649010703786514e-07
285  1819.788455170848  0.00064835844997554752  6.5048343160132795e-07
286  1908.7919319888344  0.00061116563010968762  5.4445714142153749e-07
287  2010.9960086420774  0.00057328704513755235  4.4924805127314123e-07
288  2143.0020069946427  0.00053067695589955818  3.5635021289391157e-07
289  2275.0080053472079  0.00049395056072889122  2.8730365173566923e-07
290  2407.0140036997732  0.00046195606294061644  2.3496571454653068e-07
291  2539.0200020523384  0.00043379138812741421  1.9457325792234853e-07
292  2671.0260004049037  0.00040882917594859194  1.6286519067030058e-07
293  2803.031998757469  0.00038644579243724171  1.3775526130156128e-07
294  2935.0379971100342  0.00036653181425746605  1.1749547868849525e-07
295  3067.0439954625995  0.00034843833081251574  1.0101934289162732e-07
296  3199.0499938151647  0.00033194402478963983  8.7469616085519965e-08
297  3331.05599216773  0.00031706013259618824  7.6247513825732705e-08
298  3463.0619905202952  0.00030332657171360466  6.685864275403916e-08
299  3611.1472037267367  0.00028932371821784373  5.8070375908496213e-08
300  3773.4507893375508  0.00027534055779020411  5.0122091065492637e-08
301  3968.0000398195925  0.00026022906840220518  4.2391381374593807e-08
302  4187.7830052380996  0.00024503627481521682  3.5453105688500365e-08
303  4441.6444551454379  0.00022944178584961882  2.9204922223035366e-08
304  4696.9474810955844  0.00021566155218000142  2.4310293040728059e-08
305  4991.8852674425598  0.00020168047328438858  1.9930822489064404e-08
306  5288.4978856597227  0.00018922586125020636  1.6525528667446944e-08
307  5586.7948464368646  0.00017814659321931458  1.3836034964036877e-08
308  5929.6425839825552  0.00016685516467181317  1.1422923985973141e-08
309  6313.3289326167751  0.00015578565870643155  9.3410419234823201e-09
310  6808.8952658223634  0.00014336138332957313  7.3388256341305931e-09
311  7304.4615990279517  0.00013263352908949737  5.8700895504095175e-09
312  7800.02793223354  0.00012333060588093134  4.7681592935511945e-09
313  8295.5942654391274  0.00011511025144990232  3.9261349859872419e-09
314  8791.1605986447157  0.0001078013060261467  3.2709972208793095e-09
315  9392.4830216824157  0.00010001430832651308  2.6574338759263534e-09
316  10039.53118794791  9.261619214845952e-05  2.1571190279850977e-09
317  10686.579354213405  8.6129062587116806e-05  1.7758718763658726e-09
318  11333.6275204789  8.0369911561257605e-05  1.4782379750677651e-09
319  11980.675686744395  7.5237147092098076e-05  1.2442607411876665e-09
320  12627.723853009889  7.0628034489535944e-05  1.0571798727986797e-09
321  13274.772019275384  6.6465639270713901e-05  9.0561304042909719e-10
322  14147.301104090457  6.1468174734811027e-05  7.4387078538360937e-10
323  15024.784927113255  5.7102241906472443e-05  6.178845842490661e-10
324  15907.251624289192  5.3197844827877081e-05  5.1834927579827484e-10
325  16926.356261484769  4.914931897900395e-05  4.282252047971546e-10
326  17951.247979903717  4.5512241530470829e-05  3.5761583789756903e-10
327  19135.054455261921  4.1731315675472122e-05  2.9408258009703986e-10
328  20325.583286672299  3.8292483393524372e-05  2.444240965414182e-10
329  21522.87264766392  3.510787332723891e-05  2.0521645808135365e-10
330  22906.036331029769  3.1743677212483673e-05  1.6974080759066743e-10
331  24297.054439043204  2.8553953517562145e-05  1.417789098975473e-10
332  25904.253789241022  2.5088638495860283e-05  1.1665330531467602e-10
333  27520.579771623881  2.1577001833894883e-05  9.7021243985533605e-11
334  29388.336809406541  1.8438738589644342e-05  7.9458393118446757e-11
335  31023.071829770201  1.5678814491836069e-05  6.7397424349048279e-11
336  31645.921975622234  1.3232440118384013e-05  6.3456818080269211e-11
337  32129.701275896627  1.0884870229772309e-05  6.0600681529932899e-11
338  32444.673304113941  9.1819192857014243e-06  5.8832438156132981e-11
339  32689.317940438999  7.6937765375226632e-06  5.7500059624334843e-11
340  32798.713975778694  6.542340088632021e-06  5.6924796068943887e-11
341  32851.564904674247  5.5163011783217834e-06  5.6642868097973539e-11
342  32897.827934557929  4.6338985451778345e-06  5.6397105512534093e-11
343  32959.247007671591  4.068049652286818e-06  5.6085004524472086e-11
344  33082.782701828328  3.8098573957854849e-06  5.5454254222602626e-11
345  33331.257108183279  3.5051461476654883e-06  5.4202010543340288e-11
346  33831.027891315112  2.9866343547786531e-06  5.1811900752838089e-11
347  34493.90777176214  2.4936664174687451e-06  4.8855444165845881e-11
348  35259.697067934321  2.0755139776681329e-06  4.5701415997226843e-11
349  36276.363483633933  1.7332780710519328e-06  4.1931032788293313e-11
350  37450.446836621821  1.4439577736368916e-06  3.8077619009301279e-11
351  38806.577880417797  1.2052696042602225e-06  3.4193881853432499e-11
352  40874.747200629616  9.6935441876453895e-07  2.9216642889589209e-11
353  42954.660814217132  8.1782529892012861e-07  2.515267278515744e-11
354  45356.620701606116  6.8492991354636514e-07  2.1334354688699216e-11
355  48131.016881358832  5.8135403255939344e-07  1.7836091340531965e-11
356  51336.12682731598  4.870917838754002e-07  1.4684112250538028e-11
357  54559.437290580303  4.1734685308105722e-07  1.2216494764867076e-11
358  58283.689658108931  3.5367754211329543e-07  1.0015309025870025e-11
359  62029.090541855228  3.0427232290089865e-07  8.3002339315779033e-12
360  65795.760035651227  2.6517089656529259e-07  6.9500600859167162e-12
361  70148.361882505807  2.278259938663013e-07  5.7310510925682072e-12
362  74525.680387004177  1.9940225604928779e-07  4.7762195535323817e-12
363  78927.855905003948  1.7642681339405355e-07  4.0187563555800639e-12
364  83801.618178849676  1.5719726739383291e-07  3.3548959536186182e-12
365  90753.14475896793  1.4039541284217182e-07  2.6397486778164042e-12
366  97883.642372628048  1.2951715592852036e-07  2.1019480012445223e-12
367  105228.05491469798  1.2803021954130375e-07  1.6911139897400781e-12
368  111586.1764586349  1.2585272381834758e-07  1.4175758133710265e-12
369  124374.62992503105  1.2529999999999999e-07  1.3659999999999994e-12
370  150096.77772167622  1.2529999999999999e-07  1.3659999999999994e-12
371  201833.20457039576  1.2529999999999999e-07  1.3659999999999994e-12
372  305893.63856813574  1.2529999999999999e-07  1.3659999999999994e-12
373  515196.34042385931  1.2529999999999999e-07  1.3659999999999994e-12
374  936178.83416453842  1.2529999999999999e-07  1.3659999999999994e-12
375  1782924.9987615268  1.2529999999999999e-07  1.3659999999999994e-12
376  3486033.9829117372  1.2529999999999999e-07  1.3659999999999994e-12
377  6545515.6810060712  1.2529999999999999e-07  1.3659999999999994e-12
378  9824089.5450895112  1.2529999999999999e-07  1.3659999999999994e-12
379  13102663.40917295  1.2529999999999999e-07  1.3659999999999994e-12
380  16381237.273256389  1.2529999999999999e-07  1.3659999999999994e-12
381  19659811.13733983  1.2529999999999999e-07  1.3659999999999994e-12
382  22938385.00142327  1.2529999999999999e-07  1.3659999999999994e-12
383  26216958.865506709  1.2529999999999999e-07  1.3659999999999994e-12
384  29495532.729590148  1.2529999999999999e-07  1.3659999999999994e-12
385  32774106.593673587  1.2529999999999999e-07  1.3659999999999994e-12
386  36052680.457757026  1.2529999999999999e-07  1.3659999999999994e-12
387  39331254.321840465  1.2529999999999999e-07  1.3659999999999994e-12
388  42609828.185923904  1.2529999999999999e-07  1.3659999999999994e-12
389  45888402.050007343  1.2529999999999999e-07  1.3659999999999994e-12
390  49166975.914090782  1.2529999999999999e-07  1.3659999999999994e-12
391  52445549.778174222  1.2529999999999999e-07  1.3659999999999994e-12
392  55724123.642257661  1.2529999999999999e-07  1.3659999999999994e-12
393  59002697.5063411  1.2529999999999999e-07  1.3659999999999994e-12
394  62281271.370424539  1.2529999999999999e-07  1.3659999999999994e-12
395  65559845.234507978  1.2529999999999999e-07  1.3659999999999994e-12
396  69148244.328747302  1.2529999999999999e-07  1.3659999999999994e-12
397  75872152.837035805  1.2529999999999999e-07  1.3659999999999994e-12
398  89396334.543274283  1.2529999999999999e-07  1.3659999999999994e-12
399  116598294.62317306  1.2529999999999999e-07  1.3659999999999994e-12
400  171311152.54396552  1.2529999999999999e-07  1.3659999999999994e-12
401  258702771.12425604  1.2529999999999999e-07  1.3659999999999994e-12
402  347540173.80288142  1.2529999999999999e-07  1.3659999999999994e-12
403  436377576.48150671  1.2529999999999999e-07  1.3659999999999994e-12
404  525214979.16013199  1.2529999999999999e-07  1.3659999999999994e-12
405  614052381.83875751  1.2529999999999999e-07  1.3659999999999994e-12
406  702889784.5173831  1.2529999999999999e-07  1.3659999999999994e-12
407  791727187.19600868  1.2529999999999999e-07  1.3659999999999994e-12
408  880564589.87463427  1.2529999999999999e-07  1.3659999999999994e-12
409  969401992.55325985  1.2529999999999999e-07  1.3659999999999994e-12
410  1058239395.2318854  1.2529999999999999e-07  1.3659999999999994e-12
411  1147076797.910511  1.2529999999999999e-07  1.3659999999999994e-12
412  1235914200.5891366  1.2529999999999999e-07  1.3659999999999994e-12
413  1324751603.2677622  1.2529999999999999e-07  1.3659999999999994e-12
414  1413589005.9463878  1.2529999999999999e-07  1.3659999999999994e-12
415  1502426408.6250134  1.2529999999999999e-07  1.3659999999999994e-12
416  1591263811.3036389  1.2529999999999999e-07  1.3659999999999994e-12
417  1680101213.9822645  1.2529999999999999e-07  1.3659999999999994e-12
418  1768938616.6608901  1.2529999999999999e-07  1.3659999999999994e-12
419  1857776019.3395157  1.2529999999999999e-07  1.3659999999999994e-12
420  1946613422.0181413  1.2529999999999999e-07  1.3659999999999994e-12
421  2043845959.249897  1.2529999999999999e-07  1.3659999999999994e-12
422  2226039373.9747629  1.2529999999999999e-07  1.3659999999999994e-12
423  2585345851.293529  1.2529999999999999e-07  1.3659999999999994e-12
424  3024900389.828547  1.2529999999999999e-07  1.3659999999999994e-12
425  3477641564.5196152  1.2529999999999999e-07  1.3659999999999994e-12
426  4261525476.3074183  1.2529999999999999e-07  1.3659999999999994e-12
427  5838196016.4474325  1.2529999999999999e-07  1.3659999999999994e-12
428  9009443639.6775551  1.2529999999999999e-07  1.3659999999999994e-12
429  15387955340.003748  1.2529999999999999e-07  1.3659999999999994e-12
430  28217420694.007679  1.2529999999999999e-07  1.3659999999999994e-12
431  54022058045.56572  1.2529999999999999e-07  1.3659999999999994e-12
432  105924400853.45291  1.2529999999999999e-07  1.3659999999999994e-12
433  210318551108.18567  1.2529999999999999e-07  1.3659999999999994e-12
434  420292475555.99731  1.2529999999999999e-07  1.3659999999999994e-12
435  842625037681.68506  1.2529999999999999e-07  1.3659999999999994e-12
436  1692086672028.4773  1.2529999999999999e-07  1.3659999999999994e-12
437  3400657435777.3936  1.2529999999999999e-07  1.3659999999999994e-12
438  6564191813343.0732  1.2529999999999999e-07  1.3659999999999994e-12
439  10048253392970.139  1.2529999999999999e-07  1.3659999999999994e-12
440  13532314972597.203  1.2529999999999999e-07  1.3659999999999994e-12
441  17016376552224.27  1.2529999999999999e-07  1.3659999999999994e-12
442  20500438131851.34  1.2529999999999999e-07  1.3659999999999994e-12
443  23984499711478.41  1.2529999999999999e-07  1.3659999999999994e-12
444  28682674005142.996  1.2529999999999999e-07  1.3659999999999994e-12
445  38132380638832.984  1.2529999999999999e-07  1.3659999999999994e-12
446  57099491796541.102  1.2529999999999999e-07  1.3659999999999994e-12
447  81553565400689.562  1.2529999999999999e-07  1.3659999999999994e-12
448  106007639004838.03  1.2529999999999999e-07  1.3659999999999994e-12
449  130461712608986.47  1.2529999999999999e-07  1.3659999999999994e-12
450  154915786213134.94  1.2529999999999999e-07  1.3659999999999994e-12
451  179369859817283.38  1.2529999999999999e-07  1.3659999999999994e-12
452  203823933421431.81  1.2529999999999999e-07  1.3659999999999994e-12
453  228278007025580.25  1.2529999999999999e-07  1.3659999999999994e-12
454  252732080629728.69  1.2529999999999999e-07  1.3659999999999994e-12
455  277186154233877.12  1.2529999999999999e-07  1.3659999999999994e-12
456  301640227838025.56  1.2529999999999999e-07  1.3659999999999994e-12
457  326094301442174  1.2529999999999999e-07  1.3659999999999994e-12
458  350548375046322.44  1.2529999999999999e-07  1.3659999999999994e-12
459  375002448650470.88  1.2529999999999999e-07  1.3659999999999994e-12
460  399456522254619.31  1.2529999999999999e-07  1.3659999999999994e-12
461  423910595858767.75  1.2529999999999999e-07  1.3659999999999994e-12
462  448364669462916.19  1.2529999999999999e-07  1.3659999999999994e-12
463  472818743067064.62  1.2529999999999999e-07  1.3659999999999994e-12
464  497272816671213.06  1.2529999999999999e-07  1.3659999999999994e-12
465  522460512483485.94  1.2529999999999999e-07  1.3659999999999994e-12
466  566070925288812.12  1.2529999999999999e-07  1.3659999999999994e-12
467  653787042534647  1.2529999999999999e-07  1.3659999999999994e-12
468  830215485416649.62  1.2529999999999999e-07  1.3659999999999994e-12
469  1185076102086799  1.2529999999999999e-07  1.3659999999999994e-12
470  1898827553986985.8  1.2529999999999999e-07  1.3659999999999994e-12
471  3150000000000000  1.2529999999999999e-07  1.3659999999999994e-12
