1  1.0000000000000001e-05  0.091280000624163804  22109.999922236824
2  3.7603625984690528e-05  0.091280002347082223  22109.99970758229
3  7.5634266774881836e-05  0.091280004720817168  22109.999411844001
4  0.0001521272706553256  0.091280009495233613  22109.998817010233
5  0.00030598117036056055  0.091280019098237158  22109.997620593698
6  0.00061543248733754192  0.091280038413068296  22109.995214202652
7  0.001237831394337174  0.091280077260955314  22109.990374233319
8  0.002489606890745085  0.091280155392251136  22109.980640037113
9  0.0050069276327596663  0.09128031251430152  22109.961064579787
10  0.010068314516404645  0.091280628427760191  22109.921705736135
11  0.017137410973419538  0.09128106965521525  22109.866734461619
12  0.024205960250257435  0.0912815108485696  22109.811767571635
13  0.031273961542369409  0.091281952007794584  22109.75680506945
14  0.038341414440052006  0.091282393132886164  22109.70184695526
15  0.045408318768497977  0.091282834223854969  22109.646893227538
16  0.052474674481934401  0.091283275280719667  22109.591943883544
17  0.059540481603471918  0.09128371630350321  22109.536998920259
18  0.066605740194081914  0.091284157292230925  22109.482058334121
19  0.073670450339388793  0.091284598246929652  22109.427122121531
20  0.080734612149280321  0.091285039167627716  22109.372190278704
21  0.09028364139116582  0.091285635185604605  22109.297935945815
22  0.10949014999047986  0.091286833992223329  22109.148584499409
23  0.14812129910849073  0.091289245228444754  22108.848187368276
24  0.2148046374521575  0.091293407428872847  22108.329660446576
25  0.31224816140395301  0.091299489709946169  22107.571950424401
26  0.45460973529881132  0.09130837605059669  22106.464962702154
27  0.66278032124863384  0.091321371312344288  22104.846206133145
28  0.96776136616976527  0.091340413387794014  22102.474401373027
29  1.4159614902205726  0.091368408089238767  22098.987829052898
30  2.0171953898173678  0.091405989587367342  22094.30780243767
31  2.7881013332550153  0.091454243811503244  22088.299346535463
32  3.7952777535637678  0.091517443975322771  22080.430457250619
33  5.1354191734530783  0.091601912890978743  22069.913326843245
34  6.9492138893137563  0.091717160810635148  22055.560982328978
35  9.442938438091268  0.091877965135668843  22035.523050793123
36  12.917011408955725  0.092108171302969583  22006.796607012191
37  17.610812898120763  0.092434800428158936  21965.925874068533
38  23.401751206821711  0.092871107393027966  21911.091777038411
39  30.237788504480104  0.093448759830064287  21838.085422980032
40  36.947519312640161  0.094099548075114545  21755.391377616648
41  43.349026615082188  0.094814877306672637  21664.138171733957
42  49.649051497297279  0.095624712606285397  21560.594435155606
43  56.576843016937175  0.096654770526287292  21428.815083508103
44  65.457411883728355  0.098220518210010294  21228.849320343797
45  74.024899207676114  0.10002939986030344  20998.942592041927
46  81.871266961849315  0.10217621200395458  20721.403176780816
47  88.317129807079482  0.10508091389211907  20324.032120965698
48  93.18129963110384  0.10845667060512706  19852.047558819002
49  96.873614451654987  0.1124530504064577  19319.057949672184
50  98.976606016441735  0.11674703316449699  18816.577946947305
51  99.923624152157004  0.11954253730811357  18510.395501284893
52  100.66938457020056  0.12272857107334914  18165.855348226778
53  101.23792803837168  0.12624586911769645  17786.614410719292
54  101.68787359234233  0.13003846223515675  17383.758563789179
55  102.03352865652518  0.13476743089809096  16915.945812958646
56  102.26780416297028  0.13978041191507995  16454.209406675014
57  102.40949519081943  0.14386205575278577  16096.308233371625
58  102.50398105761724  0.14743703437334432  15795.282178798812
59  102.57134618002091  0.15061479796987956  15535.989216354074
60  102.62203199806386  0.15343255859583305  15311.596780387979
61  102.66195098932641  0.15594432418033852  15115.409342249863
62  102.69468718361516  0.15818477430421826  14942.517124825419
63  102.72265256146486  0.16019977374358321  14787.830296930199
64  102.74768590759224  0.16206331152646031  14644.951302676911
65  102.7716268058131  0.16388315835830108  14505.220761897219
66  102.79745051897318  0.16587116131296725  14351.95484617856
67  102.83407271267505  0.16870167955184312  14132.074576380544
68  102.89931548091479  0.17363277675605374  13754.368972127564
69  102.96001247244362  0.17788114948264708  13454.704838085487
70  103.00921818517675  0.18102217971106349  13260.383507652092
71  103.05848793738321  0.18408552624662153  13086.494115265123
72  103.10804395747319  0.18730424887853531  12906.785639860165
73  103.15739964045152  0.19086718212848819  12700.82808672481
74  103.202148104843  0.19459162144023981  12482.202489526289
75  103.2439127446014  0.19864310127445498  12246.86902996412
76  103.28076104028804  0.20278918777500227  12011.774606604959
77  103.30833464281491  0.20633789216398715  11816.76019600733
78  103.32992542349966  0.20955424618005555  11647.63579382004
79  103.34718646918422  0.21251280016375743  11498.942803748279
80  103.36072682513417  0.21512873168799201  11372.518399366358
81  103.37162458934775  0.21745017286446816  11263.870304608799
82  103.38064895132501  0.21953333966134034  11168.920384637226
83  103.38830197145128  0.22142284910153809  11084.690302525209
84  103.39493141851874  0.22315631361325333  11008.873472079562
85  103.40079727074081  0.22477327416673668  10939.394377530858
86  103.40611724795561  0.22632362650816487  10874.031745216105
87  103.41111995423782  0.22786871476396089  10810.179154848825
88  103.41614986128855  0.22952076999153354  10743.332547761756
89  103.4220456447015  0.23160073115100149  10661.200071729609
90  103.43202783804071  0.23553259150614875  10511.617501586848
91  103.44485167626092  0.24148551784538499  10297.170875312171
92  103.45439164533174  0.24668299546748534  10119.370281934811
93  103.46185375121155  0.25112200844116234  9970.0133369786181
94  103.46796563220923  0.25484148357767383  9842.5052926576991
95  103.47316637261051  0.25796862345700788  9731.24015750123
96  103.47772463845752  0.26061871797134062  9632.1859126146137
97  103.48181269587653  0.26288030168868903  9542.5029778261814
98  103.48554639778826  0.2648237968813057  9460.2327392922489
99  103.48900592934727  0.26651004382147464  9384.1033940644156
100  103.49224834226705  0.26798331693143129  9313.1774504739114
101  103.49531586927037  0.26927574266364429  9246.7295629301861
102  103.4982408797871  0.27041122236640797  9184.1868892402126
103  103.50104895961836  0.27140785598048617  9125.0890006303653
104  103.50376093307213  0.27227952140462253  9069.0595225652069
105  103.50639420390644  0.27303991340239514  9015.7299797190626
106  103.50896330672917  0.27370587817804948  8964.683856906684
107  103.51148060716575  0.27429184954149505  8915.5622297725804
108  103.51395748359982  0.27480991842585206  8868.0504805818091
109  103.51663950633655  0.27531207233034988  8817.4733133076261
110  103.52165958224727  0.27611206355421725  8725.0603215600531
111  103.53175674801209  0.27733719438492255  8546.9284582955625
112  103.55095447981681  0.27901630918562187  8233.8359785021767
113  103.57100811080015  0.28055367906386625  7944.8751229046911
114  103.5932809085739  0.28250428974615671  7666.2176585283414
115  103.61848333925337  0.28561630116873526  7398.0988243812844
116  103.64506349937716  0.29017163611842706  7164.8414996172351
117  103.67031854508245  0.29611004216205922  6979.5132666672689
118  103.6900540419835  0.30182451353756717  6849.9067115802727
119  103.70543299386604  0.30713010960476544  6752.7649241892123
120  103.71767878137754  0.31207821802442731  6675.6700188795467
121  103.72764042585638  0.31661686928595917  6610.0708211605024
122  103.73592704182998  0.32075596016196189  6552.3131351878019
123  103.74295823988381  0.32456008855179991  6500.6303497190711
124  103.74901972274104  0.32809571010372673  6453.6304065130244
125  103.75449314608917  0.33152295841028034  6408.8990574102963
126  103.76368272147126  0.33788381185614758  6327.7215875688698
127  103.77634248530852  0.34812401032723761  6198.8003535286844
128  103.78628642103226  0.35754494345671989  6079.3577441435691
129  103.79374401854542  0.36560648813098234  5979.9512841491651
130  103.79978175026113  0.3727320454942939  5889.9399329591151
131  103.80501700959788  0.37945885572046284  5806.8597725454583
132  103.809947208186  0.38597923629826186  5723.4924114535588
133  103.81516366022552  0.39324036369504456  5629.1684557559529
134  103.82144591503207  0.4020694495570114  5508.8334935307857
135  103.82807211890864  0.41109826820969381  5375.6716239195966
136  103.83400356540072  0.41856116847696101  5252.8649955678275
137  103.83949949874311  0.42475926336626069  5137.7384683306518
138  103.84493467700156  0.43016654033774837  5024.2576318700385
139  103.85052534967402  0.43493032826674405  4908.1876482721327
140  103.85611853441807  0.43880464477305037  4793.6514848333654
141  103.86248731920375  0.44224737398465125  4665.4136502036217
142  103.86977786259821  0.44502088090423708  4520.4590911273235
143  103.87984281794439  0.44736879282784986  4327.2842289631417
144  103.89508341463529  0.44805767876110664  4047.5295493665858
145  103.91183177502101  0.44599053264068289  3760.6172125861908
146  103.93159858779789  0.44114319543757546  3453.9701461455488
147  103.9571357928433  0.43304370023327454  3107.4629076352335
148  103.98977305503598  0.42193482815361982  2745.7812949844297
149  104.02449188937527  0.41140032652800795  2449.781070294352
150  104.0662733353286  0.4018719344656887  2195.9949568669158
151  104.12622412151657  0.3952526753237473  1980.5828894939041
152  104.23038101267841  0.39750974181954302  1835.9053915392628
153  104.37400534099646  0.41017365002081702  1782.8119550884396
154  104.50411598944667  0.42167239226983388  1744.1430352376467
155  104.61608784307788  0.42901103523726114  1690.0431035066947
156  104.73756863042904  0.43324077064800359  1603.7620200189408
157  104.88302359982896  0.43600055441029906  1495.8155997148815
158  105.06971987283279  0.43119519382447552  1311.9101318913756
159  105.25580962677307  0.42592303182063712  1163.5054364738808
160  105.46331026737234  0.41776258673029654  1012.1724138171381
161  105.69713002947132  0.41192444140313333  895.5575627124789
162  105.9757521926438  0.40615166832696048  788.44602969412438
163  106.31175997900215  0.39943956425611216  686.25833982708332
164  106.70409300427954  0.39234762319362354  593.96840823412242
165  107.08917180555314  0.38405940070250283  516.10026726114506
166  107.44840258555165  0.37634182356866785  456.42810684113675
167  107.78550875217567  0.36871642748564332  408.06307110746741
168  108.10897919820125  0.36154926002709159  367.96816759748936
169  108.42002316569361  0.3547029405896257  334.52824444068995
170  108.72354917562096  0.3484122525601997  306.49465513446688
171  109.01881838179867  0.34231877446587256  282.09216731677191
172  109.31022224299331  0.33653828708759026  260.95553457945488
173  109.59740176489085  0.33087633137747374  241.94973068060546
174  109.88056888696811  0.32566228886051135  225.32278307703191
175  110.16124427091695  0.32035634204618746  210.1270860404577
176  110.43960339693474  0.31549160971360063  196.90028442396618
177  110.74295891051999  0.31026705643120833  183.5423457786878
178  111.21474323934682  0.30233248886735109  164.950560999592
179  111.6758916024455  0.29486998490416277  149.41962928519661
180  112.12205776246259  0.2881896105910603  136.49294150938979
181  112.56259372878243  0.28181645255336663  125.21453697994581
182  112.99771030667812  0.2757351431060745  115.26457672129409
183  113.42960826792917  0.26995384617775187  106.50998056831178
184  113.85974284737173  0.2644889901963231  98.653938942556167
185  114.28750940878055  0.25896768851979024  91.441418900257574
186  114.71081904249752  0.25396257560935082  85.173228332096272
187  115.14031244945514  0.24910286622950273  79.516422448318494
188  115.6073104924633  0.24400945372524357  73.929316169887869
189  116.08641776094788  0.2390396309197298  68.829906884227753
190  116.57017000827861  0.23428723888765091  64.187812690316264
191  117.058542472995  0.22967858856848111  59.940000692406279
192  117.55122956166231  0.22520625993096305  56.08502767942646
193  118.12672763261958  0.22030845963018655  52.06541422411847
194  118.79142554898991  0.21499818197650272  47.958888257433131
195  119.469803585105  0.20988005962524553  44.268597251323783
196  120.16565839041857  0.20495891383185383  40.970542776248116
197  120.88447966765951  0.20026542396344227  37.944263628156854
198  121.6752004036244  0.19535776942702407  34.963086574390502
199  122.54037754755942  0.19016412884848091  32.064642214109945
200  123.40627514632538  0.18552587546423829  29.625285765879749
201  124.28833929588255  0.18122038878380259  27.440267547925334
202  125.1772297073498  0.17685198714073877  25.418725389936277
203  126.049869629795  0.1727959669800114  23.615195309195776
204  126.92976240840214  0.1689843818602981  21.99290566524915
205  127.81212533029606  0.16533851104750638  20.526464941662638
206  128.69988755019557  0.16177096813489186  19.165409398241422
207  129.60139864799228  0.15823373388699605  17.870577118899707
208  130.85443447539924  0.15346420916428408  16.25924804813538
209  132.13177605307663  0.14902061764129954  14.804740718175333
210  133.40899441683069  0.14465952246362263  13.520106805450563
211  134.68610914049648  0.14050303524051691  12.338343644860046
212  135.96314159443347  0.13643964596474753  11.264442441194738
213  137.24010805354942  0.13247680598207068  10.276504399406905
214  138.55533196364848  0.12851616462253104  9.3693093847201965
215  140.23338321353148  0.12378447800378289  8.3368051743219205
216  141.91086973280679  0.11923873807087997  7.4274748213419031
217  143.58762091922213  0.11483894905747084  6.6236973114666977
218  145.31695559740996  0.11053467189124658  5.89647250478939
219  147.12610317284918  0.10626343327495127  5.2349303468062347
220  148.93547249491991  0.10228125065809837  4.661519363183654
221  150.88107589158471  0.09832470680473189  4.1308647844514566
222  153.09923946111942  0.094066696007579928  3.6126251794866047
223  155.31739862588103  0.090095955654892659  3.17206425892982
224  157.65244955704171  0.086195535181556149  2.7758166274561478
225  160.06539846881992  0.082441449280611673  2.426534921207236
226  162.47832284259576  0.078925176811769485  2.1288422320845046
227  164.89123346344107  0.075646332855482723  1.8732766304056683
228  167.30413653736989  0.072573779469144006  1.653091567605838
229  169.93658260579116  0.069422915765379872  1.446884411243093
230  172.71738007477234  0.066304512755871126  1.2596337812372607
231  175.4981768810384  0.063381691206558607  1.100194684441937
232  178.82524865177675  0.060112649378095115  0.9376551210215579
233  183.02349546390849  0.056306674391068089  0.76973722631685149
234  187.22174227603981  0.052806217609171716  0.63445202527056144
235  191.41998908817109  0.049591095478949694  0.52485698628452027
236  195.61823590030238  0.046622272154897476  0.43579604944593259
237  199.81648271243367  0.043892930275772499  0.36309420485403282
238  204.01472952456496  0.041370922145500949  0.30356467364648326
239  208.21297633669624  0.03903274702588818  0.2547041822282532
240  212.41122314882753  0.036876619931478817  0.21433919784274047
241  217.33818327527874  0.034545178843128674  0.17580757798347962
242  222.29312160671046  0.032401141327939517  0.14470884838239609
243  227.2761970199827  0.030421940958113403  0.11952258202496356
244  232.28756929415258  0.028601808719569109  0.098965061123943404
245  237.32739911559744  0.026920742214496297  0.082223145104807702
246  242.39584808316741  0.025357860295118224  0.068534283719712374
247  247.49307871336683  0.023921482239637682  0.057297703523546045
248  252.61925444556522  0.022588544170181121  0.048057760745883513
249  258.54284344003844  0.021179688347592908  0.039420363463954167
250  266.31174050525999  0.01951716282440848  0.030642785277097153
251  274.08063757048154  0.018042452522292106  0.024027465829040841
252  281.18917838515927  0.016838440823418226  0.019379582393452929
253  287.21805135150481  0.015904444396923824  0.016241463695425524
254  294.18475858477518  0.014926409047226254  0.013322000607152976
255  301.19102691819847  0.014030352409551208  0.010983000802330911
256  308.23708100319067  0.013214043819707894  0.0091033179593655884
257  315.32314676687218  0.012464507501112101  0.0075819012269750631
258  322.4494514193114  0.011787183439701974  0.0063444017979133191
259  329.61622346081055  0.011154556102936494  0.0053347805388566857
260  337.85952870042649  0.010500372106709762  0.0043992147108556723
261  346.10336542984697  0.0099037806580458011  0.0036535080390858407
262  354.34720215926745  0.0093608636776144998  0.0030539240916116093
263  362.59103888868793  0.0088686876130980741  0.0025683168814882012
264  374.51104353083127  0.0082298616213155873  0.0020210356596342964
265  386.73793552009772  0.0076531327510123712  0.0015993421254318556
266  398.96482750936417  0.0071440036961490112  0.001280019358758431
267  411.19171949863062  0.0066903166497075265  0.0010346479595778014
268  422.37122535286653  0.0063196353087640678  0.00085952355791599027
269  434.91963020995451  0.0059445968848306618  0.00070407390131423195
270  447.53929236043638  0.0056048464036187375  0.0005812746739127791
271  460.23061644553309  0.005298277899710338  0.00048335622929913632
272  472.99400940425863  0.005018811010822328  0.00040461510698737836
273  487.74283933366496  0.0047282585180208545  0.0003325207309843387
274  502.57542187652814  0.0044648712676729971  0.00027546752754586571
275  517.49223262991552  0.0042253214054396634  0.00022988413399984732
276  532.4937498916172  0.0040101574970725857  0.0001931676448899435
277  549.81804763032437  0.003779615531893139  0.00015952233030848856
278  567.24072301789363  0.0035712339203987438  0.00013268336618794206
279  584.76233470102704  0.0033822824615613242  0.00011129911392063568
280  605.00076281634369  0.0031853055635884682  9.1674752443453983e-05
281  625.35411674306579  0.0030076742048786636  7.6182789074291744e-05
282  645.82304909818765  0.0028474011694666419  6.3813491315737667e-05
283  669.46970026982126  0.0026805281817548245  5.2550146485235905e-05
284  693.25063116700642  0.0025302271755424351  4.3660788886174951e-05
285  717.16660430975367  0.0023941206463190404  3.6583321710245505e-05
286  744.7994124471445  0.002253453441472951  3.0136091393752522e-05
287  772.58913607611919  0.0021265577270600049  2.5058213850798685e-05
288  804.70174977644035  0.0019957540208392602  2.0488581400984916e-05
289  836.99671796421615  0.0018780494335590904  1.6924589303107837e-05
290  869.47507615649954  0.0017729761489938473  1.4109236195739474e-05
291  902.13786575062386  0.0016772498737176518  1.1862666193137221e-05
292  939.85804311894788  0.0015789242393843092  9.8214450351863147e-06
293  977.79241805072445  0.0014905980821486823  8.20324478728253e-06
294  1021.6087138367601  0.0013986070436501764  6.7419551546577623e-06
295  1065.6738245661945  0.0013168094833086352  5.5985332500378081e-06
296  1109.9891631580101  0.0012438341112106543  4.6921028090310377e-06
297  1159.8012570657968  0.001169718197729585  3.8898177208616404e-06
298  1219.7681849439696  0.0010912345769851894  3.146396758159246e-06
299  1289.5589986118021  0.0010122643735873016  2.4999138230533481e-06
300  1360.6697413735112  0.00094199012317472484  2.0097686383591485e-06
301  1437.0602005107271  0.00087634760014269311  1.61521521643757e-06
302  1513.450659647943  0.00081917551196868642  1.3173867650758357e-06
303  1589.8411187851589  0.00076887788803180483  1.0874234132493399e-06
304  1666.2315779223748  0.0007242177194039266  9.0799950133106126e-07
305  1742.6220370595906  0.00068440161998192079  7.6564945734982468e-07
306  1832.0144766568078  0.00064298203059313052  6.344019242516428e-07
307  1921.0179534747942  0.00060638074694681712  5.3171307809338224e-07
308  2034.4425399880054  0.00056526540165763924  4.3058475261882317e-07
309  2166.4485383405704  0.00052376979793250565  3.4256712239132231e-07
310  2298.4545366931357  0.00048795641333265554  2.7695970765460639e-07
311  2430.4605350457009  0.00045669063255630052  2.2699085887130689e-07
312  2562.4665333982662  0.00042915006890039472  1.8840010147091359e-07
313  2694.4725317508314  0.00040466769292406854  1.5797438666310994e-07
314  2826.4785301033967  0.00038274116505452997  1.3383415145266367e-07
315  2958.4845284559619  0.00036318517019039376  1.1432417142608572e-07
316  3090.4905268085272  0.00034540495086522055  9.841587572328626e-08
317  3222.4965251610924  0.00032919588326417573  8.532323064590773e-08
318  3354.5025235136577  0.00031453881803155184  7.4456975939620827e-08
319  3486.508521866223  0.00030101252486295732  6.5354085069350936e-08
320  3640.6532525243142  0.00028668175068147721  5.6508826236443964e-08
321  3802.9568381351282  0.00027293909655067705  4.8833164105135295e-08
322  3970.1295313142664  0.00026007271841054777  4.2315934379635302e-08
323  4189.3883739348366  0.0002449311081839337  3.5408175317054624e-08
324  4442.7227247637911  0.00022938016570599773  2.9181660760418194e-08
325  4697.4956584540232  0.00021563369437685488  2.4301012215763105e-08
326  4991.9003423624899  0.00020167980097013865  1.9930626261700039e-08
327  5287.97683086897  0.00018924649905101594  1.6530798425222176e-08
328  5585.7346174726035  0.00017818323491350556  1.3844553359745586e-08
329  5922.0152499900341  0.00016709148496216021  1.1470165654983997e-08
330  6256.1449653036952  0.00015733625875922198  9.6168654860976527e-09
331  6739.2728932747814  0.00014498966409154531  7.583228991328569e-09
332  7234.8392264803697  0.0001340499340081596  6.0510733981966537e-09
333  7730.405559685958  0.00012455964988757477  4.9054359036105225e-09
334  8225.9718928915463  0.00011619049250507445  4.0318832121869927e-09
335  8721.5382260971346  0.00010878814678096731  3.3537208147504507e-09
336  9262.267915910872  0.00010162932353788714  2.7762458041544337e-09
337  9909.3160821763668  9.4024316084721663e-05  2.2471599267887883e-09
338  10556.364248441861  8.7367980152980445e-05  1.8448350163953549e-09
339  11203.412414707356  8.1475799972263564e-05  1.5323268058349619e-09
340  11850.460580972851  7.6225526655388621e-05  1.2874687049747125e-09
341  12497.508747238346  7.1518673034315171e-05  1.0917323687214407e-09
342  13144.55691350384  6.7268273521989638e-05  9.3361252059960844e-10
343  13920.157374202134  6.2710760952110068e-05  7.8197012096072381e-10
344  14796.355914211244  5.8180593886883785e-05  6.477352259995966e-10
345  15677.530029773408  5.4167762523321623e-05  5.4207950667052043e-10
346  16695.334745309337  5.0025615684200592e-05  4.4669792247916055e-10
347  17718.919160341626  4.6306596013224885e-05  3.7217663517182217e-10
348  18901.410908668327  4.2444126876927125e-05  3.0534123183644374e-10
349  20090.6175472465  3.8947747711322516e-05  2.5327480560947365e-10
350  21286.577207209964  3.5715964607578058e-05  2.1227671362589174e-10
351  22668.403638715707  3.2305865140116674e-05  1.7522437726048985e-10
352  24058.07690115898  2.9090927605410111e-05  1.461143668699429e-10
353  25663.923768954988  2.5599818216168145e-05  1.200332243129499e-10
354  27278.889588737922  2.1995439396065128e-05  9.9653156298101533e-11
355  28903.026143331539  1.9225647059963386e-05  8.3577648604685245e-11
356  30778.638106391492  1.6278521221764062e-05  6.9045253030724257e-11
357  31522.610644742326  1.3742383156717012e-05  6.4215492285479346e-11
358  32067.295043696635  1.1214726367936773e-05  6.0958119868631132e-11
359  32381.917266225028  9.5228537602087122e-06  5.9178241745633253e-11
360  32657.361289188659  7.9301461097948294e-06  5.7669141462123004e-11
361  32782.244466449869  6.7991749245320995e-06  5.7013942362277436e-11
362  32842.882938899849  5.6784433634753672e-06  5.6686579857293815e-11
363  32889.10124137815  4.7848933703138054e-06  5.6442986924347405e-11
364  32942.509131042207  4.1471482322280307e-06  5.6169866075699232e-11
365  33049.931473787197  3.8632658538170366e-06  5.5622520124928815e-11
366  33265.996174965418  3.5833039892584925e-06  5.4525256804265693e-11
367  33700.57946464527  3.1035575716364175e-06  5.2424166594928594e-11
368  34362.723155423118  2.5790050017407617e-06  4.9419939178162522e-11
369  35127.772081404073  2.1386679574351434e-06  4.6224434143588761e-11
370  36011.829834186348  1.8092981783319413e-06  4.2874356876787038e-11
371  37184.415581997026  1.5014962493641257e-06  3.8910447367232046e-11
372  38539.040516324392  1.2460210078429224e-06  3.4915650491918549e-11
373  40337.448620856405  1.0141628269375081e-06  3.0413206098141022e-11
374  42414.31570803815  8.5351046797885787e-07  2.6131748166974871e-11
375  44813.211769035552  7.1128661490959026e-07  2.2124455296711515e-11
376  47584.526724171286  5.9964965060611777e-07  1.84576912986261e-11
377  50786.5379484886  5.0169257645072885e-07  1.5165820838756664e-11
378  54006.732093731756  4.2774431088397762e-07  1.2600577757868883e-11
379  57727.850446935176  3.6237861156670203e-07  1.0309296536670633e-11
380  61470.099519562107  3.1067667107156949e-07  8.529892840564798e-12
381  65233.599304383803  2.7061034585152312e-07  7.1319137183472369e-12
382  69018.470475561713  2.3677920868020231e-07  6.0179732677778832e-12
383  73389.377359729639  2.0619589391402281e-07  5.0023505998233585e-12
384  77785.104848411836  1.8191006958994906e-07  4.1992276415595645e-12
385  82716.353150513693  1.606074655667872e-07  3.489491661203014e-12
386  89326.239763717458  1.4331036655503934e-07  2.7682871299771632e-12
387  96456.737377377576  1.3126461056349599e-07  2.1976405213504075e-12
388  103587.23499103769  1.2850742505586866e-07  1.773195336835893e-12
389  109927.94531932579  1.2651183735553356e-07  1.482684212233077e-12
390  119597.85342246087  1.2529999999999999e-07  1.3659999999999994e-12
391  139047.49258816612  1.2529999999999999e-07  1.3659999999999994e-12
392  178167.66411838881  1.2529999999999999e-07  1.3659999999999994e-12
393  256852.30230193507  1.2529999999999999e-07  1.3659999999999994e-12
394  415115.21485824767  1.2529999999999999e-07  1.3659999999999994e-12
395  733438.46154307108  1.2529999999999999e-07  1.3659999999999994e-12
396  1373700.2117109257  1.2529999999999999e-07  1.3659999999999994e-12
397  2661495.2847923692  1.2529999999999999e-07  1.3659999999999994e-12
398  5235511.4294229047  1.2529999999999999e-07  1.3659999999999994e-12
399  8514085.2935063448  1.2529999999999999e-07  1.3659999999999994e-12
400  11792659.157589786  1.2529999999999999e-07  1.3659999999999994e-12
401  15071233.021673225  1.2529999999999999e-07  1.3659999999999994e-12
402  18349806.885756664  1.2529999999999999e-07  1.3659999999999994e-12
403  21628380.749840103  1.2529999999999999e-07  1.3659999999999994e-12
404  24906954.613923542  1.2529999999999999e-07  1.3659999999999994e-12
405  28185528.478006981  1.2529999999999999e-07  1.3659999999999994e-12
406  31464102.34209042  1.2529999999999999e-07  1.3659999999999994e-12
407  34742676.20617386  1.2529999999999999e-07  1.3659999999999994e-12
408  38021250.070257299  1.2529999999999999e-07  1.3659999999999994e-12
409  41299823.934340738  1.2529999999999999e-07  1.3659999999999994e-12
410  44578397.798424177  1.2529999999999999e-07  1.3659999999999994e-12
411  47856971.662507616  1.2529999999999999e-07  1.3659999999999994e-12
412  51135545.526591055  1.2529999999999999e-07  1.3659999999999994e-12
413  54414119.390674494  1.2529999999999999e-07  1.3659999999999994e-12
414  57692693.254757933  1.2529999999999999e-07  1.3659999999999994e-12
415  60971267.118841372  1.2529999999999999e-07  1.3659999999999994e-12
416  64249840.982924812  1.2529999999999999e-07  1.3659999999999994e-12
417  67528414.847008258  1.2529999999999999e-07  1.3659999999999994e-12
418  71458359.373538479  1.2529999999999999e-07  1.3659999999999994e-12
419  79190854.158070251  1.2529999999999999e-07  1.3659999999999994e-12
420  94743663.120244503  1.2529999999999999e-07  1.3659999999999994e-12
421  126025917.21212807  1.2529999999999999e-07  1.3659999999999994e-12
422  188945703.82103935  1.2529999999999999e-07  1.3659999999999994e-12
423  277783106.49966466  1.2529999999999999e-07  1.3659999999999994e-12
424  366620509.17828995  1.2529999999999999e-07  1.3659999999999994e-12
425  455457911.85691524  1.2529999999999999e-07  1.3659999999999994e-12
426  544295314.53554058  1.2529999999999999e-07  1.3659999999999994e-12
427  633132717.21416616  1.2529999999999999e-07  1.3659999999999994e-12
428  721970119.89279175  1.2529999999999999e-07  1.3659999999999994e-12
429  810807522.57141733  1.2529999999999999e-07  1.3659999999999994e-12
430  899644925.25004292  1.2529999999999999e-07  1.3659999999999994e-12
431  988482327.9286685  1.2529999999999999e-07  1.3659999999999994e-12
432  1077319730.6072941  1.2529999999999999e-07  1.3659999999999994e-12
433  1166157133.2859197  1.2529999999999999e-07  1.3659999999999994e-12
434  1254994535.9645452  1.2529999999999999e-07  1.3659999999999994e-12
435  1343831938.6431708  1.2529999999999999e-07  1.3659999999999994e-12
436  1432669341.3217964  1.2529999999999999e-07  1.3659999999999994e-12
437  1521506744.000422  1.2529999999999999e-07  1.3659999999999994e-12
438  1610344146.6790476  1.2529999999999999e-07  1.3659999999999994e-12
439  1699181549.3576732  1.2529999999999999e-07  1.3659999999999994e-12
440  1788018952.0362988  1.2529999999999999e-07  1.3659999999999994e-12
441  1876856354.7149243  1.2529999999999999e-07  1.3659999999999994e-12
442  1965693757.3935499  1.2529999999999999e-07  1.3659999999999994e-12
443  2072180931.0493512  1.2529999999999999e-07  1.3659999999999994e-12
444  2281703357.9829469  1.2529999999999999e-07  1.3659999999999994e-12
445  2674569613.8402157  1.2529999999999999e-07  1.3659999999999994e-12
446  3114124152.3752337  1.2529999999999999e-07  1.3659999999999994e-12
447  3595216594.8018103  1.2529999999999999e-07  1.3659999999999994e-12
448  4496683093.3577843  1.2529999999999999e-07  1.3659999999999994e-12
449  6309854214.5188007  1.2529999999999999e-07  1.3659999999999994e-12
450  9956788981.2334442  1.2529999999999999e-07  1.3659999999999994e-12
451  17292077436.608574  1.2529999999999999e-07  1.3659999999999994e-12
452  32045962593.713108  1.2529999999999999e-07  1.3659999999999994e-12
453  61721295548.00486  1.2529999999999999e-07  1.3659999999999994e-12
454  121408989777.0752  1.2529999999999999e-07  1.3659999999999994e-12
455  241462262570.01801  1.2529999999999999e-07  1.3659999999999994e-12
456  482932275685.00171  1.2529999999999999e-07  1.3659999999999994e-12
457  968614722129.54321  1.2529999999999999e-07  1.3659999999999994e-12
458  1945495601628.3552  1.2529999999999999e-07  1.3659999999999994e-12
459  3910351979939.6113  1.2529999999999999e-07  1.3659999999999994e-12
460  7261005442123.333  1.2529999999999999e-07  1.3659999999999994e-12
461  10745067021750.398  1.2529999999999999e-07  1.3659999999999994e-12
462  14229128601377.465  1.2529999999999999e-07  1.3659999999999994e-12
463  17713190181004.531  1.2529999999999999e-07  1.3659999999999994e-12
464  21197251760631.602  1.2529999999999999e-07  1.3659999999999994e-12
465  24681313340258.672  1.2529999999999999e-07  1.3659999999999994e-12
466  30084213777972.938  1.2529999999999999e-07  1.3659999999999994e-12
467  40951376406716.414  1.2529999999999999e-07  1.3659999999999994e-12
468  61990307830225.625  1.2529999999999999e-07  1.3659999999999994e-12
469  86444381434374.094  1.2529999999999999e-07  1.3659999999999994e-12
470  110898455038522.55  1.2529999999999999e-07  1.3659999999999994e-12
471  135352528642671  1.2529999999999999e-07  1.3659999999999994e-12
472  159806602246819.47  1.2529999999999999e-07  1.3659999999999994e-12
473  184260675850967.91  1.2529999999999999e-07  1.3659999999999994e-12
474  208714749455116.34  1.2529999999999999e-07  1.3659999999999994e-12
475  233168823059264.78  1.2529999999999999e-07  1.3659999999999994e-12
476  257622896663413.22  1.2529999999999999e-07  1.3659999999999994e-12
477  282076970267561.69  1.2529999999999999e-07  1.3659999999999994e-12
478  306531043871710.12  1.2529999999999999e-07  1.3659999999999994e-12
479  330985117475858.56  1.2529999999999999e-07  1.3659999999999994e-12
480  355439191080007  1.2529999999999999e-07  1.3659999999999994e-12
481  379893264684155.44  1.2529999999999999e-07  1.3659999999999994e-12
482  404347338288303.88  1.2529999999999999e-07  1.3659999999999994e-12
483  428801411892452.31  1.2529999999999999e-07  1.3659999999999994e-12
484  453255485496600.75  1.2529999999999999e-07  1.3659999999999994e-12
485  477709559100749.19  1.2529999999999999e-07  1.3659999999999994e-12
486  502163632704897.62  1.2529999999999999e-07  1.3659999999999994e-12
487  526617706309046.06  1.2529999999999999e-07  1.3659999999999994e-12
488  559593443779992.12  1.2529999999999999e-07  1.3659999999999994e-12
489  625919430355292.75  1.2529999999999999e-07  1.3659999999999994e-12
490  759324680171551.75  1.2529999999999999e-07  1.3659999999999994e-12
491  1027650288239717.6  1.2529999999999999e-07  1.3659999999999994e-12
492  1567348928617930.8  1.2529999999999999e-07  1.3659999999999994e-12
493  2652875668026627.5  1.2529999999999999e-07  1.3659999999999994e-12
494  3150000000000000  1.2529999999999999e-07  1.3659999999999994e-12
