1  6.65199e-100  0.36771  4.41626e-19  0  0.133
2  1.81962e-36  0.36771  1.01221e-18  1.98019e-18  0.133
3  2.45719e-36  0.36771  1.17622e-18  5.27239e-18  0.133
4  2.61687e-36  0.36771  1.21384e-18  1.23326e-17  0.133
5  2.62657e-36  0.36771  1.21609e-18  2.66433e-17  0.133
6  2.6267e-36  0.36771  1.21611e-18  5.5434e-17  0.133
7  2.62716e-36  0.36771  1.21611e-18  1.13342e-16  0.133
8  2.62953e-36  0.36771  1.21611e-18  2.29814e-16  0.133
9  2.64022e-36  0.36771  1.21611e-18  4.64077e-16  0.133
10  2.68563e-36  0.36771  1.21611e-18  9.35242e-16  0.133
11  2.84299e-36  0.36771  1.21611e-18  1.76855e-15  0.133
12  3.08946e-36  0.36771  1.2161e-18  2.59245e-15  0.133
13  3.61225e-36  0.36771  1.2161e-18  3.78544e-15  0.133
14  4.7182e-36  0.367709  1.21609e-18  5.51717e-15  0.133
15  7.0517e-36  0.367709  1.21607e-18  8.03404e-15  0.133
16  1.19615e-35  0.367709  1.21605e-18  1.1695e-14  0.133
17  2.22558e-35  0.367708  1.21603e-18  1.70229e-14  0.133
18  4.37402e-35  0.367707  1.21598e-18  2.4781e-14  0.133
19  8.8303e-35  0.367706  1.21592e-18  3.60849e-14  0.133
20  1.57515e-34  0.367704  1.21586e-18  4.90704e-14  0.133
21  2.56682e-34  0.367703  1.21578e-18  6.36313e-14  0.133
22  4.16526e-34  0.3677  1.21568e-18  8.23991e-14  0.133
23  6.72142e-34  0.367698  1.21555e-18  1.06615e-13  0.133
24  1.07727e-33  0.367694  1.21538e-18  1.37882e-13  0.133
25  1.71307e-33  0.367689  1.21516e-18  1.78269e-13  0.133
26  2.7007e-33  0.367683  1.21488e-18  2.3045e-13  0.133
27  3.98567e-33  0.367676  1.21456e-18  2.88351e-13  0.133
28  5.62613e-33  0.367667  1.2142e-18  3.52883e-13  0.133
29  7.90165e-33  0.367657  1.21376e-18  4.31694e-13  0.133
30  1.10542e-32  0.367644  1.21321e-18  5.27951e-13  0.133001
31  1.54354e-32  0.367628  1.21251e-18  6.45401e-13  0.133002
32  2.16005e-32  0.367607  1.21163e-18  7.8837e-13  0.133003
33  2.88333e-32  0.367585  1.21071e-18  9.31512e-13  0.133005
34  3.78455e-32  0.36756  1.2097e-18  1.08002e-12  0.133007
35  4.96328e-32  0.367532  1.20857e-18  1.23508e-12  0.133011
36  6.74417e-32  0.367499  1.20721e-18  1.40966e-12  0.133016
37  9.67652e-32  0.367457  1.20552e-18  1.60527e-12  0.133024
38  1.39914e-31  0.367412  1.20373e-18  1.79204e-12  0.133034
39  2.10693e-31  0.36736  1.20163e-18  1.98506e-12  0.133048
40  3.35094e-31  0.367296  1.19908e-18  2.1897e-12  0.133065
41  5.59505e-31  0.367217  1.19593e-18  2.40302e-12  0.133089
42  9.70642e-31  0.367115  1.19202e-18  2.62e-12  0.133122
43  1.72854e-30  0.366983  1.18714e-18  2.83276e-12  0.133165
44  3.12172e-30  0.366807  1.18103e-18  3.02956e-12  0.133223
45  5.652e-30  0.366564  1.1734e-18  3.19395e-12  0.133299
46  1.01993e-29  0.366216  1.16376e-18  3.30371e-12  0.133399
47  1.82275e-29  0.365749  1.15044e-18  3.32359e-12  0.133516
48  3.01015e-29  0.365171  1.13396e-18  3.24656e-12  0.133632
49  4.51468e-29  0.364519  1.11688e-18  3.1085e-12  0.133734
50  7.04839e-29  0.36384  1.09657e-18  2.94117e-12  0.133818
51  1.13933e-28  0.363128  1.0733e-18  2.74741e-12  0.133888
52  1.99163e-28  0.362558  1.04851e-18  2.56246e-12  0.133935
53  3.21647e-28  0.362278  1.02973e-18  2.44403e-12  0.133958
54  4.78041e-28  0.362126  1.01473e-18  2.36182e-12  0.13397
55  6.42384e-28  0.362034  1.00333e-18  2.30036e-12  0.133978
56  8.2759e-28  0.36197  9.93731e-19  2.25117e-12  0.133983
57  1.02832e-27  0.361919  9.85472e-19  2.2103e-12  0.133987
58  1.23581e-27  0.361876  9.78346e-19  2.17531e-12  0.13399
59  1.44466e-27  0.361836  9.72138e-19  2.14456e-12  0.133993
60  1.64822e-27  0.361799  9.6671e-19  2.11689e-12  0.133995
61  1.84305e-27  0.361763  9.61912e-19  2.0913e-12  0.133996
62  2.03183e-27  0.361726  9.5755e-19  2.06681e-12  0.133998
63  2.22278e-27  0.361686  9.53372e-19  2.042e-12  0.134
64  2.43617e-27  0.361638  9.48936e-19  2.01395e-12  0.134001
65  2.74072e-27  0.36156  9.42954e-19  1.97279e-12  0.134004
66  3.26183e-27  0.361394  9.33266e-19  1.896e-12  0.134007
67  3.74037e-27  0.361171  9.24227e-19  1.8099e-12  0.134012
68  4.07176e-27  0.360932  9.17246e-19  1.73076e-12  0.134015
69  4.34413e-27  0.360671  9.11234e-19  1.65533e-12  0.134018
70  4.64567e-27  0.360353  9.05054e-19  1.57512e-12  0.134022
71  5.0316e-27  0.359972  8.98494e-19  1.49157e-12  0.134026
72  5.57536e-27  0.359519  8.91313e-19  1.40521e-12  0.13403
73  6.37279e-27  0.358981  8.83334e-19  1.31646e-12  0.134034
74  7.56028e-27  0.358354  8.74494e-19  1.22597e-12  0.134038
75  9.35185e-27  0.357642  8.64839e-19  1.1344e-12  0.134043
76  1.22885e-26  0.356862  8.54131e-19  1.04229e-12  0.134048
77  1.75897e-26  0.356049  8.41993e-19  9.50601e-13  0.134053
78  2.57865e-26  0.355357  8.30493e-19  8.72135e-13  0.134057
79  3.69705e-26  0.354831  8.20635e-19  8.09793e-13  0.134061
80  5.54349e-26  0.354364  8.10387e-19  7.51082e-13  0.134064
81  8.07004e-26  0.354003  8.01415e-19  7.03859e-13  0.134067
82  1.1275e-25  0.353712  7.93726e-19  6.65381e-13  0.134069
83  1.51386e-25  0.353454  7.87123e-19  6.32048e-13  0.134071
84  1.97636e-25  0.3532  7.81268e-19  6.00795e-13  0.134073
85  2.5576e-25  0.352919  7.75698e-19  5.68424e-13  0.134075
86  3.24438e-25  0.352607  7.70621e-19  5.35404e-13  0.134077
87  4.16977e-25  0.352191  7.65301e-19  4.95536e-13  0.13408
88  5.31515e-25  0.351632  7.60128e-19  4.48163e-13  0.134083
89  6.42903e-25  0.350965  7.55965e-19  3.9848e-13  0.134088
90  7.48607e-25  0.350178  7.52462e-19  3.46994e-13  0.134094
91  8.59051e-25  0.349265  7.49092e-19  2.95076e-13  0.134102
92  9.83212e-25  0.348265  7.45592e-19  2.46263e-13  0.134112
93  1.14625e-24  0.347155  7.41484e-19  2.00596e-13  0.134125
94  1.38301e-24  0.345991  7.36492e-19  1.61141e-13  0.134142
95  1.71853e-24  0.344828  7.30777e-19  1.29251e-13  0.13416
96  2.21143e-24  0.343661  7.24284e-19  1.03642e-13  0.13418
97  2.98069e-24  0.342368  7.16682e-19  8.1438e-14  0.134203
98  4.21269e-24  0.340917  7.08014e-19  6.25033e-14  0.13423
99  6.16144e-24  0.339369  6.98773e-19  4.74557e-14  0.134258
100  8.41826e-24  0.338078  6.91411e-19  3.78419e-14  0.134282
101  1.13944e-23  0.336793  6.84505e-19  3.03037e-14  0.134306
102  1.51044e-23  0.335572  6.78363e-19  2.45986e-14  0.134328
103  1.92183e-23  0.334489  6.73348e-19  2.04862e-14  0.134348
104  2.33938e-23  0.333518  6.69025e-19  1.74205e-14  0.134365
105  2.79518e-23  0.332635  6.65553e-19  1.50701e-14  0.134381
106  3.25838e-23  0.331817  6.62603e-19  1.32094e-14  0.134396
107  3.73434e-23  0.331047  6.60006e-19  1.16989e-14  0.134409
108  4.28601e-23  0.330176  6.57263e-19  1.02361e-14  0.134425
109  4.88598e-23  0.329244  6.54463e-19  8.91224e-15  0.134441
110  5.59429e-23  0.328126  6.51181e-19  7.60099e-15  0.134461
111  6.3518e-23  0.326783  6.47137e-19  6.34245e-15  0.134486
112  7.04427e-23  0.325243  6.42127e-19  5.22397e-15  0.134516
113  7.54456e-23  0.32352  6.35871e-19  4.28089e-15  0.134552
114  7.7636e-23  0.321707  6.28511e-19  3.54516e-15  0.134595
115  7.65986e-23  0.319734  6.19779e-19  2.96424e-15  0.134649
116  7.21446e-23  0.317565  6.09742e-19  2.51614e-15  0.134722
117  6.49002e-23  0.315215  5.98973e-19  2.19023e-15  0.134821
118  5.57093e-23  0.312747  5.88547e-19  1.97521e-15  0.134963
119  4.68202e-23  0.310515  5.80685e-19  1.86938e-15  0.135146
120  3.91254e-23  0.308594  5.7585e-19  1.8456e-15  0.135373
121  3.2793e-23  0.306984  5.73817e-19  1.88437e-15  0.135651
122  2.77982e-23  0.305675  5.73933e-19  1.97035e-15  0.135973
123  2.38674e-23  0.304561  5.75228e-19  2.08903e-15  0.136346
124  2.09156e-23  0.303572  5.76748e-19  2.22383e-15  0.13677
125  1.88676e-23  0.302516  5.775e-19  2.36693e-15  0.137307
126  1.79894e-23  0.301332  5.76152e-19  2.47024e-15  0.137961
127  1.81316e-23  0.299913  5.72011e-19  2.4805e-15  0.138734
128  1.85778e-23  0.298257  5.65633e-19  2.3818e-15  0.13958
129  1.86739e-23  0.296588  5.58661e-19  2.23021e-15  0.14038
130  1.82426e-23  0.295033  5.52082e-19  2.08077e-15  0.141095
131  1.73023e-23  0.293428  5.45402e-19  1.93684e-15  0.141819
132  1.5882e-23  0.291745  5.38717e-19  1.80635e-15  0.142578
133  1.41882e-23  0.290044  5.32489e-19  1.69792e-15  0.143355
134  1.23634e-23  0.288268  5.26837e-19  1.61359e-15  0.144184
135  1.08629e-23  0.286611  5.21778e-19  1.54947e-15  0.144968
136  9.36857e-24  0.284832  5.17071e-19  1.49464e-15  0.145817
137  8.00211e-24  0.282878  5.12878e-19  1.45553e-15  0.14676
138  6.77285e-24  0.280666  5.10408e-19  1.45376e-15  0.147855
139  5.94377e-24  0.278031  5.06796e-19  1.46466e-15  0.149169
140  5.27692e-24  0.27498  5.04172e-19  1.48991e-15  0.150692
141  5.00764e-24  0.271784  5.00911e-19  1.51979e-15  0.15228
142  5.00117e-24  0.268169  4.96736e-19  1.53601e-15  0.154031
143  5.33406e-24  0.264023  4.91718e-19  1.54423e-15  0.155978
144  6.22105e-24  0.259354  4.87146e-19  1.55945e-15  0.158109
145  8.0529e-24  0.25429  4.82862e-19  1.58527e-15  0.160366
146  1.10433e-23  0.249962  4.81445e-19  1.63634e-15  0.162306
147  1.51723e-23  0.246443  4.82531e-19  1.70023e-15  0.163912
148  2.05327e-23  0.243588  4.85815e-19  1.77696e-15  0.165258
149  2.74235e-23  0.241201  4.9173e-19  1.86287e-15  0.166421
150  4.20601e-23  0.239199  5.05716e-19  1.96503e-15  0.167434
151  5.42322e-23  0.237482  5.18909e-19  2.07892e-15  0.168334
152  6.89188e-23  0.236016  5.35442e-19  2.20346e-15  0.169132
153  8.57185e-23  0.234732  5.5552e-19  2.33863e-15  0.169853
154  1.04885e-22  0.233611  5.79678e-19  2.48656e-15  0.170505
155  1.26669e-22  0.232621  6.07885e-19  2.64755e-15  0.171096
156  1.5046e-22  0.231743  6.40305e-19  2.8221e-15  0.171636
157  1.76201e-22  0.230953  6.76558e-19  3.01064e-15  0.172133
158  2.14693e-22  0.230008  7.33125e-19  3.28838e-15  0.172744
159  2.65922e-22  0.228973  8.1452e-19  3.67861e-15  0.173436
160  3.17745e-22  0.228107  9.02689e-19  4.09083e-15  0.174034
161  3.69327e-22  0.227357  9.96409e-19  4.52509e-15  0.174566
162  4.16489e-22  0.226694  1.09081e-18  4.97659e-15  0.17505
163  4.59894e-22  0.226102  1.18564e-18  5.43833e-15  0.175494
164  4.95724e-22  0.225567  1.27518e-18  5.90552e-15  0.175907
165  5.26297e-22  0.225079  1.36103e-18  6.37333e-15  0.176296
166  5.43093e-22  0.224639  1.42969e-18  6.82583e-15  0.176659
167  5.59736e-22  0.224233  1.49898e-18  7.26792e-15  0.177006
168  5.64932e-22  0.22385  1.55198e-18  7.70515e-15  0.177345
169  5.63349e-22  0.223479  1.59577e-18  8.14485e-15  0.177687
170  5.54251e-22  0.223136  1.62526e-18  8.56177e-15  0.178016
171  5.38629e-22  0.222819  1.6408e-18  8.95396e-15  0.178333
172  5.1666e-22  0.222528  1.64131e-18  9.31805e-15  0.178637
173  4.86294e-22  0.22224  1.62484e-18  9.68141e-15  0.178952
174  4.45646e-22  0.221925  1.58984e-18  1.00814e-14  0.179318
175  4.01859e-22  0.221645  1.53894e-18  1.0436e-14  0.179662
176  3.56077e-22  0.221401  1.47394e-18  1.07463e-14  0.179984
177  3.11941e-22  0.221187  1.40301e-18  1.10175e-14  0.180285
178  2.7023e-22  0.221  1.32887e-18  1.12553e-14  0.180569
179  2.24758e-22  0.220829  1.23734e-18  1.14729e-14  0.180852
180  1.84167e-22  0.220682  1.14851e-18  1.1658e-14  0.181117
181  1.51594e-22  0.220558  1.07314e-18  1.18145e-14  0.181363
182  1.2459e-22  0.220449  1.00691e-18  1.19486e-14  0.181597
183  9.80778e-23  0.220357  9.3569e-19  1.20607e-14  0.181815
184  7.68273e-23  0.220276  8.75559e-19  1.21566e-14  0.182025
185  5.95507e-23  0.220203  8.24281e-19  1.22394e-14  0.182229
186  4.32197e-23  0.220123  7.73467e-19  1.2325e-14  0.182472
187  2.92865e-23  0.220044  7.27744e-19  1.24024e-14  0.182729
188  1.94608e-23  0.219972  6.94438e-19  1.24659e-14  0.182976
189  1.30866e-23  0.219906  6.7296e-19  1.2519e-14  0.183215
190  8.57274e-24  0.219843  6.58308e-19  1.25642e-14  0.183449
191  5.57509e-24  0.219784  6.49714e-19  1.26028e-14  0.183676
192  3.55377e-24  0.219726  6.45449e-19  1.26361e-14  0.183897
193  2.22576e-24  0.219671  6.4455e-19  1.26649e-14  0.184111
194  1.35478e-24  0.219618  6.46247e-19  1.26906e-14  0.184323
195  7.21999e-25  0.219553  6.50938e-19  1.27183e-14  0.184577
196  3.77755e-25  0.219495  6.57499e-19  1.27415e-14  0.184809
197  1.93213e-25  0.219443  6.65325e-19  1.27608e-14  0.185014
198  9.61037e-26  0.219397  6.74086e-19  1.27775e-14  0.185195
199  4.59426e-26  0.219358  6.83671e-19  1.27919e-14  0.185352
200  2.21419e-26  0.219327  6.93372e-19  1.28039e-14  0.185475
201  1.02709e-26  0.219302  7.03689e-19  1.28145e-14  0.185576
202  4.25203e-27  0.219281  7.15495e-19  1.28243e-14  0.185658
203  1.76745e-27  0.219267  7.27215e-19  1.28322e-14  0.185714
204  7.04619e-28  0.219258  7.39437e-19  1.28388e-14  0.185752
205  2.49205e-28  0.219251  7.5312e-19  1.28448e-14  0.185778
206  8.63349e-29  0.219247  7.66931e-19  1.28496e-14  0.185794
207  3.00617e-29  0.219245  7.80512e-19  1.28533e-14  0.185803
208  1.02924e-29  0.219244  7.9406e-19  1.28563e-14  0.185808
209  3.52881e-30  0.219243  8.07319e-19  1.28586e-14  0.185811
210  1.21166e-30  0.219243  8.20243e-19  1.28604e-14  0.185812
211  4.15886e-31  0.219242  8.32793e-19  1.28619e-14  0.185813
212  9.28069e-32  0.219242  8.49637e-19  1.28633e-14  0.185814
213  1.82964e-32  0.219242  8.6673e-19  1.28645e-14  0.185814
214  3.59376e-33  0.219242  8.82561e-19  1.28653e-14  0.185814
215  7.0424e-34  0.219242  8.96972e-19  1.28658e-14  0.185814
216  1.37488e-34  0.219242  9.09882e-19  1.28662e-14  0.185814
217  2.71325e-35  0.219242  9.21244e-19  1.28665e-14  0.185814
218  5.52449e-36  0.219242  9.31085e-19  1.28667e-14  0.185814
219  1.1798e-36  0.219242  9.39485e-19  1.28668e-14  0.185814
220  2.45207e-37  0.219242  9.47145e-19  1.28669e-14  0.185814
221  5.55105e-38  0.219242  9.53805e-19  1.2867e-14  0.185814
222  1.58006e-38  0.219242  9.59106e-19  1.28671e-14  0.185814
223  5.52665e-39  0.219242  9.63268e-19  1.28671e-14  0.185814
224  2.31474e-39  0.219242  9.66496e-19  1.28671e-14  0.185814
225  1.15127e-39  0.219242  9.68975e-19  1.28671e-14  0.185814
226  6.75525e-40  0.219242  9.70863e-19  1.28671e-14  0.185814
227  4.52485e-40  0.219242  9.72291e-19  1.28671e-14  0.185814
228  3.29133e-40  0.219242  9.73364e-19  1.28671e-14  0.185814
229  2.22733e-40  0.219242  9.74449e-19  1.28672e-14  0.185814
230  1.55119e-40  0.219242  9.75169e-19  1.28672e-14  0.185814
231  1.0916e-40  0.219242  9.75628e-19  1.28672e-14  0.185814
232  7.74807e-41  0.219242  9.75923e-19  1.28672e-14  0.185814
233  5.4673e-41  0.219242  9.76116e-19  1.28672e-14  0.185814
234  4.05244e-41  0.219242  9.76226e-19  1.28672e-14  0.185814
235  3.00995e-41  0.219242  9.76301e-19  1.28672e-14  0.185814
236  2.24026e-41  0.219242  9.76352e-19  1.28672e-14  0.185814
237  1.67625e-41  0.219242  9.76387e-19  1.28672e-14  0.185814
238  1.25148e-41  0.219242  9.76411e-19  1.28672e-14  0.185814
239  9.01326e-42  0.219242  9.7643e-19  1.28672e-14  0.185814
240  6.68344e-42  0.219242  9.76442e-19  1.28672e-14  0.185814
241  6.80205e-42  0.219242  9.76452e-19  1.28672e-14  0.185814
242  6.91976e-42  0.219242  9.7646e-19  1.28672e-14  0.185814
243  7.08768e-42  0.219242  9.76469e-19  1.28672e-14  0.185814
244  7.25726e-42  0.219242  9.76476e-19  1.28672e-14  0.185814
245  7.42391e-42  0.219242  9.76482e-19  1.28672e-14  0.185814
246  7.58742e-42  0.219242  9.76487e-19  1.28672e-14  0.185814
247  7.7416e-42  0.219242  9.76491e-19  1.28672e-14  0.185814
248  7.90223e-42  0.219242  9.76494e-19  1.28672e-14  0.185814
249  8.05986e-42  0.219242  9.76497e-19  1.28672e-14  0.185814
250  8.21425e-42  0.219242  9.76499e-19  1.28672e-14  0.185814
251  8.36523e-42  0.219242  9.76501e-19  1.28672e-14  0.185814
252  8.5126e-42  0.219242  9.76503e-19  1.28672e-14  0.185814
253  8.67694e-42  0.219242  9.76504e-19  1.28672e-14  0.185814
254  8.83601e-42  0.219242  9.76506e-19  1.28672e-14  0.185814
255  8.98964e-42  0.219242  9.76507e-19  1.28672e-14  0.185814
256  9.15898e-42  0.219242  9.76508e-19  1.28672e-14  0.185814
257  9.32075e-42  0.219242  9.76509e-19  1.28672e-14  0.185814
258  9.47492e-42  0.219242  9.76509e-19  1.28672e-14  0.185814
259  9.64237e-42  0.219242  9.7651e-19  1.28672e-14  0.185814
260  9.79979e-42  0.219242  9.76511e-19  1.28672e-14  0.185814
261  9.94737e-42  0.219242  9.76511e-19  1.28672e-14  0.185814
262  1.01048e-41  0.219242  9.76512e-19  1.28672e-14  0.185814
263  1.025e-41  0.219242  9.76512e-19  1.28672e-14  0.185814
264  1.03835e-41  0.219242  9.76512e-19  1.28672e-14  0.185814
265  1.0523e-41  0.219242  9.76513e-19  1.28672e-14  0.185814
266  1.06488e-41  0.219242  9.76513e-19  1.28672e-14  0.185814
267  1.07619e-41  0.219242  9.76513e-19  1.28672e-14  0.185814
268  1.08772e-41  0.219242  9.76513e-19  1.28672e-14  0.185814
269  1.09786e-41  0.219242  9.76514e-19  1.28672e-14  0.185814
270  1.10676e-41  0.219242  9.76514e-19  1.28672e-14  0.185814
271  1.1156e-41  0.219242  9.76514e-19  1.28672e-14  0.185814
272  1.12317e-41  0.219242  9.76514e-19  1.28672e-14  0.185814
273  1.12817e-41  0.219242  9.76514e-19  1.28672e-14  0.185814
