1  0.366211  0.133077
2  0.366211  0.133077
3  0.366211  0.133077
4  0.366211  0.133077
5  0.366211  0.133077
6  0.366211  0.133077
7  0.366211  0.133077
8  0.366211  0.133077
9  0.366211  0.133078
10  0.366211  0.133078
11  0.366211  0.133079
12  0.366211  0.133079
13  0.36621  0.133079
14  0.36621  0.133079
15  0.36621  0.133079
16  0.36621  0.133079
17  0.36621  0.133079
18  0.36621  0.133079
19  0.36621  0.133079
20  0.36621  0.133079
21  0.36621  0.133079
22  0.366209  0.133079
23  0.366209  0.133079
24  0.366208  0.133079
25  0.366206  0.133079
26  0.366204  0.133079
27  0.366201  0.133079
28  0.366197  0.133079
29  0.36619  0.133079
30  0.366181  0.133079
31  0.366168  0.13308
32  0.36615  0.13308
33  0.366128  0.13308
34  0.366101  0.133081
35  0.366067  0.133082
36  0.366024  0.133085
37  0.365967  0.133091
38  0.365892  0.133103
39  0.3658  0.133122
40  0.365702  0.133147
41  0.365595  0.133178
42  0.365471  0.133216
43  0.365291  0.133274
44  0.365025  0.133357
45  0.364677  0.133458
46  0.364227  0.133574
47  0.363669  0.133692
48  0.362988  0.133803
49  0.362181  0.133904
50  0.361367  0.133982
51  0.360843  0.134026
52  0.360586  0.134046
53  0.360447  0.134058
54  0.36036  0.134065
55  0.360298  0.13407
56  0.360248  0.134074
57  0.360204  0.134077
58  0.360165  0.134079
59  0.360127  0.134081
60  0.360089  0.134083
61  0.360051  0.134085
62  0.360008  0.134087
63  0.359952  0.134088
64  0.359846  0.134091
65  0.359651  0.134096
66  0.359408  0.1341
67  0.359161  0.134103
68  0.358877  0.134107
69  0.358531  0.13411
70  0.358107  0.134114
71  0.357598  0.134118
72  0.357027  0.134123
73  0.356391  0.134127
74  0.355843  0.134131
75  0.355374  0.134134
76  0.354972  0.134136
77  0.354625  0.134138
78  0.354324  0.13414
79  0.354061  0.134142
80  0.35383  0.134143
81  0.353626  0.134144
82  0.353323  0.134147
83  0.352826  0.13415
84  0.352435  0.134153
85  0.352128  0.134155
86  0.351863  0.134157
87  0.351611  0.134159
88  0.351339  0.134161
89  0.351039  0.134164
90  0.350669  0.134166
91  0.350062  0.13417
92  0.349266  0.134176
93  0.348278  0.134184
94  0.347132  0.134195
95  0.346072  0.134207
96  0.344876  0.134223
97  0.343562  0.134243
98  0.342163  0.134266
99  0.340879  0.134289
100  0.339801  0.134309
101  0.338879  0.134326
102  0.338078  0.13434
103  0.337373  0.134353
104  0.336745  0.134364
105  0.336179  0.134375
106  0.335665  0.134384
107  0.335081  0.134395
108  0.333982  0.134414
109  0.332892  0.134434
110  0.331914  0.134451
111  0.331026  0.134467
112  0.330205  0.134482
113  0.329432  0.134495
114  0.328639  0.134509
115  0.327784  0.134524
116  0.326735  0.134543
117  0.32544  0.134566
118  0.324047  0.134593
119  0.322748  0.134619
120  0.321482  0.134646
121  0.320184  0.134677
122  0.318904  0.13471
123  0.3176  0.134749
124  0.316137  0.134797
125  0.314555  0.134859
126  0.312308  0.13497
127  0.310096  0.135119
128  0.308162  0.135299
129  0.306404  0.135534
130  0.304728  0.135865
131  0.303399  0.136246
132  0.302293  0.136674
133  0.30115  0.137227
134  0.299539  0.138108
135  0.29674  0.13957
136  0.293228  0.141209
137  0.290293  0.142528
138  0.287526  0.143791
139  0.284498  0.145213
140  0.280889  0.146943
141  0.277481  0.148635
142  0.273715  0.150503
143  0.27004  0.152327
144  0.265904  0.154323
145  0.261254  0.156486
146  0.256178  0.158785
147  0.251164  0.161023
148  0.247123  0.162844
149  0.243831  0.164363
150  0.241126  0.165649
151  0.238871  0.166763
152  0.236964  0.167739
153  0.235334  0.168605
154  0.233927  0.169379
155  0.232696  0.170079
156  0.231621  0.17071
157  0.230666  0.171286
158  0.229818  0.171812
159  0.229052  0.172298
160  0.228044  0.172956
161  0.227057  0.173622
162  0.226227  0.1742
163  0.225499  0.17472
164  0.224856  0.175193
165  0.224279  0.175629
166  0.223757  0.176036
167  0.22328  0.17642
168  0.222851  0.176777
169  0.222451  0.177122
170  0.222071  0.177462
171  0.221706  0.177801
172  0.22137  0.178128
173  0.221059  0.178441
174  0.220775  0.178742
175  0.22046  0.179092
176  0.220156  0.179451
177  0.219887  0.179789
178  0.219652  0.180105
179  0.219446  0.180401
180  0.219267  0.180681
181  0.219098  0.180966
182  0.218959  0.181224
183  0.21884  0.181467
184  0.218736  0.181697
185  0.218649  0.18191
186  0.218569  0.182122
187  0.218496  0.18233
188  0.218411  0.182592
189  0.218335  0.182846
190  0.218266  0.18309
191  0.218201  0.183328
192  0.218139  0.18356
193  0.21808  0.183786
194  0.218023  0.184005
195  0.217969  0.184217
196  0.217913  0.184437
197  0.217851  0.184685
198  0.217794  0.18491
199  0.217744  0.185106
200  0.217701  0.185281
201  0.217664  0.185427
202  0.217635  0.185541
203  0.217611  0.185637
204  0.217593  0.185711
205  0.21758  0.18576
206  0.217572  0.185795
207  0.217566  0.185818
208  0.217562  0.185832
209  0.217561  0.185839
210  0.21756  0.185843
211  0.217559  0.185846
212  0.217559  0.185847
213  0.217558  0.185848
214  0.217558  0.185848
215  0.217558  0.185849
216  0.217558  0.185849
217  0.217558  0.185849
218  0.217558  0.185849
219  0.217558  0.185849
220  0.217558  0.185849
221  0.217558  0.185849
222  0.217558  0.185849
223  0.217558  0.185849
224  0.217558  0.185849
225  0.217558  0.185849
226  0.217558  0.185849
227  0.217558  0.185849
228  0.217558  0.185849
229  0.217558  0.185849
230  0.217558  0.185849
231  0.217558  0.185849
232  0.217558  0.185849
233  0.217558  0.185849
234  0.217558  0.185849
235  0.217558  0.185849
236  0.217558  0.185849
237  0.217558  0.185849
238  0.217558  0.185849
239  0.217558  0.185849
240  0.217558  0.185849
241  0.217558  0.185849
242  0.217558  0.185849
243  0.217558  0.185849
244  0.217558  0.185849
245  0.217558  0.185849
246  0.217558  0.185849
247  0.217558  0.185849
248  0.217558  0.185849
249  0.217558  0.185849
250  0.217558  0.185849
251  0.217558  0.185849
252  0.217558  0.185849
253  0.217558  0.185849
254  0.217558  0.185849
255  0.217558  0.185849
256  0.217558  0.185849
257  0.217558  0.185849
258  0.217558  0.185849
259  0.217558  0.185849
260  0.217558  0.185849
261  0.217558  0.185849
262  0.217558  0.185849
263  0.217558  0.185849
264  0.217558  0.185849
265  0.217558  0.185849
266  0.217558  0.185849
267  0.217558  0.185849
268  0.217558  0.185849
269  0.217558  0.185849
270  0.217558  0.185849
271  0.217558  0.185849
272  0.217558  0.185849
273  0.217558  0.185849
274  0.217558  0.185849
275  0.217558  0.185849
276  0.217558  0.185849
277  0.217558  0.185849
278  0.217558  0.185849
279  0.217558  0.185849
280  0.217558  0.185849
281  0.217558  0.185849
282  0.217558  0.185849
283  0.217558  0.185849
284  0.217558  0.185849
285  0.217558  0.185849
286  0.217558  0.185849
287  0.217558  0.185849
288  0.217558  0.185849
289  0.217558  0.185849
290  0.217558  0.185849
291  0.217558  0.185849
292  0.217558  0.185849
293  0.217558  0.185849
294  0.217558  0.185849
295  0.217558  0.185849
296  0.217558  0.185849
297  0.217558  0.185849
298  0.217558  0.185849
299  0.217558  0.185849
300  0.217558  0.185849
301  0.217558  0.185849
302  0.217558  0.185849
303  0.217558  0.185849
304  0.217558  0.185849
305  0.217558  0.185849
306  0.217558  0.185849
307  0.217558  0.185849
308  0.217558  0.185849
309  0.217558  0.185849
310  0.217558  0.185849
311  0.217558  0.185849
312  0.217558  0.185849
313  0.217558  0.185849
314  0.217558  0.185849
315  0.217558  0.185849
316  0.217558  0.185849
317  0.217558  0.185849
318  0.217558  0.185849
319  0.217558  0.185849
320  0.217558  0.185849
321  0.217558  0.185849
322  0.217558  0.185849
323  0.217558  0.185849
324  0.217558  0.185849
325  0.217558  0.185849
326  0.217558  0.185849
327  0.217558  0.185849
328  0.217558  0.185849
329  0.217558  0.185849
330  0.217558  0.185849
331  0.217558  0.185849
332  0.217558  0.185849
333  0.217558  0.185849
334  0.217558  0.185849
335  0.217558  0.185849
336  0.217558  0.185849
337  0.217558  0.185849
338  0.217558  0.185849
339  0.217558  0.185849
340  0.217558  0.185849
341  0.217558  0.185849
342  0.217558  0.185849
343  0.217558  0.185849
344  0.217558  0.185849
345  0.217558  0.185849
346  0.217558  0.185849
347  0.217558  0.185849
348  0.217558  0.185849
349  0.217558  0.185849
350  0.217558  0.185849
351  0.217558  0.185849
352  0.217558  0.185849
353  0.217558  0.185849
354  0.217558  0.185849
355  0.217558  0.185849
356  0.217558  0.185849
357  0.217558  0.185849
358  0.217558  0.185849
359  0.217558  0.185849
360  0.217558  0.185849
361  0.217558  0.185849
362  0.217558  0.185849
363  0.217558  0.185849
364  0.217558  0.185849
365  0.217558  0.185849
366  0.217558  0.185849
367  0.217558  0.185849
368  0.217558  0.185849
369  0.217558  0.185849
370  0.217558  0.185849
371  0.217558  0.185849
372  0.217558  0.185849
373  0.217558  0.185849
374  0.217558  0.185849
375  0.217558  0.185849
376  0.217558  0.185849
377  0.217558  0.185849
378  0.217558  0.185849
379  0.217558  0.185849
380  0.217558  0.185849
381  0.217558  0.185849
382  0.217558  0.185849
383  0.217558  0.185849
384  0.217558  0.185849
385  0.217558  0.185849
386  0.217558  0.185849
387  0.217558  0.185849
388  0.217558  0.185849
389  0.217558  0.185849
390  0.217558  0.185849
391  0.217558  0.185849
392  0.217558  0.185849
393  0.217558  0.185849
394  0.217558  0.185849
395  0.217558  0.185849
396  0.217558  0.185849
397  0.217558  0.185849
398  0.217558  0.185849
399  0.217558  0.185849
400  0.217558  0.185849
401  0.217558  0.185849
402  0.217558  0.185849
403  0.217558  0.185849
404  0.217558  0.185849
405  0.217558  0.185849
406  0.217558  0.185849
407  0.217558  0.185849
408  0.217558  0.185849
409  0.217558  0.185849
410  0.217558  0.185849
411  0.217558  0.185849
412  0.217558  0.185849
413  0.217558  0.185849
414  0.217558  0.185849
415  0.217558  0.185849
416  0.217558  0.185849
417  0.217558  0.185849
418  0.217558  0.185849
419  0.217558  0.185849
420  0.217558  0.185849
421  0.217558  0.185849
422  0.217558  0.185849
423  0.217558  0.185849
424  0.217558  0.185849
425  0.217558  0.185849
426  0.217558  0.185849
427  0.217558  0.185849
428  0.217558  0.185849
429  0.217558  0.185849
430  0.217558  0.185849
431  0.217558  0.185849
432  0.217558  0.185849
433  0.217558  0.185849
434  0.217558  0.185849
435  0.217558  0.185849
436  0.217558  0.185849
437  0.217558  0.185849
438  0.217558  0.185849
439  0.217558  0.185849
440  0.217558  0.185849
441  0.217558  0.185849
442  0.217558  0.185849
443  0.217558  0.185849
444  0.217558  0.185849
445  0.217558  0.185849
446  0.217558  0.185849
447  0.217558  0.185849
448  0.217558  0.185849
449  0.217558  0.185849
450  0.217558  0.185849
451  0.217558  0.185849
452  0.217558  0.185849
453  0.217558  0.185849
454  0.217558  0.185849
455  0.217558  0.185849
456  0.217558  0.185849
457  0.217558  0.185849
458  0.217558  0.185849
459  0.217558  0.185849
460  0.217558  0.185849
461  0.217558  0.185849
462  0.217558  0.185849
463  0.217558  0.185849
464  0.217558  0.185849
465  0.217558  0.185849
466  0.217558  0.185849
467  0.217558  0.185849
