1  1.48296e-98  0.36771  0.133
2  1.65138e-36  0.36771  0.133
3  2.47641e-36  0.36771  0.133
4  2.79751e-36  0.36771  0.133
5  2.83298e-36  0.36771  0.133
6  2.83377e-36  0.36771  0.133
7  2.83434e-36  0.36771  0.133
8  2.83725e-36  0.36771  0.133
9  2.85028e-36  0.36771  0.133
10  2.90548e-36  0.36771  0.133
11  3.13337e-36  0.36771  0.133
12  3.47382e-36  0.36771  0.133
13  4.19506e-36  0.36771  0.133
14  5.71882e-36  0.367709  0.133
15  8.92896e-36  0.367709  0.133
16  1.5669e-35  0.367709  0.133
17  2.97594e-35  0.367708  0.133
18  5.90443e-35  0.367707  0.133
19  1.19427e-34  0.367705  0.133
20  2.12624e-34  0.367704  0.133
21  3.45333e-34  0.367702  0.133
22  5.57532e-34  0.367699  0.133
23  8.93446e-34  0.367696  0.133
24  1.41907e-33  0.367692  0.133
25  2.2308e-33  0.367687  0.133
26  3.46456e-33  0.36768  0.133
27  4.92773e-33  0.367672  0.133
28  6.82081e-33  0.367663  0.133
29  9.36477e-33  0.367652  0.133
30  1.27613e-32  0.367639  0.133001
31  1.72799e-32  0.367621  0.133002
32  2.33106e-32  0.367599  0.133003
33  3.0273e-32  0.367575  0.133005
34  3.85318e-32  0.367548  0.133007
35  4.83207e-32  0.367519  0.133011
36  6.21054e-32  0.367485  0.133017
37  8.32238e-32  0.367442  0.133024
38  1.12545e-31  0.367397  0.133034
39  1.58497e-31  0.367346  0.133047
40  2.36327e-31  0.367283  0.133065
41  3.72688e-31  0.367207  0.133089
42  6.17183e-31  0.367113  0.133121
43  1.06215e-30  0.366995  0.133164
44  1.8792e-30  0.366844  0.133222
45  3.38524e-30  0.366645  0.133299
46  6.09071e-30  0.366382  0.133399
47  1.10978e-29  0.366007  0.133533
48  1.98899e-29  0.36549  0.133702
49  3.36619e-29  0.364887  0.133872
50  5.04992e-29  0.364283  0.134013
51  7.25449e-29  0.363626  0.134141
52  1.00447e-28  0.362864  0.134258
53  1.63814e-28  0.362189  0.134346
54  2.42393e-28  0.361874  0.134388
55  3.49316e-28  0.361672  0.134417
56  4.97036e-28  0.361546  0.134436
57  6.73358e-28  0.361461  0.134448
58  8.57893e-28  0.361397  0.134457
59  1.05518e-27  0.361344  0.134463
60  1.27333e-27  0.361298  0.134469
61  1.50862e-27  0.361255  0.134473
62  1.75769e-27  0.361214  0.134476
63  2.02228e-27  0.361173  0.134479
64  2.31519e-27  0.36113  0.134482
65  2.66463e-27  0.361076  0.134485
66  3.22711e-27  0.360981  0.13449
67  4.16805e-27  0.360774  0.134496
68  4.95293e-27  0.360512  0.134502
69  5.3956e-27  0.360268  0.134507
70  5.69531e-27  0.359973  0.134511
71  5.92139e-27  0.359615  0.134516
72  6.16282e-27  0.359178  0.13452
73  6.51717e-27  0.358653  0.134525
74  7.07115e-27  0.358059  0.134531
75  7.93156e-27  0.357393  0.134536
76  9.39259e-27  0.356594  0.134542
77  1.17868e-26  0.355723  0.134548
78  1.61736e-26  0.354825  0.134554
79  2.19841e-26  0.354172  0.134559
80  3.08359e-26  0.353601  0.134564
81  4.51343e-26  0.353099  0.134568
82  6.5016e-26  0.352716  0.134572
83  9.0623e-26  0.352415  0.134574
84  1.22885e-25  0.352156  0.134577
85  1.62366e-25  0.351912  0.134579
86  2.1172e-25  0.351657  0.134581
87  2.73505e-25  0.35137  0.134583
88  3.50954e-25  0.351031  0.134586
89  4.64765e-25  0.350528  0.13459
90  5.9061e-25  0.349903  0.134594
91  7.08548e-25  0.349157  0.1346
92  8.20268e-25  0.348278  0.134608
93  9.29229e-25  0.347353  0.134617
94  1.06272e-24  0.346306  0.13463
95  1.2364e-24  0.345196  0.134645
96  1.48286e-24  0.344093  0.134663
97  1.83108e-24  0.342985  0.134683
98  2.3917e-24  0.341769  0.134706
99  3.27798e-24  0.340415  0.134733
100  4.72468e-24  0.338909  0.134763
101  6.56919e-24  0.337585  0.13479
102  8.9458e-24  0.336315  0.134815
103  1.19687e-23  0.335088  0.13484
104  1.55771e-23  0.333954  0.134862
105  1.95076e-23  0.332943  0.134882
106  2.33868e-23  0.332027  0.1349
107  2.77026e-23  0.331185  0.134916
108  3.21143e-23  0.330394  0.134931
109  3.73351e-23  0.329533  0.134947
110  4.32193e-23  0.328578  0.134964
111  5.03715e-23  0.327437  0.134986
112  5.82264e-23  0.326086  0.135011
113  6.55531e-23  0.324586  0.13504
114  7.13004e-23  0.322915  0.135075
115  7.44681e-23  0.321155  0.135116
116  7.46748e-23  0.31921  0.135167
117  7.13811e-23  0.317065  0.135235
118  6.48996e-23  0.314729  0.135328
119  5.61445e-23  0.312256  0.13546
120  4.77117e-23  0.310098  0.13562
121  3.98973e-23  0.308153  0.135827
122  3.33879e-23  0.306496  0.136083
123  2.80983e-23  0.305136  0.136386
124  2.39163e-23  0.303986  0.136742
125  2.08176e-23  0.303019  0.137132
126  1.84562e-23  0.302033  0.137619
127  1.71366e-23  0.30094  0.138226
128  1.69421e-23  0.299651  0.138955
129  1.73152e-23  0.298092  0.13979
130  1.7537e-23  0.296471  0.140598
131  1.72979e-23  0.294945  0.141321
132  1.65772e-23  0.293378  0.142042
133  1.53586e-23  0.291742  0.142788
134  1.38137e-23  0.290071  0.143554
135  1.2071e-23  0.288331  0.144366
136  1.05992e-23  0.286721  0.145129
137  9.16924e-24  0.284992  0.145952
138  7.82626e-24  0.2831  0.14686
139  6.60291e-24  0.280979  0.147892
140  5.70353e-24  0.27847  0.14914
141  5.01337e-24  0.275507  0.150596
142  4.68237e-24  0.272438  0.152111
143  4.62028e-24  0.26897  0.153784
144  4.8624e-24  0.264971  0.155657
145  5.55462e-24  0.260378  0.15773
146  7.0712e-24  0.255365  0.159945
147  9.71293e-24  0.250765  0.161969
148  1.34052e-23  0.247024  0.163637
149  1.84398e-23  0.243986  0.165033
150  2.48064e-23  0.241449  0.166235
151  3.82894e-23  0.239331  0.167279
152  4.97178e-23  0.23752  0.168202
153  6.38256e-23  0.235981  0.169019
154  7.96585e-23  0.234636  0.169757
155  9.80582e-23  0.233462  0.170422
156  1.19369e-22  0.232432  0.171025
157  1.42172e-22  0.231517  0.171576
158  1.67696e-22  0.230699  0.172081
159  1.95791e-22  0.229941  0.17256
160  2.42943e-22  0.228902  0.173237
161  2.95467e-22  0.227966  0.173869
162  3.48063e-22  0.227171  0.174422
163  3.97383e-22  0.226471  0.174922
164  4.43179e-22  0.225851  0.175379
165  4.8216e-22  0.225292  0.175802
166  5.17001e-22  0.224786  0.176198
167  5.37559e-22  0.224324  0.176572
168  5.5554e-22  0.223907  0.176921
169  5.66656e-22  0.223516  0.17726
170  5.6869e-22  0.223141  0.177598
171  5.63317e-22  0.222785  0.177932
172  5.50529e-22  0.222457  0.178253
173  5.29953e-22  0.222156  0.178561
174  5.02918e-22  0.221879  0.178856
175  4.67589e-22  0.221558  0.179218
176  4.25739e-22  0.221263  0.179571
177  3.79973e-22  0.221004  0.179902
178  3.34029e-22  0.220777  0.180212
179  2.90925e-22  0.220579  0.180503
180  2.48305e-22  0.220402  0.180784
181  2.03445e-22  0.220242  0.181061
182  1.674e-22  0.220108  0.181314
183  1.37309e-22  0.219993  0.181553
184  1.09994e-22  0.219894  0.181779
185  8.63452e-23  0.219809  0.18199
186  6.74004e-23  0.219732  0.182199
187  5.0819e-23  0.219657  0.182416
188  3.48528e-23  0.219574  0.182678
189  2.33409e-23  0.2195  0.182928
190  1.56531e-23  0.219432  0.183171
191  1.04052e-23  0.219368  0.183407
192  6.77467e-24  0.219307  0.183637
193  4.34227e-24  0.219248  0.183861
194  2.73746e-24  0.219192  0.184078
195  1.70078e-24  0.219139  0.184287
196  9.86528e-25  0.21908  0.184517
197  5.1704e-25  0.219019  0.18476
198  2.64879e-25  0.218964  0.184978
199  1.35703e-25  0.218916  0.185169
200  6.64725e-26  0.218873  0.185339
201  3.17445e-26  0.218839  0.185478
202  1.53416e-26  0.218812  0.185586
203  6.65843e-27  0.218788  0.185679
204  2.76699e-27  0.218771  0.185747
205  1.13286e-27  0.21876  0.185793
206  4.2995e-28  0.218752  0.185825
207  1.48439e-28  0.218746  0.185846
208  5.16818e-29  0.218743  0.185858
209  1.7864e-29  0.218742  0.185864
210  6.12011e-30  0.218741  0.185868
211  2.09987e-30  0.21874  0.18587
212  7.21116e-31  0.21874  0.185871
213  2.00442e-31  0.21874  0.185872
214  3.97381e-32  0.21874  0.185872
215  7.80512e-33  0.21874  0.185873
216  1.52993e-33  0.21874  0.185873
217  2.98321e-34  0.21874  0.185873
218  5.8782e-35  0.21874  0.185873
219  1.1763e-35  0.21874  0.185873
220  2.43446e-36  0.21874  0.185873
221  5.46363e-37  0.21874  0.185873
222  1.11143e-37  0.21874  0.185873
223  2.83424e-38  0.21874  0.185873
224  9.00991e-39  0.21874  0.185873
225  3.46492e-39  0.21874  0.185873
226  1.58296e-39  0.21874  0.185873
227  8.56605e-40  0.21874  0.185873
228  5.41861e-40  0.21874  0.185873
229  3.80825e-40  0.21874  0.185873
230  2.73475e-40  0.21874  0.185873
231  1.87055e-40  0.21874  0.185873
232  1.31072e-40  0.21874  0.185873
233  9.27975e-41  0.21874  0.185873
234  6.59001e-41  0.21874  0.185873
235  4.88009e-41  0.21874  0.185873
236  3.61684e-41  0.21874  0.185873
237  2.69707e-41  0.21874  0.185873
238  2.00228e-41  0.21874  0.185873
239  1.50019e-41  0.21874  0.185873
240  1.0759e-41  0.21874  0.185873
241  7.74672e-42  0.21874  0.185873
242  6.7215e-42  0.21874  0.185873
243  6.83939e-42  0.21874  0.185873
244  6.98792e-42  0.21874  0.185873
245  7.15827e-42  0.21874  0.185873
246  7.32584e-42  0.21874  0.185873
247  7.49038e-42  0.21874  0.185873
248  7.65168e-42  0.21874  0.185873
249  7.79249e-42  0.21874  0.185873
250  7.95144e-42  0.21874  0.185873
251  8.10731e-42  0.21874  0.185873
252  8.25988e-42  0.21874  0.185873
253  8.40896e-42  0.21874  0.185873
254  8.57546e-42  0.21874  0.185873
255  8.7368e-42  0.21874  0.185873
256  8.8928e-42  0.21874  0.185873
257  9.065e-42  0.21874  0.185873
258  9.22973e-42  0.21874  0.185873
259  9.38691e-42  0.21874  0.185873
260  9.55788e-42  0.21874  0.185873
261  9.71882e-42  0.21874  0.185873
262  9.8699e-42  0.21874  0.185873
263  1.00113e-41  0.21874  0.185873
264  1.0162e-41  0.21874  0.185873
265  1.03007e-41  0.21874  0.185873
266  1.04281e-41  0.21874  0.185873
267  1.0561e-41  0.21874  0.185873
268  1.06808e-41  0.21874  0.185873
269  1.08032e-41  0.21874  0.185873
270  1.0911e-41  0.21874  0.185873
271  1.10058e-41  0.21874  0.185873
272  1.11002e-41  0.21874  0.185873
273  1.11812e-41  0.21874  0.185873
274  1.12597e-41  0.21874  0.185873
275  1.12602e-41  0.21874  0.185873
