1  1.0000000000000001e-05  0.091280000624163804  22109.999922236824
2  3.7603635556496353e-05  0.09128000234708282  22109.999707582243
3  7.5634344248023074e-05  0.091280004720822011  22109.999411843412
4  0.00015212768352044402  0.091280009495259384  22109.998817007021
5  0.00030598311126190389  0.091280019098358298  22109.997620578597
6  0.00061544133168557602  0.09128003841362034  22109.995214133876
7  0.0012378723475656879  0.091280077263511464  22109.99037391485
8  0.002489803445079077  0.09128015540451935  22109.980638508681
9  0.005007884056317395  0.091280312573998018  22109.961057142322
10  0.010072643592435976  0.091280628697965466  22109.921672072018
11  0.020259684088367248  0.091281264536235418  22109.842454832542
12  0.029723347026184121  0.091281855224004879  22109.768863015492
13  0.04341677501829784  0.091282709918782498  22109.662379876703
14  0.063289363956386138  0.091283950295602531  22109.507846994904
15  0.092174121240139434  0.091285753182994672  22109.283235382074
16  0.13419703432871871  0.09128837611775649  22108.956462642487
17  0.19537756812667142  0.091292194836549434  22108.480724003624
18  0.2845143098394019  0.091297758587856895  22107.787605313373
19  0.41449989132410681  0.091305872307848993  22106.776853506482
20  0.56412292929790109  0.091315212338812013  22105.613386975361
21  0.73236606942439542  0.091325715637773905  22104.305076680525
22  0.94980865290557592  0.09133929234042254  22102.614029133507
23  1.2313670187272698  0.09135687647779113  22100.423977146223
24  1.5965703700431613  0.091379693570289355  22097.582390052314
25  2.0711136578778344  0.091409361851077564  22093.887878804304
26  2.6880818944763982  0.091447978058606993  22089.079506573129
27  3.3356223953477344  0.091488575262376901  22084.02478330447
28  4.0944521224278621  0.091536259600238604  22078.087804240342
29  5.0293875938552555  0.091595211141363098  22070.747793258059
30  6.1846994380775282  0.091668434632415752  22061.629700720507
31  7.616413707799075  0.091759886427811646  22050.238611427321
32  9.3955331289274238  0.091874877829293156  22035.907945335006
33  11.296856325517208  0.091999784208810165  22020.32876235987
34  13.34152458278213  0.092136902717687263  22003.207155790551
35  15.466027904925443  0.092282990967267997  21984.939746589684
36  17.941805001920972  0.092458653864951126  21962.935264520438
37  20.835885840788919  0.09267257751247765  21936.077306561143
38  23.743998371914874  0.092898276983935116  21907.667974075812
39  26.924021579775879  0.09315917109129089  21874.739010959012
40  30.530427945689542  0.093475275542324376  21834.724342134865
41  34.620063952205825  0.093863234409076512  21785.463855597387
42  39.253157124764606  0.094345696845619803  21724.0235341238
43  44.490727529094848  0.094953394795353432  21646.439777570169
44  50.390184445147554  0.095727598109709572  21547.431665021322
45  56.998859127403783  0.096722671488979797  21420.131280249978
46  64.209378693605842  0.09798241652570705  21259.211429764058
47  72.279676442194045  0.099635260198431191  21048.911438104162
48  80.649865595086652  0.10177138068115235  20775.041546937107
49  87.539989445537699  0.10464776147324965  20384.18301083639
50  92.260189987855782  0.10772127308293604  19955.026795671136
51  95.923108664277251  0.11112882800080899  19487.093270382513
52  98.728250128739106  0.11611993796262914  18887.021308753669
53  100.51276923164249  0.12194541427964405  18250.514184706495
54  101.26499750279604  0.12644338793273191  17765.398082815387
55  101.73989652352891  0.13060059398015098  17325.92856854176
56  102.03109987683735  0.13472442297886186  16920.03490920052
57  102.21395450303721  0.13846485802178093  16572.819118246774
58  102.33820538102563  0.14166953774911176  16286.623642212529
59  102.42886154884482  0.14452419461317426  16039.721172244412
60  102.49796869294599  0.14718137196910699  15816.461200068858
61  102.55247971527969  0.14966364466686563  15612.865338680191
62  102.59705486381098  0.15199437318609169  15425.521505741195
63  102.63514252093174  0.15422811079997414  15249.094785261888
64  102.66987822686617  0.15647340175623983  15074.450544016372
65  102.70577559743495  0.15897397387885012  14881.876933281035
66  102.75633149450893  0.16271700514943133  14594.80035947455
67  102.83294747166183  0.1686149291608498  14138.82580016019
68  102.90007093521466  0.17368816764444983  13750.250751115667
69  102.94785586517285  0.17706751105733215  13508.955275275508
70  102.99452138996654  0.18010241244636996  13315.075126186352
71  103.04137485454078  0.18301720074303776  13146.161190108516
72  103.08898220437382  0.18603575886865015  12978.066657678397
73  103.13651749373875  0.18930199453052562  12792.13075498852
74  103.18161188701359  0.19281275496417974  12586.609488663204
75  103.22441966941692  0.1966740177364463  12360.67443426484
76  103.26828159486318  0.20131882419849068  12094.392140976501
77  103.31019406062545  0.20659707781738482  11802.840719326712
78  103.34944286123327  0.21292947333436657  11478.502511814777
79  103.37648980466133  0.2185543591446219  11213.257483168618
80  103.39969870786723  0.22446364700210661  10952.598964777437
81  103.42012052345879  0.23090335504049012  10688.492880889984
82  103.43540027140551  0.23699247956640182  10457.788148588459
83  103.44687783813524  0.24253173800701663  10260.762878831451
84  103.45603014415749  0.24763805145517465  10087.2662071867
85  103.46384879307953  0.25233467077110583  9928.8400054311987
86  103.47123223947764  0.25681493124712146  9772.8689140436654
87  103.47862068550425  0.2611251134082952  9612.5854703259156
88  103.48646873916455  0.26528447831245844  9439.9101323532777
89  103.49682987770588  0.26987559344208101  9214.2438008394092
90  103.50858018043451  0.27361106889772285  8972.2365786034206
91  103.52200664179485  0.27616156195450658  8718.7734935173685
92  103.53781431524199  0.27793071045806161  8444.4505260188344
93  103.55490505355627  0.27931576044570927  8173.7892196366902
94  103.57502020664342  0.28088340258991157  7891.6798627412418
95  103.59712943369034  0.28289998436433295  7622.0016546775869
96  103.61943943970185  0.28575394620840799  7388.9289864099301
97  103.64151365023911  0.28946440119408318  7193.5524222705635
98  103.66458892441089  0.29463235056766018  7019.0967931794521
99  103.68819377633888  0.30124004160922846  6861.8198962146307
100  103.71165742271418  0.30955904764472553  6713.7892176698761
101  103.72988537154723  0.31770479634826027  6594.7206846068075
102  103.74543815255188  0.3259758344629764  6481.6988445732177
103  103.75888451023457  0.3344590427877972  6371.1529438084362
104  103.77006825316606  0.34282878910014958  6265.7337840203199
105  103.779102499744  0.35059833947883035  6167.2155662202431
106  103.78659744695958  0.35786372190568116  6075.384165999626
107  103.79293639391085  0.36469509609898576  5991.2802037945694
108  103.79845602540064  0.37110361913600104  5910.217536803505
109  103.80401455572748  0.37815213748937115  5823.3503446840778
110  103.80970309709797  0.38565077072607346  5727.6905755874413
111  103.81593732002463  0.39434130668074013  5614.5692557598786
112  103.82269968574896  0.40381063282421326  5484.0837029523846
113  103.82965568479844  0.41316324198582133  5343.1509381027736
114  103.83700250108635  0.42203208339963411  5190.0781132865986
115  103.84455576901097  0.42981350585950662  5032.1483034079338
116  103.85298647630083  0.43673694639809935  4857.5088203809564
117  103.86278932915643  0.44238369403759659  4659.3516119475416
118  103.8746927472033  0.44637885284982032  4425.0742156336455
119  103.88972954299294  0.44815079710135253  4144.0839747511091
120  103.90633719427322  0.44693754272246  3852.2705614133183
121  103.92628416689078  0.44258508214559383  3533.1928345231036
122  103.94976971881549  0.435522569189352  3201.3333709851595
123  103.97661472404447  0.42633708943617948  2881.6569503242881
124  104.0075556695659  0.4162987925912825  2583.4594416685695
125  104.04116362462119  0.40713088270924308  2335.8310880798413
126  104.08295910512888  0.39925066817223642  2121.2632095885051
127  104.13519361192193  0.39487342547611065  1959.3914526298324
128  104.19838176187771  0.39564120001116698  1862.3103513358319
129  104.27150236909149  0.40063077589539275  1813.2782869344242
130  104.34308389336354  0.40719905773064408  1791.1014002213105
131  104.40766092067372  0.41333352164922293  1775.1970826393583
132  104.47270553564502  0.41917376069641871  1756.0143775537001
133  104.54075075281931  0.42438254548934312  1728.3645083710858
134  104.61141474726713  0.42877470802866069  1692.910525631562
135  104.68734646389274  0.43173048828042659  1641.0897087488875
136  104.75983780752718  0.43388868612599474  1588.1097672397209
137  104.83962266908162  0.4356467247541172  1530.1545195831998
138  104.92956380087931  0.43606583203615518  1456.9439599965838
139  105.03491220825514  0.43312941886384776  1352.3043463088618
140  105.16713775770585  0.42839989191265693  1229.9404666853952
141  105.32933257398449  0.42277515529226106  1103.7887064067768
142  105.50817107143422  0.41651111664400592  987.12548071880713
143  105.71939594532596  0.41143264260972867  886.00072731556929
144  105.97582295738967  0.40615035674217814  788.42319410801622
145  106.28883588788558  0.40011335120031261  693.6264761701467
146  106.66446877675884  0.3932218648669743  602.88090060349828
147  107.05419758487724  0.3848842211621995  522.75246121517239
148  107.416887177249  0.37713841281900762  461.60296794634053
149  107.75712100705643  0.36931482778729613  411.70483120732268
150  108.08265162537595  0.36212947241176702  371.01533462747119
151  108.39541863113239  0.35518326442159981  336.9819738474576
152  108.69999217949508  0.34894761885841324  308.69697044004039
153  108.99636630403457  0.34274125650173065  283.7630867474345
154  109.28849819899823  0.33695899079251113  262.44725759472419
155  109.57636960910651  0.33128413863436657  243.288549480136
156  109.86004421150193  0.32602496947919568  226.46862008299189
157  110.14124101102847  0.32071677800165049  211.13740161436613
158  110.41991431301388  0.31584419255024287  197.80588184651788
159  110.70566976085523  0.31093004975052968  185.10130281313246
160  111.15041784755194  0.30333331146694409  167.30066893086573
161  111.61344984312539  0.29584426803835712  151.39262389357486
162  112.0606136643335  0.28908345431207305  138.18824894106618
163  112.50205008784533  0.28265748428939524  126.72363869540334
164  112.93761448125353  0.27657822695969841  116.56192894331623
165  113.3701247518741  0.27072093876223879  107.64356093143763
166  113.8000388285687  0.26522501657283903  99.693459663969975
167  114.22908027368773  0.25969871824801866  92.383480878741196
168  114.65195028989162  0.25462121113051067  85.99590712090658
169  115.08088136100837  0.24976307900397135  80.271072368381382
170  115.52951694520495  0.24484527372553747  74.813752441529346
171  115.99324604752378  0.24000703928927972  69.776969165573973
172  116.46177816763381  0.23534256571777595  65.193146248018266
173  116.93549227347218  0.23079820338739335  60.968350860647838
174  117.41405405088034  0.22637335186160137  57.114298067966978
175  118.04105003207776  0.2210126594809087  52.634457290657579
176  118.7022516280865  0.21569908896360354  48.480130086854608
177  119.37806787060211  0.21055495495224105  44.739828873175369
178  120.0711017491834  0.20560507262730324  41.397199346563504
179  120.78647327450034  0.20088029952011277  38.337000230946565
180  121.54407274459625  0.19616393279655878  35.440306482699505
181  122.37488702676117  0.19113899896637504  32.586115207782562
182  123.21284967451417  0.18654983644089512  30.13471126114667
183  124.07249734614834  0.18223526327849457  27.96056468549391
184  124.95121137796973  0.17796499884411301  25.917984638877815
185  125.8282055961344  0.17379525537000381  24.053870634615841
186  126.75179446716984  0.16976039640711016  22.306490340888214
187  127.76282520358566  0.16553421388820191  20.606101440006519
188  129.04061087884546  0.16040234730926939  18.664053347918351
189  130.31817188211502  0.15545422334970874  16.922165459047044
190  131.59555314794576  0.15085894186091314  15.38850712448245
191  132.87280367094058  0.14649225978228192  14.044964199877978
192  134.14994561427454  0.14223664165528596  12.821633103993868
193  135.42700081142817  0.1381142714684844  11.707393321538087
194  136.70398587498795  0.13410500502348668  10.681244312290541
195  137.98091557072448  0.13021169861345561  9.7522935274803899
196  139.45660195146777  0.12599172211074694  8.7979425549753447
197  141.13433630488367  0.12131838473390229  7.8346808044896319
198  142.81144929100779  0.11680229612244815  6.9836208554113286
199  144.48778971879457  0.1125554349612348  6.2327771052647494
200  146.26996964563745  0.10829267856286531  5.5361612955853721
201  148.07887956930281  0.10414964770285112  4.9225325742771346
202  149.88800300026011  0.10030141754169154  4.39162850174821
203  151.99689950790341  0.09614015251538878  3.8597919559161586
204  154.21507467169346  0.092038078179322982  3.3826402104182369
205  156.47219202812107  0.088128600982874963  2.9683421202844982
206  158.94568832130045  0.084155045222381653  2.5815152365366472
207  161.66157413935287  0.080087599030739545  2.2244495618388305
208  164.37745996301365  0.076325397757771266  1.9246055098797186
209  167.1322938693516  0.072786651691601423  1.6677034004233764
210  169.91309221232694  0.069450151121644405  1.4485896542988372
211  172.69388964948362  0.066330001769250455  1.2610877042184709
212  175.47468643465629  0.063405628584276327  1.101449703527184
213  178.80175819192226  0.060134914187969124  0.93870070267042083
214  183.00000500405403  0.056327060730419862  0.7705793126137509
215  187.19825181618535  0.052824878169590181  0.63513307004811048
216  191.39649862831664  0.049608279757249456  0.52540901967899767
217  195.59474544044792  0.046638245534766046  0.43624552003710154
218  199.79299225257921  0.043907705511124856  0.3634625460659941
219  203.9912390647105  0.041384455438562916  0.30386644879460945
220  208.18948587684179  0.039045326256480578  0.25495162811630762
221  212.38773268897307  0.036888243582017595  0.21454409337869332
222  217.31469281542428  0.034555801791926896  0.17597240050250557
223  222.26963114685603  0.032410920064811853  0.14484186226181023
224  227.25270656012827  0.030430903368379798  0.11962930727074728
225  232.26407883429815  0.028609976727976709  0.099051733284793858
226  237.30390865574302  0.026928232998814944  0.082293422332201327
227  242.37235762331298  0.025364779919516779  0.068591465496524451
228  247.4695882535124  0.023927868411277527  0.057344448399824069
229  252.59576398571079  0.022594439464478068  0.048096111016069358
230  258.51935298018401  0.021185037119242418  0.039450963735677531
231  266.28825004540556  0.019521865910375878  0.030665694853499695
232  274.05714711062711  0.018046726137140284  0.024044737295748631
233  281.82604417584866  0.01673681330082892  0.019015592471424446
234  289.59494124107022  0.015560137906029668  0.015165133511786295
235  296.50334070066577  0.014618837229149403  0.01248988240620834
236  303.450970154255  0.013756943609597665  0.010336150219038661
237  310.43805237303684  0.012978918078509479  0.0085953420802695486
238  317.46481139323686  0.012250991126711361  0.0071822513711683198
239  324.53147252329177  0.011597591751442921  0.0060291035052413558
240  332.69520416260889  0.010903941739557848  0.0049601476451121163
241  340.90529431738969  0.010273650461096091  0.0041042236932456039
242  349.14773550930829  0.0096967375092331734  0.0034170527451590034
243  357.39157223872877  0.0091739576910176007  0.0028627677041779807
244  367.89738398616356  0.008574532436464978  0.0023051563301719189
245  380.12427597543001  0.0079561429653354273  0.0018124534267026085
246  392.35116796469646  0.0074118624850325627  0.0014417553983821804
247  404.57805995396291  0.0069296471433495412  0.0011591788463271686
248  416.80495194322936  0.0064996635363098543  0.00094185657913776013
249  427.6914567608286  0.0061555328277665151  0.00078895980326271437
250  440.26597040503407  0.0057961801513005534  0.0006484618200922076
251  452.91188960382874  0.0054712562461082543  0.00053702341040274605
252  465.62961984034877  0.0051769527260380034  0.00044794199987349068
253  478.419568900304  0.0049077335899788089  0.00037603163170231722
254  493.19510573225045  0.0046283053922815806  0.00030999301195285185
255  508.05454683530365  0.0043740649550140769  0.00025749835825928665
256  522.99836866773319  0.0041433112610130152  0.00021546656351720307
257  540.26464334826437  0.0039043397041450801  0.00017702225727223305
258  557.62896618828199  0.0036832360676856278  0.0001467139456095197
259  575.09189396345187  0.0034843663293469152  0.00012252149031798996
260  595.27130492873209  0.003277315326971625  0.00010050338115122812
261  615.56530657099836  0.0030907068369365265  8.3180428851491821e-05
262  635.97454960415291  0.0029223745710261636  6.9421212142419759e-05
263  656.49968843723775  0.0027695198766745392  5.8375984572860784e-05
264  680.20286526058874  0.0026104686569051092  4.8276389802514753e-05
265  704.04064279570389  0.0024673126199297821  4.0268600321042613e-05
266  728.01378538534391  0.0023370351322370936  3.3859096570897582e-05
267  755.70408761169142  0.0022017779733740366  2.7995311164498047e-05
268  783.55163181519697  0.0020796998392300886  2.3362169556737141e-05
269  815.7223944296021  0.0019539119667819895  1.9175674897996059e-05
270  848.07584173552198  0.0018408199303243068  1.589119852265474e-05
271  880.61301112510421  0.0017391179592593368  1.3288979600533846e-05
272  918.2068549427778  0.0016341914416367804  1.0934675567819729e-05
273  956.01417892699283  0.001540089045077348  9.0839213279101796e-06
274  999.70270229475011  0.0014430731538653927  7.4258481215338329e-06
275  1000  0.001442446150606303  7.4159805496006619e-06
