1  1.0000000000000001e-05  0.091280000624163804  22109.999922236824
2  5.2812385685500473e-05  0.091280003296357964  22109.999589314175
3  0.00010622457408208733  0.09128000663015344  22109.999173964101
4  0.00021365556311366639  0.091280013335606924  22109.998338546771
5  0.0004297376550625665  0.091280026822668989  22109.996658224212
6  0.00086435592379402232  0.091280053949968229  22109.993278495709
7  0.0017385285024258427  0.091280108512656569  22109.986480656116
8  0.0034968018015723626  0.091280218257712195  22109.972807778864
9  0.0070333174394000518  0.091280438994220989  22109.945306764177
10  0.014146513586250921  0.091280882974203503  22109.889992501638
11  0.026728090400702051  0.091281668270854724  22109.79215485798
12  0.039168704632153384  0.091282444769383519  22109.69541376732
13  0.057184656290781601  0.09128356926116904  22109.555318221141
14  0.083341171071952103  0.091285201860136972  22109.351921362962
15  0.12136639174257818  0.091287575269083779  22109.056234172105
16  0.17669709104257708  0.09129102884902382  22108.625982502985
17  0.25726668300945527  0.091296057828502211  22107.999479649861
18  0.37467877005992006  0.091303386628092606  22107.086498073248
19  0.54595202475239535  0.091314078005759303  22105.75468545888
20  0.74299230587161402  0.091326379065578028  22104.222441012887
21  0.96430140420184141  0.091340197330888245  22102.501311462343
22  1.2501310077507222  0.091358048540209638  22100.278005598699
23  1.6199139547815702  0.091381152436158408  22097.400713798907
24  2.0990058429794889  0.091411106483388266  22093.670633749945
25  2.7206231684694933  0.091450016434940135  22088.82570388931
26  3.5284825761664318  0.091500682287442348  22082.517382556744
27  4.4311720571234137  0.091557463388807062  22075.447787618567
28  5.445230095794372  0.091621515030615996  22067.472509461986
29  6.6955228058653766  0.091700965701513024  22057.578164390648
30  8.2409503012010319  0.091800067297603538  22045.232215409738
31  10.15524326391226  0.091924514232801263  22029.71874651482
32  12.530420018860871  0.092082130275965832  22010.049077636311
33  14.960359401046004  0.092247854736445742  21989.335900835078
34  17.540739133912503  0.092429765647326564  21966.557000698544
35  20.305367076105391  0.092632608684347362  21941.100501053941
36  23.513147845165605  0.09287993221641766  21909.979823570913
37  27.242001187072351  0.093186140758612465  21871.329817056583
38  30.952532237529649  0.093513803588784777  21829.839208546826
39  34.969514438355681  0.093897965587772692  21781.046962443084
40  39.473700646837855  0.094369897975405487  21720.937367039314
41  44.509932110054748  0.094955754837480991  21646.138177302619
42  50.116711491576467  0.095689438587631195  21552.313742619601
43  56.320895776774805  0.096613889575602019  21434.043652147469
44  63.1317468516853  0.097781742812243458  21284.815828382725
45  70.535989138726464  0.099254895381906696  21097.203880462177
46  78.48754883019889  0.10113413051611278  20858.154506887211
47  85.935924259639535  0.10383302946738644  20496.704619705954
48  91.738964532892396  0.10732626290746139  20010.347095681249
49  95.893786480450899  0.11109256261360519  19491.817802743055
50  98.645032980791882  0.11591784139394634  18909.8989310217
51  100.50229983985972  0.12189553198107447  18255.907280482596
52  101.57561957852056  0.1289499227084254  17497.609322636024
53  102.03753498081275  0.1348387358080457  16909.17186227821
54  102.27221748908865  0.13989295989611533  16444.136428572518
55  102.41174225668831  0.14393724402955557  16089.862339335144
56  102.50513114503981  0.14748642621291927  15791.196340993076
57  102.57188251514751  0.15064257849347373  15533.752815878828
58  102.62219624103112  0.15344234841332885  15310.825451828039
59  102.66186549903942  0.15593866908134515  15115.847679618282
60  102.6944076468355  0.15816505956983856  14944.03323534349
61  102.72218596447665  0.16016552034274015  14790.456852482459
62  102.7469851956068  0.16201053085130729  14648.999253859209
63  102.7705446205202  0.16380030279687463  14511.59163258748
64  102.79554306907913  0.16572379841910601  14363.347565329095
65  102.82956026472962  0.16835362531017578  14159.165009122515
66  102.88651098491778  0.17268644132078603  13825.317693057139
67  102.94372943550275  0.17678670686414963  13528.087815440396
68  102.99230383300217  0.17996263853571334  13323.529861968664
69  103.03612924384967  0.18269160979428006  13164.494974551073
70  103.08065303748913  0.18549495277935529  13008.197770004121
71  103.12509329050239  0.18848348586387101  12839.438326832062
72  103.16909400106692  0.19178787552776982  12646.821886413203
73  103.21226774941096  0.19551688559108882  12428.080694704897
74  103.25411957677126  0.19973354066944282  12184.409314178456
75  103.29421428587131  0.20445914925686384  11919.068906764094
76  103.33218763631797  0.20992038892680223  11628.884080485886
77  103.36727572019227  0.21649925108696041  11307.996575460127
78  103.3949181321435  0.22315274613622321  11009.028135197399
79  103.4152547264473  0.22921895365585584  10755.436213007002
80  103.43295893655279  0.2359285871814002  10496.930247189894
81  103.44611709775162  0.24213531100515603  10274.517278018118
82  103.45611356382445  0.24768704377410397  10085.62060806234
83  103.46428404812465  0.25259976470470491  9919.7964131699773
84  103.47161052507599  0.25704162805580721  9764.7485738731102
85  103.47895832113569  0.26131447373366357  9605.1907483136947
86  103.48632173261804  0.26521158467924377  9443.1484313001347
87  103.4952201940183  0.26923697714313638  9248.7899700759863
88  103.50612107278999  0.27296481768082959  9021.2131464169706
89  103.51841812998137  0.27561477489483777  8784.4062883209681
90  103.53274565875701  0.27743968888506659  8529.9757869817477
91  103.549637789001  0.27891513469457363  8254.192309376991
92  103.56874279893196  0.28037190361592346  7975.5603006412648
93  103.5906874606621  0.28225396407696185  7696.6590869684705
94  103.61413408289064  0.28500758972190798  7440.692696271215
95  103.63725481654693  0.28865859670083055  7228.9785676556103
96  103.65942989873182  0.29336480861375736  7055.8283188204923
97  103.68214708383141  0.29941063870745316  6900.8915157300171
98  103.70506557330187  0.30699223470580439  6755.0663652236735
99  103.72651674940026  0.31608143482778861  6617.6735221564841
100  103.74231245378897  0.3241980745568579  6505.4964219192589
101  103.75637666485589  0.33276051567133413  6392.927977248828
102  103.76837317918665  0.34147234444974284  6282.7254313677449
103  103.77799878603656  0.34959716874151664  6179.9990063127889
104  103.78589932840589  0.35715036318896259  6084.2846773686852
105  103.7925048431059  0.36421137508296381  5997.2573641565668
106  103.79817535676221  0.37076454454646357  5914.4926405706747
107  103.8031464241751  0.37702431604594833  5837.3813746660207
108  103.80837516486733  0.38387798930364259  5750.3300015366131
109  103.8135826152144  0.39099842505577881  5658.6364693280375
110  103.81936318384994  0.39916711910740849  5549.2876571436263
111  103.82580089794482  0.40806260108452508  5421.896029139999
112  103.83272716189268  0.41702062004919283  5279.4937995353966
113  103.84016123988451  0.42545669525774993  5123.8820219313511
114  103.84790305957203  0.43280452512761397  4962.5201778678374
115  103.85652436378007  0.43905556721670552  4785.4351014322065
116  103.86665879095757  0.44395246423314572  4582.0326906235277
117  103.87906345620577  0.44724656111855599  4341.9563224225267
118  103.89481758897429  0.44806960709624077  4052.2655029128455
119  103.91323511698783  0.44570757338613753  3737.6757697340331
120  103.93474223655237  0.44022709115905273  3408.1817380064208
121  103.95981030479933  0.43211279710263106  3074.5634531922146
122  103.98801745423064  0.42251470155451026  2763.0286387089855
123  104.02014103954247  0.41260672228694106  2482.3658740690021
124  104.05635344704162  0.40377202452995486  2247.8081490467553
125  104.10228386543021  0.39701564902768571  2049.2039492148583
126  104.15835993479531  0.3945990320033495  1914.4467828363804
127  104.22520779459558  0.39716665305656484  1839.3000203188039
128  104.29911649656216  0.40309768496790899  1803.6403422287165
129  104.36962845794886  0.40974623765913931  1783.9299492279549
130  104.43323641453209  0.41567097807174413  1767.5546085417213
131  104.49821590139179  0.42122135803701005  1746.4746748962357
132  104.56705250112839  0.42615903647139963  1716.7939298317744
133  104.63830219917419  0.43003525767781076  1675.8300401486745
134  104.71544181857722  0.43251776277015125  1619.9717456823114
135  104.78959882507439  0.43475336539302689  1567.2387075183879
136  104.87156287772646  0.43590273621420683  1504.7520754668524
137  104.96472642679834  0.43554466444955903  1424.6465571093072
138  105.07637330518334  0.43080292816884064  1305.0022586295324
139  105.21582771439513  0.42732619367202151  1194.7458565571474
140  105.3861337345723  0.42041358733226991  1062.2611957340496
141  105.57497287770927  0.4147796127112236  952.19791187122325
142  105.79853588422392  0.40977653212845044  853.78302127520499
143  106.06925482676611  0.40494142281907247  761.06935125690256
144  106.39740409724253  0.39805176833404282  664.62736374896178
145  106.78998186499653  0.39058837062211677  575.45989116508463
146  107.17340943570973  0.38220826704546124  500.77787031480841
147  107.53127925608496  0.37416961342485056  442.70330477307215
148  107.86633958622949  0.36691172990841053  397.54573258024976
149  108.18814666514683  0.35972514552792595  358.91045366032307
150  108.49781242690621  0.35316293567212381  327.19022540916524
151  108.80061990338481  0.34664790370423976  299.41187262299883
152  109.09522727568454  0.34083634825642728  276.4461832374181
153  109.38619338453552  0.3351054972880661  255.76145585408796
154  109.67275741536811  0.32943425773504659  237.29494010349666
155  109.95588134187851  0.32424069417119622  221.10536226019954
156  110.23601748360159  0.31903982016874571  206.45251811458536
157  110.51445288799145  0.31417176660126334  193.52796352652001
158  110.88858812489364  0.30784291991534585  177.48225014313121
159  111.36133084938027  0.29988739387209484  159.76649216628795
160  111.81553683820303  0.29270160213765167  145.18122325306783
161  112.25996798244367  0.28615199418126119  132.83333102622476
162  112.69862010085876  0.27986256585482067  121.97590552887826
163  113.13224843047524  0.27393372790971748  112.47178065253223
164  113.56357991998756  0.26819265652417829  103.96342117363467
165  113.994158562734  0.26276489214829463  96.318051358611527
166  114.41896107158423  0.25735888224101933  89.392083368538323
167  114.84434406051862  0.25245045938655375  83.355717604004866
168  115.28040079191912  0.24753421208571744  77.769643394509572
169  115.74192468239735  0.24258178801732636  72.442772199774495
170  116.20768267838527  0.23782255546680189  67.628803150444227
171  116.67882486936925  0.23323879659829103  63.203891270872198
172  117.15477464567854  0.22879702666291199  59.153968142619128
173  117.67962472212903  0.22408729593482349  55.147312988349469
174  118.33323977262513  0.2185983049433477  50.732416292809994
175  119.00136033422449  0.21335542140629557  46.767323243160291
176  119.68451282574937  0.20829878502321689  43.202928613403905
177  120.38684492786612  0.20346507529663588  39.999298247363384
178  121.11380238767521  0.19881599530126029  37.052060241861128
179  121.91225311250956  0.19384084763187229  34.128167069099014
180  122.74236574265645  0.18900939801087283  31.453179084802024
181  123.59001743626337  0.18456687339799141  29.152718198718098
182  124.46018833817136  0.18039811322314844  27.035561146808956
183  125.33376382353998  0.1760997281725247  25.07970491377413
184  126.23331197623419  0.17198992413834155  23.261661559723855
185  127.15706177046583  0.16800728014032129  21.603851396934783
186  128.30981288999462  0.16335332713461598  19.75048592597879
187  129.58749334053525  0.15828753690937369  17.88976417906952
188  130.86496832604516  0.15342645675552022  16.246447025374362
189  132.14228684293346  0.14898514578595204  14.793668837543658
190  133.41948719753952  0.14462432665861738  13.510059399619857
191  134.69658819594011  0.14046878040137678  12.329201314364422
192  135.97361030232139  0.13640670519103126  11.255970144556247
193  137.25056913858876  0.13244525468445179  10.268790186403724
194  138.56578733614884  0.12848656471748537  9.3624658930100875
195  140.24395251005498  0.12375486671482312  8.3307192581738487
196  141.92154760071986  0.11920977288984223  7.4220376193606432
197  143.59840060843908  0.11481208575024467  6.6188465374683432
198  145.32773555052893  0.1105094499321032  5.8922417181129028
199  147.13672496736623  0.10623910149538839  5.2313169840047076
200  148.94592022098897  0.10225875929092183  4.6584464634408311
201  150.89136532897177  0.098304291034928507  4.1282647834334094
202  153.10952900587569  0.094047688530814508  3.6104162434272
203  155.32768825581354  0.090078116281486709  3.1701735532427224
204  157.66269060678499  0.08617909496317902  2.7742098213772635
205  160.31797893385962  0.082061794214327327  2.3931362405396039
206  163.03386475443165  0.07814992507724132  2.0665976129556318
207  165.76273335120842  0.074515597344603376  1.7898561943513338
208  168.54353224240234  0.071065049460402471  1.5520251680103596
209  171.32433007959617  0.06784085230808759  1.3497625753564859
210  174.10512715133876  0.06482301272224307  1.1772276430548216
211  176.88592367773754  0.061989256000473218  1.0287534402875982
212  180.77997556045122  0.058297904022091715  0.85497762083970763
213  184.97822237258268  0.054636325910114907  0.70319006814669838
214  189.17646918471397  0.051275329467646388  0.58055875609442775
215  193.37471599684525  0.048182962477180492  0.48110894723144321
216  197.57296280897654  0.045324272938914646  0.40014072929674155
217  201.77120962110783  0.042688250436798955  0.33387281246152273
218  205.96945643323912  0.040261383935159663  0.27957382560677435
219  210.1677032453704  0.038008040142111489  0.23495818417084441
220  214.76268438124808  0.035737835558822185  0.19491987212615805
221  219.7062014836155  0.033498968810066372  0.16012449935422643
222  224.67779081130342  0.031432325004042166  0.13195433471961338
223  229.67761177507518  0.029527760456081988  0.10913612052042956
224  234.7058246909229  0.027776950414235283  0.09049072438233545
225  239.7625907852082  0.026156860128259331  0.075290654448473909
226  244.84807219983171  0.02465491085579604  0.06284621444965946
227  249.96243199743208  0.023267008184055925  0.05261999667993094
228  255.10583416661433  0.021979711297208999  0.044192837733376449
229  262.63996050056676  0.020273225446373212  0.034478007957441846
230  270.40885756578831  0.018721624182825414  0.026924128651938359
231  278.17775463100986  0.017329182147904899  0.02121615937892915
232  285.94665169623141  0.016094717702960115  0.016852979117169598
233  293.94861567340956  0.014958363930449902  0.01341013612483955
234  300.87598518944225  0.014069085198681521  0.01107692006045366
235  307.84269242271262  0.013256812864170813  0.0091980885457979018
236  314.84896075613591  0.012513142082254715  0.0076738947316141708
237  321.8950148411281  0.011837543975281872  0.0064316510024465595
238  328.98108060480962  0.011207383971198897  0.0054160784202442443
239  337.16432706878447  0.010553269126714988  0.0044700683751058663
240  345.39404286498439  0.0099530726297922655  0.00371137287713506
241  353.63734810460033  0.009405425468297408  0.0031006721099590575
242  361.88118483402081  0.0089093516694829095  0.0026062756078975261
243  373.80118947616415  0.0082656509852247657  0.0020495286817244747
244  386.0280814654306  0.0076846655625688234  0.0016207947547639155
245  398.25497345469705  0.00717194347343741  0.0012963180378114695
246  410.4818654439635  0.0067152430346587716  0.0010471688946999873
247  422.24719226063513  0.0063235547337186157  0.00086126024259474093
248  434.78503744649259  0.0059484118255317296  0.00070554907621089022
249  447.39407996166091  0.0056085453079239966  0.00058253051688422373
250  460.07472410684932  0.0053018610989588339  0.00048442695771078924
251  472.82737647862655  0.0050223053283282824  0.00040553489717513712
252  485.65244598245812  0.0047675345909100877  0.00034169904394716134
253  500.46330269301393  0.0045007682723372791  0.00028281140508908581
254  515.35826424191839  0.0042580830287216815  0.00023579155319808492
255  530.33780822638107  0.0040397635602322703  0.00019796810696603244
256  547.64000791053445  0.0038073641897105916  0.00016331137091562853
257  565.04045975767554  0.0035962641239815473  0.00013572751888441196
258  582.53972170192287  0.0034052652831742984  0.00011376439256956586
259  602.75567316326601  0.0032061109697382405  9.3620111874613267e-05
260  623.08642280022775  0.0030265327154443133  7.7734127528130374e-05
261  643.53262250501075  0.0028645521307745104  6.506455246877819e-05
262  667.15641193681938  0.0026960048883058136  5.3532898725140073e-05
263  690.91435127164664  0.0025442059219340256  4.4443865291397292e-05
264  714.8072022922936  0.0024069880156410441  3.7213169731365645e-05
265  742.41675700644612  0.0022651131708554266  3.0631858702156417e-05
266  770.18309516543866  0.0021371076916836748  2.5451272826926257e-05
267  798.10710707876126  0.0020213981384255967  2.1330306440313358e-05
268  830.35477163204234  0.0019010987355769372  1.7587398547602462e-05
269  862.78555757170784  0.0017937391364015018  1.4636204499516713e-05
270  895.40050476971783  0.0016960662306729011  1.2287279847751014e-05
271  933.07256806439602  0.0015959312949027278  1.0155802021403393e-05
272  970.95855570224887  0.0015058789922058387  8.4673475828639671e-06
273  1000  0.001442446150606303  7.4159805496006619e-06
