1  1.0000000000000001e-05  0.091280000624163804  22109.999922236824	1  0.150087  0.249144  0.100058
2  3.7603625984690535e-05  0.091280002347082223  22109.99970758229	2  0.150087  0.249144  0.100058
3  7.563426677488185e-05  0.091280004720817168  22109.999411844001	3  0.150087  0.249144  0.100058
4  0.00015212727065532557  0.091280009495233613  22109.998817010233	4  0.150087  0.249144  0.100058
5  0.00030598117036056055  0.091280019098237158  22109.997620593698	5  0.150087  0.249144  0.100058
6  0.00061543248733754192  0.091280038413068296  22109.995214202652	6  0.150087  0.249144  0.100058
7  0.0012378313943371736  0.091280077260955314  22109.990374233319	7  0.150087  0.249144  0.100058
8  0.0024896068907450828  0.091280155392251136  22109.980640037113	8  0.150087  0.249144  0.100058
9  0.0050069276327596472  0.09128031251430152  22109.961064579787	9  0.150086  0.249144  0.100057
10  0.010068314516404489  0.091280628427760191  22109.921705736135	10  0.150086  0.249144  0.100057
11  0.017137410973418657  0.09128106965521525  22109.866734461619	11  0.150086  0.249144  0.100056
12  0.024205960250254847  0.0912815108485696  22109.811767571635	12  0.150085  0.249144  0.100055
13  0.03127396154236374  0.091281952007794584  22109.75680506945	13  0.150085  0.249144  0.100055
14  0.03834141444004148  0.091282393132886164  22109.70184695526	14  0.150085  0.249144  0.100054
15  0.045408318768480421  0.091282834223854969  22109.646893227538	15  0.150084  0.249144  0.100053
16  0.052474674481907214  0.091283275280719667  22109.591943883544	16  0.150084  0.249144  0.100053
17  0.059540481603432137  0.09128371630350321  22109.536998920259	17  0.150083  0.249144  0.100052
18  0.066605740194026153  0.091284157292230925  22109.482058334121	18  0.150083  0.249144  0.100051
19  0.07367045033931327  0.091284598246929638  22109.427122121531	19  0.150083  0.249144  0.100051
20  0.080734612149180873  0.091285039167627702  22109.372190278704	20  0.150082  0.249144  0.10005
21  0.090283641391030386  0.091285635185604605  22109.297935945815	21  0.150082  0.249144  0.100049
22  0.10949014999027205  0.091286833992223315  22109.148584499409	22  0.150081  0.249144  0.100047
23  0.14812129910813732  0.09128924522844474  22108.848187368276	23  0.150078  0.249144  0.100044
24  0.21480463745077599  0.091293407428872764  22108.329660446623	24  0.150075  0.249144  0.100037
25  0.31224816139926076  0.091299489709945877  22107.571950424448	25  0.150069  0.249143  0.100028
26  0.45460973528369009  0.091308376050595746  22106.464962702288	26  0.150061  0.249143  0.100015
27  0.66278032120093278  0.091321371312341304  22104.846206133552	27  0.15005  0.249143  0.0999947
28  0.96776136602048457  0.091340413387784689  22102.474401374202	28  0.150032  0.249143  0.0999654
29  1.4159614897539319  0.09136840808920961  22098.98782905651	29  0.150007  0.249142  0.0999222
30  2.0777634514656205  0.091409777780992449  22093.836086305717	30  0.14997  0.249141  0.0998577
31  3.0554138225312939  0.091470998223875652  22086.213257673022	31  0.149914  0.24914  0.0997611
32  4.3672435989136638  0.091553435423653642  22075.949299885859	32  0.149839  0.249138  0.099629
33  6.0844904472551811  0.091662064783904151  22062.42297203749	33  0.149739  0.249135  0.0994516
34  8.2645022375474433  0.091801586308646224  22045.042930446853	34  0.14961  0.249132  0.099219
35  11.063147420128862  0.091984304850011939  22022.260296548484	35  0.149442  0.249128  0.0989077
36  14.692810671678146  0.092229359202291458  21991.649341888151	36  0.149219  0.249123  0.0984808
37  19.428629101069927  0.092567316700702812  21949.301170993316	37  0.148917  0.249115  0.0978804
38  25.552952189132487  0.093044762085498042  21889.190647462528	38  0.148508  0.249105  0.0970186
39  32.466743513277706  0.093654818902373288  21811.945751501971	39  0.148018  0.249092  0.0959046
40  39.064545486397996  0.094325092260696464  21726.650784850335	40  0.147515  0.249079  0.0946629
41  45.398815660620556  0.095066093624176562  21632.035554715414	41  0.146992  0.249065  0.0932528
42  51.771439986456116  0.095923876852014048  21522.318861957265	42  0.146419  0.24905  0.091543
43  59.370088729152876  0.097115854545204397  21369.863722977942	43  0.145653  0.249029  0.0889608
44  68.119197308461978  0.098749290417629226  21161.497395814644	44  0.144626  0.249001  0.0849105
45  76.608349159341174  0.10064372759373341  20921.022939642342	45  0.143429  0.248966  0.0793087
46  84.40244762868825  0.10314508764777697  20590.837178682305	46  0.142063  0.248925  0.0716498
47  90.599365140233516  0.10651347787252947  20124.118176715969	47  0.140612  0.24888  0.0615812
48  95.299376075530603  0.11040657439674767  19582.544582213242	48  0.139068  0.248828  0.0487191
49  98.66744135129241  0.11597187200996117  18903.773894992293	49  0.1374  0.248769  0.0330396
50  100.72161746505964  0.12300589245981784  18135.886068270029	50  0.135679  0.248703  0.0171953
51  101.67592057335089  0.12991497404584107  17396.552405274935	51  0.134307  0.248646  0.00754113
52  102.08995663834494  0.13581448279521191  16817.147493207205	52  0.133379  0.248605  0.00338939
53  102.30230843964297  0.14068006153545654  16374.003688278666	53  0.132696  0.248573  0.0015629
54  102.43177196297839  0.1446265483391965  16031.009401008841	54  0.132147  0.248546  0.000734464
55  102.51949788087819  0.14811690821336743  15739.202378684569	55  0.131682  0.248522  0.000348478
56  102.58278668230308  0.15121650882724599  15487.660794332016	56  0.131274  0.248501  0.0001666
57  102.63088841839294  0.15396682132253683  15269.583157027884	57  0.130909  0.248481  8.01598e-05
58  102.66910370443259  0.1564213057543247  15078.479310615747	58  0.130573  0.248462  3.87822e-05
59  102.70071206592847  0.15861188175417693  14909.687646675608	59  0.130259  0.248444  1.88658e-05
60  102.72797496800777  0.16059184581161534  14757.769361777333	60  0.129957  0.248426  9.23283e-06
61  102.75269851148995  0.16244177576658539  14615.919952419246	61  0.129654  0.248408  4.5551e-06
62  102.77687526019668  0.16428563127486856  14474.257761373243	62  0.129328  0.248387  2.27827e-06
63  102.80423109536312  0.16639535306277492  14311.379387656572	63  0.128921  0.248361  1.1726e-06
64  102.84715194367058  0.16970743221457835  14053.903812381413	64  0.128189  0.248312  6.43978e-07
65  102.90687323261037  0.17418452412700972  13713.537855168031	65  0.126959  0.248225  3.99775e-07
66  102.96348712957482  0.17811021444895048  13439.748148637367	66  0.125559  0.248118  2.36428e-07
67  103.00968075504066  0.18105098002501535  13258.695512319016	67  0.124244  0.248013  1.42216e-07
68  103.05386955646529  0.18379597738423603  13102.610680386111	68  0.122833  0.247896  8.81672e-08
69  103.09891165587131  0.18669067123654218  12941.394139213327	69  0.121225  0.247757  5.98149e-08
70  103.14466635925012  0.18990153328047174  12757.262658765996	70  0.119388  0.247591  4.63874e-08
71  103.19002699379446  0.19352636991259256  12544.688680992092	71  0.117322  0.247395  3.9835e-08
72  103.23214147566064  0.19743683736833745  12316.440931067043	72  0.115129  0.247177  3.60965e-08
73  103.27144779555802  0.20168520500667722  12073.725767741713	73  0.112775  0.246929  3.36314e-08
74  103.30107447733316  0.20535328440771064  11870.07973628053	74  0.110757  0.246706  3.2386e-08
75  103.32405550929653  0.20863183743042091  11695.328732915033	75  0.109011  0.246504  3.18595e-08
76  103.34243831982235  0.21165962528041582  11541.172259654371	76  0.107471  0.246319  3.17578e-08
77  103.35747351998303  0.21447423674898794  11403.734251918082	77  0.106093  0.246147  3.19439e-08
78  103.37000623566888  0.2170923970763074  11280.412600012303	78  0.104847  0.245987  3.23429e-08
79  103.38063031219954  0.21952887860540948  11169.121313217767	79  0.103709  0.245836  3.29016e-08
80  103.38977218291006  0.2217993610364784  11068.107972114356	80  0.102659  0.245692  3.35784e-08
81  103.39774370871878  0.22392067737496879  10975.87120157585	81  0.101685  0.245555  3.43402e-08
82  103.40947316221502  0.22734994405396936  10831.473326495494	82  0.100128  0.245329  3.58114e-08
83  103.42842245008831  0.23404809793558889  10567.270957839488	83  0.0972146  0.244878  3.93474e-08
84  103.44287331493088  0.24049328204261755  10332.030001775192	84  0.0945659  0.244436  4.34411e-08
85  103.45362285743063  0.24624003106444534  10134.28649692806	85  0.0922629  0.244024  4.74981e-08
86  103.46221005736516  0.25133818612447956  9962.694553991947	86  0.0901611  0.243624  5.11767e-08
87  103.46968590429199  0.25588383910389184  9805.9455711564515	87  0.0881158  0.243214  5.4163e-08
88  103.47699727039026  0.26020373691454624  9648.0689132537136	88  0.0859154  0.242748  5.63175e-08
89  103.48430692019511  0.2641923865840512  9487.5537043328768	89  0.0835314  0.242215  5.72228e-08
90  103.49245320129035  0.26807276442817529  9308.7172070490888	90  0.0806952  0.241544  5.64964e-08
91  103.50450493195119  0.27250273258185992  9053.8853850435044	91  0.0762807  0.240422  5.25226e-08
92  103.51925087135353  0.27574890680915182  8769.0493246411643	92  0.0708426  0.238916  4.52597e-08
93  103.53731725506476  0.2778848774949208  8452.735226143308	93  0.0645238  0.236992  3.72193e-08
94  103.55884384246254  0.27961174757189122  8115.4576432613585	94  0.0576862  0.234673  3.06338e-08
95  103.57949261869238  0.28126094399320922  7834.0229851679051	95  0.051784  0.232438  2.65339e-08
96  103.60350511070561  0.28362920320962159  7551.2883407738273	96  0.0455972  0.229791  2.34066e-08
97  103.62987697590789  0.28736880606711945  7292.8742516911907	97  0.0394032  0.226723  2.10354e-08
98  103.65681215622912  0.2927450617543913  7074.9114175436689	98  0.0334978  0.223254  1.9083e-08
99  103.679604724428  0.2986712202858961  6917.507831983793	99  0.028694  0.219881  1.75348e-08
100  103.69716267803608  0.30416472277381501  6804.7554786841847	100  0.025078  0.21689  1.64356e-08
101  103.71100212408611  0.30929497703316783  6717.9010152634864	101  0.0222671  0.214205  1.56759e-08
102  103.72213552236175  0.31405113123068562  6646.8105062257664	102  0.0200243  0.211768  1.51573e-08
103  103.73128997134918  0.31839791385639593  6585.0064243445331	103  0.0181928  0.209534  1.48247e-08
104  103.73897946895676  0.32237126880469769  6530.2158039910091	104  0.0166659  0.207465  1.46387e-08
105  103.74555554387696  0.32604388144258306  6480.7927691684836	105  0.0153707  0.205535  1.45665e-08
106  103.75126037229094  0.32946985332736034  6435.6035118833352	106  0.0142568  0.20372  1.45824e-08
107  103.75743635861015  0.33347096938387188  6383.8000508490295	107  0.0130631  0.201584  1.47059e-08
108  103.76819109414713  0.34132851264887809  6284.5259222186996	108  0.011023  0.197321  1.52949e-08
109  103.77788067360405  0.34949097318829381  6181.3550602333135	109  0.00923819  0.192779  1.63273e-08
110  103.78582659626456  0.35707649072725794  6085.208114443607	110  0.00782953  0.188429  1.76835e-08
111  103.79246447585504  0.3641662489008306  5997.8139041477198	111  0.00670481  0.184253  1.92777e-08
112  103.79815769390567  0.37074326841401201  5914.7613960025274	112  0.00579167  0.180201  2.11024e-08
113  103.80314396499384  0.37702112715374569  5837.4207721023631	113  0.00504328  0.176236  2.30798e-08
114  103.80792183820687  0.38327705137076812  5758.0138620558628	114  0.00438489  0.17202  2.54299e-08
115  103.81274201455747  0.38981763411162179  5674.0313803556037	115  0.00379641  0.167321  2.82803e-08
116  103.81823390962178  0.39758824357007277  5570.9037787394782	116  0.00324583  0.161369  3.21365e-08
117  103.82452978220378  0.40633218008392386  5447.5277488986949	117  0.00281479  0.15376  3.74226e-08
118  103.83087103192726  0.41471439416327788  5318.0467082979321	118  0.00263905  0.145336  4.34825e-08
119  103.83654888810005  0.4215206407375845  5199.586668902878	119  0.0027176  0.137295  4.9334e-08
120  103.84197074005978  0.4273088109938194  5086.0535283453482	120  0.00298994  0.12934  5.50552e-08
121  103.84751017426575  0.4324688269954729  4970.6813965814545	121  0.0034304  0.121105  6.08469e-08
122  103.85304219082391  0.43677585994284135  4856.3660969425418	122  0.00397312  0.112948  6.65377e-08
123  103.85884714750634  0.44041275965123955  4738.5827842745566	123  0.00457302  0.104641  7.24006e-08
124  103.86569911653714  0.44359128688737859  4601.1302025463247	124  0.00522029  0.0953725  7.93495e-08
125  103.87370634260544  0.44613876766978977  4444.0525301511279	125  0.00579371  0.0854736  8.76442e-08
126  103.88673177887102  0.44805518579773979  4199.0774694587399	126  0.0062253  0.0717738  1.0239e-07
127  103.90250344710562  0.44744681641137163  3917.7062417901425	127  0.00607189  0.0588789  1.23865e-07
128  103.92032301387452  0.44408070964122215  3624.7659077744443	128  0.00541118  0.0482933  1.54021e-07
129  103.94216587325724  0.43795510380252844  3303.4316308830871	129  0.00442825  0.0394568  1.99893e-07
130  103.97175335704475  0.42798085297354005  2935.3580638072026	130  0.00327541  0.0320173  2.78296e-07
131  104.00493827534574  0.41712018788102523  2605.7894883632534	131  0.00236008  0.0270251  3.8472e-07
132  104.04177227361487  0.40698963391514276  2332.0301691819195	132  0.00170859  0.0235913  5.15422e-07
133  104.08913175529923  0.39841987545715102  2096.5730442118015	133  0.00121411  0.0207447  6.74163e-07
134  104.16498957471163  0.39462219018570643  1903.8879747431781	134  0.000828388  0.0176515  8.53152e-07
135  104.29265733535331  0.40251383443826105  1805.7813221936849	135  0.00069245  0.0135304  1.04355e-06
136  104.43840194477279  0.41613061283833458  1766.2258991696383	136  0.000891133  0.00933682  1.24003e-06
137  104.55769006608521  0.42553880363705043  1721.185624717732	137  0.00106787  0.00646801  1.34834e-06
138  104.67418534958748  0.43135913865542191  1650.8668735108542	138  0.00109546  0.00436501  1.42285e-06
139  104.80896882004815  0.43514656567672283  1554.3001675736348	139  0.000979358  0.00276015  1.49244e-06
140  104.97948098243566  0.43520899771890886  1410.3726330676293	140  0.000762814  0.00160513  1.6339e-06
141  105.1551705947266  0.4286131825472041  1238.2691284631221	141  0.000526909  0.00103051  1.90287e-06
142  105.36160167493878  0.42138577529952603  1079.3082533020679	142  0.000363234  0.000699457  2.23679e-06
143  105.57805803773353  0.41470071632417144  950.67058503228589	143  0.000257465  0.000532659  2.57543e-06
144  105.83498084775005  0.40908047833695438  839.88953302964512	144  0.000189695  0.000436599  2.95688e-06
145  106.14169274645636  0.40390671327072614  740.59541391504581	145  0.000143714  0.000393844  3.40412e-06
146  106.50705686411321  0.39691366036011233  641.9917786532933	146  0.000108179  0.000403182  3.99431e-06
147  106.91168313945289  0.38801941949653962  550.6067449778435	147  8.15915e-05  0.000468725  4.74395e-06
148  107.28530008118111  0.37986973905526239  482.41508480283693	148  6.3889e-05  0.000576399  5.42747e-06
149  107.63562569743993  0.37171968408226225  427.30929167410505	149  5.16084e-05  0.000719286  6.15904e-06
150  107.96648270564566  0.36462485404568207  384.75492498150004	150  4.28637e-05  0.000893585  6.84556e-06
151  108.28402736392216  0.35764167813172659  348.38609890453631	151  3.64794e-05  0.00109831  7.63898e-06
152  108.59119334455617  0.35130318209856709  318.69320980805236	152  3.17414e-05  0.00133209  8.48057e-06
153  108.89112488794294  0.34471170701435611  291.84661363944065	153  2.81708e-05  0.00159453  9.57683e-06
154  109.1845857402662  0.3390485127332859  269.82922236784208	154  2.5457e-05  0.00188375  1.0718e-05
155  109.47417521969471  0.33333895489698767  249.9205364547565	155  2.33695e-05  0.0021999  1.21495e-05
156  109.75923499766097  0.32781495082172346  232.18377699921427	156  2.17675e-05  0.00254011  1.38541e-05
157  110.04160348335634  0.32255839054456642  216.36756664515988	157  2.05271e-05  0.00290427  1.58495e-05
158  110.32083843037621  0.31759046069163882  202.42875722152232	158  1.9572e-05  0.00328976  1.81418e-05
159  110.59880768783593  0.31276036276849878  189.75366894124073	159  1.88318e-05  0.00369708  2.08368e-05
160  111.01318125841516  0.30562290190406627  172.51059886411889	160  1.80464e-05  0.00434635  2.58722e-05
161  111.48084620147068  0.29794298344822129  155.6895344722634	161  1.74916e-05  0.00513184  3.31033e-05
162  111.93103360189136  0.29095717252110809  141.84880139147268	162  1.71909e-05  0.00593338  4.18546e-05
163  112.37416585693413  0.28447148568129482  129.93000500921994	163  1.70543e-05  0.00675951  5.24939e-05
164  112.81112898074919  0.27827406230248858  119.4135397485789	164  1.70348e-05  0.00760375  6.56301e-05
165  113.24443120202395  0.27240938500584239  110.15137402026834	165  1.71e-05  0.00846421  8.15168e-05
166  113.67475403822175  0.26675448433803944  101.90180740292085	166  1.72281e-05  0.00933535  0.000100832
167  114.10518599967344  0.26130351031854437  94.429915975801975	167  1.74039e-05  0.0102174  0.000123945
168  114.52834844587518  0.25604400465606514  87.766505252194904	168  1.76133e-05  0.0110871  0.00015179
169  114.95558668422991  0.25116881128975838  81.887334338767275	169  1.78516e-05  0.0119655  0.000183519
170  115.39768677833757  0.24625769192175356  76.353809465781751	170  1.81196e-05  0.0128653  0.000221365
171  115.8600444970733  0.24136916265477557  71.172053577834859	171  1.84172e-05  0.0137893  0.000266497
172  116.3269664116616  0.23666197602011085  66.47381644557953	172  1.87306e-05  0.0146972  0.000317361
173  116.79938332847028  0.23208033105581938  62.138501753331447	173  1.90567e-05  0.0155818  0.000373724
174  117.27664058572586  0.22764040798860952  58.180242638262499	174  1.9392e-05  0.0164323  0.000435002
175  117.86926913085208  0.22241296043673092  53.804835817632473	175  1.98128e-05  0.0174172  0.000515584
176  118.52576161234406  0.21707995006980477  49.538039934269875	176  2.02797e-05  0.0184125  0.000607412
177  119.19790645508679  0.21187158902359784  45.692131467158738	177  2.07539e-05  0.0193193  0.000699742
178  119.88603698542993  0.20687585577503922  42.24740448104297	178  2.12312e-05  0.0201281  0.000789177
179  120.59520542552616  0.20209608129080839  39.120447022591499	179  2.17108e-05  0.0208416  0.000873319
180  121.3293484231212  0.19746466311814626  36.2384550439048	180  2.21907e-05  0.0214628  0.000949961
181  122.16171950597408  0.19234367351706103  33.282626736821499	181  2.27077e-05  0.0220318  0.00102145
182  122.99472528748407  0.18769057977699358  30.728777514777473	182  2.31942e-05  0.0224795  0.00107772
183  123.84922236226478  0.18328776460484644  28.506054125594336	183  2.36607e-05  0.0228405  0.00112237
184  124.72597949438078  0.17909222854114792  26.425049367553761	184  2.41038e-05  0.0231292  0.00115674
185  125.59415908399936  0.17487365225471224  24.530913377050176	185  2.45016e-05  0.0233455  0.00118034
186  126.51776602083642  0.17077071865111126  22.729964777009528	186  2.48835e-05  0.0235167  0.00119703
187  127.46924241208772  0.16671207342737446  21.085822889287758	187  2.52375e-05  0.0236463  0.00120793
188  128.73583465076217  0.16162490847389033  19.111968885939831	188  2.56537e-05  0.0237646  0.00121588
189  130.01343774038324  0.15663056409558621  17.314841619454558	189  2.60207e-05  0.023841  0.00121946
190  131.29085117007048  0.15192428776094252  15.738102229576839	190  2.63471e-05  0.0238891  0.0012208
191  132.56812553590103  0.14754293075157618  14.353061433756228	191  2.66452e-05  0.0239196  0.00122117
192  133.84528835354627  0.14321906896122999  13.106568053287276	192  2.69222e-05  0.0239389  0.00122116
193  135.12236004249644  0.13908184194289105  11.964273294115126	193  2.7184e-05  0.0239509  0.00122106
194  136.39935842893334  0.13505919556435361  10.917457414374619	194  2.74338e-05  0.0239582  0.00122098
195  137.6762985949629  0.13114835829916913  9.962576995382225	195  2.76735e-05  0.0239627  0.00122095
196  139.07176595165129  0.12707579617792089  9.0371071083436476	196  2.79241e-05  0.0239656  0.00122096
197  140.74972675575464  0.12235697830963507  8.0450200183189846	197  2.82086e-05  0.0239676  0.001221
198  142.42708747433201  0.11783123760935113  7.1694965473376913	198  2.84703e-05  0.0239685  0.00122105
199  144.10365785162313  0.11353662010987606  6.3961382020320228	199  2.87039e-05  0.023969  0.00122109
200  145.85950417902262  0.10926939355660188  5.6879728096635196	200  2.89153e-05  0.0239693  0.00122112
201  147.66867706322228  0.10504795449804677  5.0541316944733738	201  2.90958e-05  0.0239694  0.00122114
202  149.47808389176836  0.10113563975545507  4.505278741887313	202  2.92403e-05  0.0239695  0.00122116
203  151.50540810812262  0.097092789200397239  3.9765731326780793	203  2.93643e-05  0.0239695  0.00122117
204  153.72357031135692  0.092923666666342816  3.4816781862429158	204  2.94619e-05  0.0239695  0.00122117
205  155.94172845135193  0.089023433177969999  3.0598592320140887	205  2.95291e-05  0.0239695  0.00122118
206  158.31567882178209  0.085140668833397215  2.6740151498210394	206  2.95766e-05  0.0239695  0.00122118
207  161.03156463794215  0.081003585811017728  2.3017116450774657	207  2.961e-05  0.0239695  0.00122118
208  163.74745045963942  0.077172020036220979  1.98974557069256	208  2.96296e-05  0.0239695  0.00122118
209  166.48930173081342  0.07359121360514527  1.7237540154389832	209  2.9641e-05  0.0239695  0.00122118
210  169.27010030324374  0.07020166955164403  1.4961362856434466	210  2.96475e-05  0.0239695  0.00122118
211  172.05089790828453  0.067033216420145883  1.3017703338636579	211  2.96511e-05  0.0239695  0.00122118
212  174.83169481384405  0.064065706623818747  1.1363906886942574	212  2.96532e-05  0.0239695  0.00122118
213  177.87527652988021  0.061022048355545505  0.9810373604952568	213  2.96544e-05  0.0239695  0.00122118
214  182.07352334201224  0.057138237676503896  0.8046297665494998	214  2.96551e-05  0.0239695  0.00122118
215  186.27177015414361  0.053568160082128988  0.66264137433007986	215  2.96554e-05  0.0239695  0.00122118
216  190.4700169662749  0.050292885084286962  0.5476989679170432	216  2.96555e-05  0.0239695  0.00122118
217  194.66826377840619  0.047274779665847345  0.45438645506466974	217  2.96555e-05  0.0239695  0.00122118
218  198.86651059053747  0.044494078161984398  0.3783152461428354	218  2.96556e-05  0.0239695  0.00122118
219  203.06475740266876  0.041921971135267654  0.31602026681393813	219  2.96556e-05  0.0239695  0.00122118
220  207.26300421480005  0.039546498190715804  0.26491713261288413	220  2.96556e-05  0.0239695  0.00122118
221  211.46125102693134  0.037350487314222643  0.22280758518054983	221  2.96556e-05  0.0239695  0.00122118
222  216.49358452446279  0.034930126568081719  0.18184635279594552	222  2.96556e-05  0.0239695  0.00122118
223  221.44435320083929  0.032756916691424692  0.14959978720301395	223  2.96556e-05  0.0239695  0.00122118
224  226.42323528127918  0.030749546291632717  0.12346247820885348	224  2.96556e-05  0.0239695  0.00122118
225  231.43039041038307  0.028901733604768439  0.10218391515461653	225  2.96556e-05  0.0239695  0.00122118
226  236.46597913930833  0.027197518511066388  0.084843823584050293	226  2.96556e-05  0.0239695  0.00122118
227  241.53016293091724  0.025615808362409318  0.070676981560748267	227  2.96556e-05  0.0239695  0.00122118
228  246.62310416495401  0.024159840334665422  0.059058626329428536	228  2.96556e-05  0.0239695  0.00122118
229  251.74496614325156  0.02280940816562145  0.049508807084656235	229  2.96556e-05  0.0239695  0.00122118
230  256.8959130949674  0.021558495094155226  0.041631777584009391	230  2.96556e-05  0.0239695  0.00122118
231  264.64763833274577  0.019853898202676828  0.032316589605559901	231  2.96556e-05  0.0239695  0.00122118
232  272.41653539796732  0.018348065843695534  0.02528938741076708	232  2.96556e-05  0.0239695  0.00122118
233  280.18543246318887  0.016999927765322526  0.019970759867025907	233  2.96556e-05  0.0239695  0.00122118
234  287.95432952841043  0.015796208624564743  0.0158985909268308	234  2.96556e-05  0.0239695  0.00122118
235  295.42995072941983  0.01475964513262186  0.012867847878102539	235  2.96556e-05  0.0239695  0.00122118
236  302.36315464071714  0.013887449482000798  0.010641880365710024	236  2.96556e-05  0.0239695  0.00122118
237  309.33572940041273  0.013096147926145552  0.0088454261043364422	237  2.96556e-05  0.0239695  0.00122118
238  316.34789857956002  0.012361097214441747  0.0073874943629178291	238  2.96556e-05  0.0239695  0.00122118
239  323.39988701878195  0.011700700578881047  0.0061980882178514912	239  2.96556e-05  0.0239695  0.00122118
240  331.54886264701565  0.010996473426657254  0.0050959801550262054	240  2.96556e-05  0.0239695  0.00122118
241  339.74411299732071  0.010359148385627195  0.0042138221022112099	241  2.96556e-05  0.0239695  0.00122118
242  347.98590084504474  0.0097748596366910821  0.0035050837185312011	242  2.96556e-05  0.0239695  0.00122118
243  356.22973757446522  0.0092445194466930936  0.0029339840443085657	243  2.96556e-05  0.0239695  0.00122118
244  364.4735743038857  0.0087624148392771509  0.0024709080549128182	244  2.96556e-05  0.0239695  0.00122118
245  376.70046629315215  0.0081212126533597578  0.0019361323599233905	245  2.96556e-05  0.0239695  0.00122118
246  388.9273582824186  0.0075573520459157684  0.0015353653243067767	246  2.96556e-05  0.0239695  0.00122118
247  401.15425027168504  0.0070590655969399946  0.0012311886725945127	247  2.96556e-05  0.0239695  0.00122118
248  413.38114226095149  0.0066146781261186881  0.00099718620001740688	248  2.96556e-05  0.0239695  0.00122118
249  424.2537607680643  0.006260673772235009  0.0008336935078559507	249  2.96556e-05  0.0239695  0.00122118
250  436.8143092470674  0.0058912947693123769  0.00068370951278867514	250  2.96556e-05  0.0239695  0.00122118
251  449.44618397815987  0.0055567169615028823  0.00056507978715766838	251  2.96556e-05  0.0239695  0.00122118
252  462.14978999415115  0.0052545365537767959  0.00047040363061217114	252  2.96556e-05  0.0239695  0.00122118
253  474.92553462786725  0.0049786422824023794  0.00039414182138584419	253  2.96556e-05  0.0239695  0.00122118
254  489.68678637240851  0.0046922002397601532  0.00032426212680119467	254  2.96556e-05  0.0239695  0.00122118
255  504.53186126884844  0.0044320686689020205  0.00026887515053162142	255  2.96556e-05  0.0239695  0.00122118
256  519.46123531481362  0.0041955653569708444  0.00022459438735766653	256  2.96556e-05  0.0239695  0.00122118
257  536.71298016577055  0.003952473024548462  0.000184179692756038	257  2.96556e-05  0.0239695  0.00122118
258  554.0626906672145  0.0037266393503597793  0.00015241316093987751	258  2.96556e-05  0.0239695  0.00122118
259  571.51092312627623  0.0035235412782491935  0.0001270280437204506	259  2.96556e-05  0.0239695  0.00122118
260  589.05823700912856  0.0033386486313483057  0.0001067176401902728	260  2.96556e-05  0.0239695  0.00122118
261  609.32251327651477  0.0031459566452521391  8.807333372269986e-05	261  2.96556e-05  0.0239695  0.00122118
262  629.70186213646127  0.0029721483408617798  7.3318228660355643e-05	262  2.96556e-05  0.0239695  0.00122118
263  650.19693703947303  0.0028150486853388908  6.1509600453573822e-05	263  2.96556e-05  0.0239695  0.00122118
264  673.86987921190541  0.0026514360639491438  5.0742544394510336e-05	264  2.96556e-05  0.0239695  0.00122118
265  697.67725040580217  0.0025041087481433751  4.2225791899882613e-05	265  2.96556e-05  0.0239695  0.00122118
266  721.61981398896467  0.0023702535298158818  3.5431521488886362e-05	266  2.96556e-05  0.0239695  0.00122118
267  749.27936356307953  0.0022318364620930293  2.9231553104137464e-05	267  2.96556e-05  0.0239695  0.00122118
268  777.09598048253372  0.0021070038419317375  2.4342705645339725e-05	268  2.96556e-05  0.0239695  0.00122118
269  809.23564018940556  0.0019783510076414506  1.9935387069358575e-05	269  2.96556e-05  0.0239695  0.00122118
270  841.55780796701583  0.0018625330535939801  1.6489065344307521e-05	270  2.96556e-05  0.0239695  0.00122118
271  874.06352020455449  0.0017589065528793549  1.3763374267627691e-05	271  2.96556e-05  0.0239695  0.00122118
272  911.62572823779749  0.0016515526076763092  1.1301509327983947e-05	272  2.96556e-05  0.0239695  0.00122118
273  949.40123679081421  0.0015556965821986557  9.3759377742713965e-06	273  2.96556e-05  0.0239695  0.00122118
274  987.39125711060308  0.0014694914899324963  7.8500640150958969e-06	274  2.96556e-05  0.0239695  0.00122118
275  1031.2635142722036  0.0013799533050163307  6.4666555888738658e-06	275  2.96556e-05  0.0239695  0.00122118
276  1075.3849041591204  0.0013002278789689364  5.3812245899069965e-06	276  2.96556e-05  0.0239695  0.00122118
277  1119.7568414948905  0.0012286806913175896  4.5186853197345184e-06	277  2.96556e-05  0.0239695  0.00122118
278  1168.7751365378354  0.0011574986272403361  3.7646943341257676e-06	278  2.96556e-05  0.0239695  0.00122118
279  1233.4703920420038  0.0010748437857830842  3.0036572813797224e-06	279  2.96556e-05  0.0239695  0.00122118
280  1303.2612057098363  0.00099784479962185019  2.3943900015709082e-06	280  2.96556e-05  0.0239695  0.00122118
281  1375.6918775654221  0.00092834467967373255  1.9227820576315597e-06	281  2.96556e-05  0.0239695  0.00122118
282  1452.082336702638  0.00086451067663479255  1.5498345325187614e-06	282  2.96556e-05  0.0239695  0.00122118
283  1528.4727958398539  0.00080875790595792793  1.2675034866259892e-06	283  2.96556e-05  0.0239695  0.00122118
284  1604.8632549770698  0.00075967780607217802  1.0486600177268374e-06	284  2.96556e-05  0.0239695  0.00122118
285  1681.2537141142857  0.00071605200152104751  8.7741041229619581e-07	285  2.96556e-05  0.0239695  0.00122118
286  1759.9358870256181  0.00067598293547636835  7.3760154255668956e-07	286  2.96556e-05  0.0239695  0.00122118
287  1849.2163143034022  0.00063556621127383096  6.1266302861985671e-07	287  2.96556e-05  0.0239695  0.00122118
288  1938.2197911213887  0.00059976160366650012  5.1446258495977051e-07	288  2.96556e-05  0.0239695  0.00122118
289  2060.5877840229859  0.00055657118939430412  4.1096178810936476e-07	289  2.96556e-05  0.0239695  0.00122118
290  2192.5937823755512  0.00051629058277604181  3.280194546776428e-07	290  2.96556e-05  0.0239695  0.00122118
291  2324.5997807281165  0.00048144494152734777  2.659996362720154e-07	291  2.96556e-05  0.0239695  0.00122118
292  2456.6057790806817  0.00045095763206002702  2.1852456564925826e-07	292  2.96556e-05  0.0239695  0.00122118
293  2588.611777433247  0.00042408926509619624  1.8180625183393066e-07	293  2.96556e-05  0.0239695  0.00122118
294  2720.6177757858122  0.0004001198513204307  1.5276415557674572e-07	294  2.96556e-05  0.0239695  0.00122118
295  2852.6237741383775  0.00037870585410561286  1.2963338129086364e-07	295  2.96556e-05  0.0239695  0.00122118
296  2984.6297724909427  0.00035951629679758146  1.1092062965793589e-07	296  2.96556e-05  0.0239695  0.00122118
297  3116.635770843508  0.00034206892871612544  9.5617815639642112e-08	297  2.96556e-05  0.0239695  0.00122118
298  3248.6417691960733  0.00032619444821954403  8.3012030201740132e-08	298  2.96556e-05  0.0239695  0.00122118
299  3380.6477675486385  0.00031176784824713709  7.2525774256215857e-08	299  2.96556e-05  0.0239695  0.00122118
300  3512.6537659012038  0.00029847971509295066  6.3728497313246008e-08	300  2.96556e-05  0.0239695  0.00122118
301  3672.8580140109448  0.00028384891859445778  5.4867469909990913e-08	301  2.96556e-05  0.0239695  0.00122118
302  3835.1615996217588  0.00027036437258106744  4.7477117581321746e-08	302  2.96556e-05  0.0239695  0.00122118
303  4012.8028740727941  0.00025697994534727725  4.0840795472612428e-08	303  2.96556e-05  0.0239695  0.00122118
304  4232.3054947389164  0.00024214685394945154  3.4234853111794106e-08	304  2.96556e-05  0.0239695  0.00122118
305  4485.88500792991  0.00022694191987389879  2.8270163140815813e-08	305  2.96556e-05  0.0239695  0.00122118
306  4740.9044961596373  0.00021345577823250633  2.3581719723486401e-08	306  2.96556e-05  0.0239695  0.00122118
307  5035.5571346906663  0.00019975042021150703  1.9373284679834436e-08	307  2.96556e-05  0.0239695  0.00122118
308  5331.8829858532781  0.00018752056068570988  1.609454566047405e-08	308  2.96556e-05  0.0239695  0.00122118
309  5674.3044404474576  0.00017515877119238016  1.3157303294953244e-08	309  2.96556e-05  0.0239695  0.00122118
310  6008.4341557611187  0.00016445314241132821  1.0949219977664471e-08	310  2.96556e-05  0.0239695  0.00122118
311  6342.5638710747799  0.00015500322627044294  9.2041626809614967e-09	311  2.96556e-05  0.0239695  0.00122118
312  6838.1302042803682  0.00014268403952887845  7.2393377269932208e-09	312  2.96556e-05  0.0239695  0.00122118
313  7333.6965374859565  0.00013204421551284991  5.796263941028414e-09	313  2.96556e-05  0.0239695  0.00122118
314  7829.2628706915448  0.0001228194110446827  4.7120536656357733e-09	314  2.96556e-05  0.0239695  0.00122118
315  8324.8292038971322  0.00011466446517003082  3.8827993351156083e-09	315  2.96556e-05  0.0239695  0.00122118
316  8820.3955371027205  0.0001073950859038968  3.2370405520004949e-09	316  2.96556e-05  0.0239695  0.00122118
317  9421.7179601404205  9.9656411237201541e-05  2.6316966530323317e-09	317  2.96556e-05  0.0239695  0.00122118
318  10068.766126405915  9.2304150486261218e-05  2.1375635859108697e-09	318  2.96556e-05  0.0239695  0.00122118
319  10715.81429267141  8.5854600844666361e-05  1.7608318352368543e-09	319  2.96556e-05  0.0239695  0.00122118
320  11362.862458936905  8.0125289228744371e-05  1.4664918683437499e-09	320  2.96556e-05  0.0239695  0.00122118
321  12009.910625202399  7.5018221332203086e-05  1.2348376791906655e-09	321  2.96556e-05  0.0239695  0.00122118
322  12656.958791467894  7.0430498362406086e-05  1.049612511322549e-09	322  2.96556e-05  0.0239695  0.00122118
323  13304.006957733389  6.6287809333505335e-05  8.9947642476600909e-10	323  2.96556e-05  0.0239695  0.00122118
324  14176.536042548461  6.131171308651213e-05  7.3914703153182164e-10	324  2.96556e-05  0.0239695  0.00122118
325  15054.019865571259  5.696625985362379e-05  6.141980149185817e-10	325  2.96556e-05  0.0239695  0.00122118
326  15936.486562747197  5.3076359333879022e-05  5.1542876129212747e-10	326  2.96556e-05  0.0239695  0.00122118
327  16955.591199942774  4.9040289111378329e-05  4.2596149800591415e-10	327  2.96556e-05  0.0239695  0.00122118
328  17980.482918361722  4.5413479262835432e-05  3.5583689964232072e-10	328  2.96556e-05  0.0239695  0.00122118
329  19164.289393719926  4.1643122743426535e-05  2.9271329512359941e-10	329  2.96556e-05  0.0239695  0.00122118
330  20354.818225130304  3.8211735060403201e-05  2.4335469362567965e-10	330  2.96556e-05  0.0239695  0.00122118
331  21552.107586121925  3.5033504783099273e-05  2.0436574210783995e-10	331  2.96556e-05  0.0239695  0.00122118
332  22935.271269487774  3.1674915940320607e-05  1.690815287003061e-10	332  2.96556e-05  0.0239695  0.00122118
333  24326.289377501209  2.8488699558058822e-05  1.4126082121952705e-10	333  2.96556e-05  0.0239695  0.00122118
334  25933.488727699027  2.5026620664600096e-05  1.1625044239123009e-10	334  2.96556e-05  0.0239695  0.00122118
335  27549.814710081882  2.1524297015680293e-05  9.6707018376850671e-11	335  2.96556e-05  0.0239695  0.00122118
336  29417.571747864538  1.839227187177638e-05  7.9218584063213901e-11	336  2.96556e-05  0.0239695  0.00122118
337  31052.306768228198  1.5580367340874292e-05  6.7204787552748531e-11	337  2.96556e-05  0.0239695  0.00122118
338  31675.156914080231  1.3106408291264153e-05  6.3277999383556375e-11	338  2.96556e-05  0.0239695  0.00122118
339  32158.936214354624  1.0728748403793292e-05  6.0433491390752222e-11	339  2.96556e-05  0.0239695  0.00122118
340  32473.908242571939  9.022645718579976e-06  5.8671502908752115e-11	340  2.96556e-05  0.0239695  0.00122118
341  32718.552878896997  7.4552717034867508e-06  5.73468668415241e-11	341  2.96556e-05  0.0239695  0.00122118
342  32816.104651998219  6.2088255196697656e-06  5.6828397713750218e-11	342  2.96556e-05  0.0239695  0.00122118
343  32868.955580893773  5.179382523617643e-06  5.655228203571121e-11	343  2.96556e-05  0.0239695  0.00122118
344  32930.027849405153  4.2358956695132569e-06  5.6233110886359525e-11	344  2.96556e-05  0.0239695  0.00122118
345  33052.865995632463  3.8581769093150901e-06  5.560749374836041e-11	345  2.96556e-05  0.0239695  0.00122118
346  33299.937383945937  3.5427709878895448e-06  5.4356643819241076e-11	346  2.96556e-05  0.0239695  0.00122118
347  33796.886196655847  3.01643080457872e-06  5.1971313972036725e-11	347  2.96556e-05  0.0239695  0.00122118
348  34456.023106366985  2.5177885399297104e-06  4.9017698978081574e-11	348  2.96556e-05  0.0239695  0.00122118
349  35217.488350761501  2.0951872098273559e-06  4.5867737374673906e-11	349  2.96556e-05  0.0239695  0.00122118
350  36228.414129651399  1.746948088289344e-06  4.2099755829457617e-11	350  2.96556e-05  0.0239695  0.00122118
351  37395.867986464582  1.4554397193511628e-06  3.824671097116836e-11	351  2.96556e-05  0.0239695  0.00122118
352  38744.341596446859  1.2145215450697763e-06  3.4360076894977282e-11	352  2.96556e-05  0.0239695  0.00122118
353  40800.832937780855  9.7527059042372574e-07  2.9377354863758007e-11	353  2.96556e-05  0.0239695  0.00122118
354  42869.002257992674  8.2333224942113102e-07  2.5304764875715706e-11	354  2.96556e-05  0.0239695  0.00122118
355  45257.39940825168  6.8956742713770102e-07  2.1475451622426221e-11	355  2.96556e-05  0.0239695  0.00122118
356  48016.129878398693  5.8517063728485932e-07  1.7964236137308199e-11	356  2.96556e-05  0.0239695  0.00122118
357  51203.14207680479  4.9055827277712758e-07  1.4798666244270835e-11	357  2.96556e-05  0.0239695  0.00122118
358  54408.252022761932  4.2015975758070238e-07  1.2319792643681982e-11	358  2.96556e-05  0.0239695  0.00122118
359  58111.475289791553  3.5634212387746774e-07  1.0105159457567553e-11	359  2.96556e-05  0.0239695  0.00122118
360  61835.727657320182  3.0646311990415922e-07  8.3787073730437732e-12	360  2.96556e-05  0.0239695  0.00122118
361  66139.314090841144  2.6192246545096421e-07  6.8419820652575236e-12	361  2.96556e-05  0.0239695  0.00122118
362  70467.338843386082  2.2542789459666092e-07  5.6533703178896725e-12	362  2.96556e-05  0.0239695  0.00122118
363  74819.940690240663  1.9770688242244572e-07  4.7198435331515251e-12	363  2.96556e-05  0.0239695  0.00122118
364  79197.259194739032  1.7517421074579062e-07  3.9777136979016873e-12	364  2.96556e-05  0.0239695  0.00122118
365  84063.606234869541  1.5643409787166913e-07  3.323476168186116e-12	365  2.96556e-05  0.0239695  0.00122118
366  91015.132814987795  1.3989945204823598e-07  2.6170710206073515e-12	366  2.96556e-05  0.0239695  0.00122118
367  98145.630428647914  1.293140543167498e-07  2.0849355790168796e-12	367  2.96556e-05  0.0239695  0.00122118
368  105490.04297071784  1.2801370544101148e-07  1.6783825276070055e-12	368  2.96556e-05  0.0239695  0.00122118
369  111848.16451465477  1.2570255189637668e-07  1.4070947422911667e-12	369  2.96556e-05  0.0239695  0.00122118
370  124636.61798105092  1.2529999999999999e-07  1.3659999999999994e-12	370  2.96556e-05  0.0239695  0.00122118
371  150358.76577769607  1.2529999999999999e-07  1.3659999999999994e-12	371  2.96556e-05  0.0239695  0.00122118
372  202095.19262641558  1.2529999999999999e-07  1.3659999999999994e-12	372  2.96556e-05  0.0239695  0.00122118
373  306155.62662415544  1.2529999999999999e-07  1.3659999999999994e-12	373  2.96556e-05  0.0239695  0.00122118
374  515458.3284798789  1.2529999999999999e-07  1.3659999999999994e-12	374  2.96556e-05  0.0239695  0.00122118
375  936440.82222055772  1.2529999999999999e-07  1.3659999999999994e-12	375  2.96556e-05  0.0239695  0.00122118
376  1783186.9868175455  1.2529999999999999e-07  1.3659999999999994e-12	376  2.96556e-05  0.0239695  0.00122118
377  3486295.9709677543  1.2529999999999999e-07  1.3659999999999994e-12	377  2.96556e-05  0.0239695  0.00122118
378  6545777.6690620864  1.2529999999999999e-07  1.3659999999999994e-12	378  2.96556e-05  0.0239695  0.00122118
379  9824351.5331455283  1.2529999999999999e-07  1.3659999999999994e-12	379  2.96556e-05  0.0239695  0.00122118
380  13102925.397228967  1.2529999999999999e-07  1.3659999999999994e-12	380  2.96556e-05  0.0239695  0.00122118
381  16381499.261312407  1.2529999999999999e-07  1.3659999999999994e-12	381  2.96556e-05  0.0239695  0.00122118
382  19660073.125395846  1.2529999999999999e-07  1.3659999999999994e-12	382  2.96556e-05  0.0239695  0.00122118
383  22938646.989479285  1.2529999999999999e-07  1.3659999999999994e-12	383  2.96556e-05  0.0239695  0.00122118
384  26217220.853562724  1.2529999999999999e-07  1.3659999999999994e-12	384  2.96556e-05  0.0239695  0.00122118
385  29495794.717646163  1.2529999999999999e-07  1.3659999999999994e-12	385  2.96556e-05  0.0239695  0.00122118
386  32774368.581729602  1.2529999999999999e-07  1.3659999999999994e-12	386  2.96556e-05  0.0239695  0.00122118
387  36052942.445813045  1.2529999999999999e-07  1.3659999999999994e-12	387  2.96556e-05  0.0239695  0.00122118
388  39331516.309896484  1.2529999999999999e-07  1.3659999999999994e-12	388  2.96556e-05  0.0239695  0.00122118
389  42610090.173979923  1.2529999999999999e-07  1.3659999999999994e-12	389  2.96556e-05  0.0239695  0.00122118
390  45888664.038063362  1.2529999999999999e-07  1.3659999999999994e-12	390  2.96556e-05  0.0239695  0.00122118
391  49167237.902146801  1.2529999999999999e-07  1.3659999999999994e-12	391  2.96556e-05  0.0239695  0.00122118
392  52445811.76623024  1.2529999999999999e-07  1.3659999999999994e-12	392  2.96556e-05  0.0239695  0.00122118
393  55724385.63031368  1.2529999999999999e-07  1.3659999999999994e-12	393  2.96556e-05  0.0239695  0.00122118
394  59002959.494397119  1.2529999999999999e-07  1.3659999999999994e-12	394  2.96556e-05  0.0239695  0.00122118
395  62281533.358480558  1.2529999999999999e-07  1.3659999999999994e-12	395  2.96556e-05  0.0239695  0.00122118
396  65560107.222563997  1.2529999999999999e-07  1.3659999999999994e-12	396  2.96556e-05  0.0239695  0.00122118
397  68937038.302569941  1.2529999999999999e-07  1.3659999999999994e-12	397  2.96556e-05  0.0239695  0.00122118
398  74783915.266299069  1.2529999999999999e-07  1.3659999999999994e-12	398  2.96556e-05  0.0239695  0.00122118
399  86544073.271723837  1.2529999999999999e-07  1.3659999999999994e-12	399  2.96556e-05  0.0239695  0.00122118
400  110197951.6020706  1.2529999999999999e-07  1.3659999999999994e-12	400  2.96556e-05  0.0239695  0.00122118
401  157774349.79406404  1.2529999999999999e-07  1.3659999999999994e-12	401  2.96556e-05  0.0239695  0.00122118
402  241591267.34940374  1.2529999999999999e-07  1.3659999999999994e-12	402  2.96556e-05  0.0239695  0.00122118
403  330428670.02802902  1.2529999999999999e-07  1.3659999999999994e-12	403  2.96556e-05  0.0239695  0.00122118
404  419266072.70665431  1.2529999999999999e-07  1.3659999999999994e-12	404  2.96556e-05  0.0239695  0.00122118
405  508103475.3852796  1.2529999999999999e-07  1.3659999999999994e-12	405  2.96556e-05  0.0239695  0.00122118
406  596940878.06390512  1.2529999999999999e-07  1.3659999999999994e-12	406  2.96556e-05  0.0239695  0.00122118
407  685778280.7425307  1.2529999999999999e-07  1.3659999999999994e-12	407  2.96556e-05  0.0239695  0.00122118
408  774615683.42115617  1.2529999999999999e-07  1.3659999999999994e-12	408  2.96556e-05  0.0239695  0.00122118
409  863453086.09978175  1.2529999999999999e-07  1.3659999999999994e-12	409  2.96556e-05  0.0239695  0.00122118
410  952290488.77840734  1.2529999999999999e-07  1.3659999999999994e-12	410  2.96556e-05  0.0239695  0.00122118
411  1041127891.4570329  1.2529999999999999e-07  1.3659999999999994e-12	411  2.96556e-05  0.0239695  0.00122118
412  1129965294.1356585  1.2529999999999999e-07  1.3659999999999994e-12	412  2.96556e-05  0.0239695  0.00122118
413  1218802696.8142841  1.2529999999999999e-07  1.3659999999999994e-12	413  2.96556e-05  0.0239695  0.00122118
414  1307640099.4929097  1.2529999999999999e-07  1.3659999999999994e-12	414  2.96556e-05  0.0239695  0.00122118
415  1396477502.1715353  1.2529999999999999e-07  1.3659999999999994e-12	415  2.96556e-05  0.0239695  0.00122118
416  1485314904.8501608  1.2529999999999999e-07  1.3659999999999994e-12	416  2.96556e-05  0.0239695  0.00122118
417  1574152307.5287864  1.2529999999999999e-07  1.3659999999999994e-12	417  2.96556e-05  0.0239695  0.00122118
418  1662989710.207412  1.2529999999999999e-07  1.3659999999999994e-12	418  2.96556e-05  0.0239695  0.00122118
419  1751827112.8860376  1.2529999999999999e-07  1.3659999999999994e-12	419  2.96556e-05  0.0239695  0.00122118
420  1840664515.5646632  1.2529999999999999e-07  1.3659999999999994e-12	420  2.96556e-05  0.0239695  0.00122118
421  1929501918.2432888  1.2529999999999999e-07  1.3659999999999994e-12	421  2.96556e-05  0.0239695  0.00122118
422  2021004443.0022731  1.2529999999999999e-07  1.3659999999999994e-12	422  2.96556e-05  0.0239695  0.00122118
423  2179433499.2847652  1.2529999999999999e-07  1.3659999999999994e-12	423  2.96556e-05  0.0239695  0.00122118
424  2498090920.3473978  1.2529999999999999e-07  1.3659999999999994e-12	424  2.96556e-05  0.0239695  0.00122118
425  2937645458.8824158  1.2529999999999999e-07  1.3659999999999994e-12	425  2.96556e-05  0.0239695  0.00122118
426  3377199997.4174337  1.2529999999999999e-07  1.3659999999999994e-12	426  2.96556e-05  0.0239695  0.00122118
427  4058838181.5807409  1.2529999999999999e-07  1.3659999999999994e-12	427  2.96556e-05  0.0239695  0.00122118
428  5429856042.5720577  1.2529999999999999e-07  1.3659999999999994e-12	428  2.96556e-05  0.0239695  0.00122118
429  8187462671.4678183  1.2529999999999999e-07  1.3659999999999994e-12	429  2.96556e-05  0.0239695  0.00122118
430  13733994584.794949  1.2529999999999999e-07  1.3659999999999994e-12	430  2.96556e-05  0.0239695  0.00122118
431  24890051414.363598  1.2529999999999999e-07  1.3659999999999994e-12	431  2.96556e-05  0.0239695  0.00122118
432  47328866502.674942  1.2529999999999999e-07  1.3659999999999994e-12	432  2.96556e-05  0.0239695  0.00122118
433  92461338509.533417  1.2529999999999999e-07  1.3659999999999994e-12	433  2.96556e-05  0.0239695  0.00122118
434  183238860470.17075  1.2529999999999999e-07  1.3659999999999994e-12	434  2.96556e-05  0.0239695  0.00122118
435  365824881729.13763  1.2529999999999999e-07  1.3659999999999994e-12	435  2.96556e-05  0.0239695  0.00122118
436  733070587925.38831  1.2529999999999999e-07  1.3659999999999994e-12	436  2.96556e-05  0.0239695  0.00122118
437  1471732878661.7302  1.2529999999999999e-07  1.3659999999999994e-12	437  2.96556e-05  0.0239695  0.00122118
438  2957446586269.4858  1.2529999999999999e-07  1.3659999999999994e-12	438  2.96556e-05  0.0239695  0.00122118
439  5945747530633.6182  1.2529999999999999e-07  1.3659999999999994e-12	439  2.96556e-05  0.0239695  0.00122118
440  11956288113493.449  1.2529999999999999e-07  1.3659999999999994e-12	440  2.96556e-05  0.0239695  0.00122118
441  24045632115589.004  1.2529999999999999e-07  1.3659999999999994e-12	441  2.96556e-05  0.0239695  0.00122118
442  46350622147628.219  1.2529999999999999e-07  1.3659999999999994e-12	442  2.96556e-05  0.0239695  0.00122118
443  70804695751776.688  1.2529999999999999e-07  1.3659999999999994e-12	443  2.96556e-05  0.0239695  0.00122118
444  95258769355925.141  1.2529999999999999e-07  1.3659999999999994e-12	444  2.96556e-05  0.0239695  0.00122118
445  119712842960073.59  1.2529999999999999e-07  1.3659999999999994e-12	445  2.96556e-05  0.0239695  0.00122118
446  144166916564222.06  1.2529999999999999e-07  1.3659999999999994e-12	446  2.96556e-05  0.0239695  0.00122118
447  168620990168370.5  1.2529999999999999e-07  1.3659999999999994e-12	447  2.96556e-05  0.0239695  0.00122118
448  193075063772518.94  1.2529999999999999e-07  1.3659999999999994e-12	448  2.96556e-05  0.0239695  0.00122118
449  217529137376667.38  1.2529999999999999e-07  1.3659999999999994e-12	449  2.96556e-05  0.0239695  0.00122118
450  241983210980815.81  1.2529999999999999e-07  1.3659999999999994e-12	450  2.96556e-05  0.0239695  0.00122118
451  266437284584964.25  1.2529999999999999e-07  1.3659999999999994e-12	451  2.96556e-05  0.0239695  0.00122118
452  290891358189112.69  1.2529999999999999e-07  1.3659999999999994e-12	452  2.96556e-05  0.0239695  0.00122118
453  315345431793261.12  1.2529999999999999e-07  1.3659999999999994e-12	453  2.96556e-05  0.0239695  0.00122118
454  339799505397409.56  1.2529999999999999e-07  1.3659999999999994e-12	454  2.96556e-05  0.0239695  0.00122118
455  364253579001558  1.2529999999999999e-07  1.3659999999999994e-12	455  2.96556e-05  0.0239695  0.00122118
456  388707652605706.44  1.2529999999999999e-07  1.3659999999999994e-12	456  2.96556e-05  0.0239695  0.00122118
457  413161726209854.88  1.2529999999999999e-07  1.3659999999999994e-12	457  2.96556e-05  0.0239695  0.00122118
458  437615799814003.31  1.2529999999999999e-07  1.3659999999999994e-12	458  2.96556e-05  0.0239695  0.00122118
459  462069873418151.75  1.2529999999999999e-07  1.3659999999999994e-12	459  2.96556e-05  0.0239695  0.00122118
460  486523947022300.19  1.2529999999999999e-07  1.3659999999999994e-12	460  2.96556e-05  0.0239695  0.00122118
461  524446045113888.19  1.2529999999999999e-07  1.3659999999999994e-12	461  2.96556e-05  0.0239695  0.00122118
462  600720929675483.88  1.2529999999999999e-07  1.3659999999999994e-12	462  2.96556e-05  0.0239695  0.00122118
463  754136966964182.12  1.2529999999999999e-07  1.3659999999999994e-12	463  2.96556e-05  0.0239695  0.00122118
464  1062711416242573  1.2529999999999999e-07  1.3659999999999994e-12	464  2.96556e-05  0.0239695  0.00122118
465  1683364852677518.8  1.2529999999999999e-07  1.3659999999999994e-12	465  2.96556e-05  0.0239695  0.00122118
466  2931720602997520.5  1.2529999999999999e-07  1.3659999999999994e-12	466  2.96556e-05  0.0239695  0.00122118
467  3150000000000000  1.2529999999999999e-07  1.3659999999999994e-12	467  2.96556e-05  0.0239695  0.00122118
