1  1.0000000000000001e-05  0.091280000624163804  22109.999922236824	1  1.38702e-10  0.710924  1.22218e-05  4.68415e-05  0.274084
2  1.0642659279315626e-05  0.091280000664276273  22109.999917239318	2  3.08508e-10  0.710923  1.11949e-05  4.74311e-05  0.274085
3  1.125864842446022e-05  0.091280000702724087  22109.999912449177	3  1.96085e-10  0.710923  1.03416e-05  4.80068e-05  0.274085
4  1.2497622618968778e-05  0.091280000780056367  22109.999902814547	4  1.33316e-10  0.710923  8.89071e-06  4.9038e-05  0.274086
5  1.484876845850704e-05  0.091280000926806382  22109.999884531291	5  7.58417e-11  0.710922  6.80802e-06  5.05793e-05  0.274087
6  1.953198410703613e-05  0.091280001219115753  22109.999848113097	6  2.74715e-11  0.710922  4.21964e-06  5.26028e-05  0.274088
7  2.5379107014880802e-05  0.091280001584071999  22109.999802644023	7  8.35874e-12  0.710921  2.43571e-06  5.40754e-05  0.274089
8  3.1004568940977653e-05  0.091280001935192978  22109.999758898681	8  2.7411e-12  0.710921  1.46934e-06  5.49022e-05  0.274089
9  3.6345577336022995e-05  0.091280002268559382  22109.999717365277	9  9.6436e-13  0.710921  9.1998e-07  5.53818e-05  0.27409
10  4.1416319061113675e-05  0.091280002585056724  22109.999677933574	10  3.61598e-13  0.710921  5.93386e-07  5.56701e-05  0.27409
11  4.6259038146503485e-05  0.091280002887321729  22109.999640275069	11  1.43431e-13  0.710921  3.91618e-07  5.58493e-05  0.27409
12  5.0920041435160303e-05  0.091280003178244681  22109.99960402965	12  5.97171e-14  0.710921  2.62993e-07  5.59641e-05  0.27409
13  5.6372469296185566e-05  0.091280003518565495  22109.999561629837	13  2.20433e-14  0.71092  1.65978e-07  5.60508e-05  0.27409
14  6.4761423015710783e-05  0.091280004042173624  22109.999496394703	14  5.11203e-15  0.71092  8.32403e-08  5.61248e-05  0.27409
15  7.3279066883114865e-05  0.091280004573814119  22109.999430158772	15  1.20258e-15  0.71092  4.1394e-08  5.61623e-05  0.27409
16  8.1807412773393182e-05  0.091280005106122608  22109.999363839685	16  2.89212e-16  0.71092  2.05823e-08  5.61809e-05  0.27409
17  9.0341059092337761e-05  0.091280005638761916  22109.999297479317	17  7.04637e-17  0.71092  1.02336e-08  5.61901e-05  0.27409
18  9.8877335961540877e-05  0.091280006171565425  22109.999231098558	18  1.72899e-17  0.71092  5.08802e-09  5.61946e-05  0.27409
19  0.00010741492039867074  0.091280006704450536  22109.999164707577	19  4.25867e-18  0.71092  2.52968e-09  5.61968e-05  0.27409
20  0.00011595315582580875  0.091280007237376296  22109.999098311579	20  1.05148e-18  0.71092  1.25771e-09  5.61979e-05  0.27409
21  0.00012449171613172443  0.091280007770322316  22109.999031913048	21  2.60409e-19  0.71092  6.25304e-10  5.61983e-05  0.27409
22  0.00013303043930918237  0.091280008303278523  22109.998965513205	22  6.50679e-20  0.71092  3.10887e-10  5.61985e-05  0.27409
23  0.00014182540759888221  0.091280008852228603  22109.998897120771	23  1.61993e-20  0.71092  1.516e-10  5.61986e-05  0.27409
24  0.00015705319234007981  0.091280009802691811  22109.998778704714	24  2.38801e-21  0.71092  4.6539e-11  5.61985e-05  0.27409
25  0.00018768170662899041  0.091280011714412815  22109.998540527697	25  9.64983e-22  0.71092  5.47128e-12  5.61983e-05  0.27409
26  0.00024928658898643719  0.091280015559566594  22109.998061468639	26  9.37645e-22  0.71092  1.43488e-13  5.61977e-05  0.27409
27  0.00037319601190117965  0.091280023293544274  22109.997097909873	27  9.24564e-22  0.71092  4.78807e-16  5.61964e-05  0.27409
28  0.00062242212027972398  0.091280038849335887  22109.99515984907	28  9.01319e-22  0.71092  1.45402e-17  5.61939e-05  0.274091
29  0.0011237048446795629  0.091280070137589167  22109.991261717099	29  8.61978e-22  0.71092  1.38807e-17  5.61889e-05  0.274091
30  0.0021319634553707599  0.091280133069442326  22109.98342118345	30  8.02615e-22  0.71092  1.3052e-17  5.61787e-05  0.274092
31  0.0041599316588432625  0.09128025964787799  22109.967651078052	31  7.3119e-22  0.710919  1.20555e-17  5.61583e-05  0.274094
32  0.0076456617427406335  0.091280477214537026  22109.940544993195	32  6.73503e-22  0.710919  1.1252e-17  5.61233e-05  0.274095
33  0.011287271651629436  0.091280704510656799  22109.91222677461	33  6.42606e-22  0.710918  1.08227e-17  5.60868e-05  0.274096
34  0.014928736982327467  0.091280931797761672  22109.883909715303	34  6.2141e-22  0.710918  1.05288e-17  5.60503e-05  0.274097
35  0.018570057250407619  0.091281159075824347  22109.855593818669	35  6.04103e-22  0.710918  1.02891e-17  5.60139e-05  0.274097
36  0.02221123220163683  0.091281386344831905  22109.827279086276	36  5.8896e-22  0.710918  1.00795e-17  5.59775e-05  0.274097
37  0.025852261709914625  0.091281613604779432  22109.798965518672	37  5.75396e-22  0.710918  9.89182e-18  5.59411e-05  0.274097
38  0.029493145717239915  0.091281840855666235  22109.770653115935	38  5.63145e-22  0.710918  9.72242e-18  5.59048e-05  0.274098
39  0.033133884201264258  0.091282068097493868  22109.742341877794	39  5.52044e-22  0.710917  9.56899e-18  5.58686e-05  0.274098
40  0.036774477158894495  0.091282295330265106  22109.71403180388	40  5.41965e-22  0.710917  9.42975e-18  5.58324e-05  0.274098
41  0.040414924599200548  0.09128252255398342  22109.685722893737	41  5.32799e-22  0.710917  9.30321e-18  5.57962e-05  0.274098
42  0.044055226542659497  0.091282749768653068  22109.657415146776	42  5.2445e-22  0.710917  9.18802e-18  5.57601e-05  0.274098
43  0.047699540228416333  0.091282977233757084  22109.629076235105	43  5.16826e-22  0.710917  9.08289e-18  5.5724e-05  0.274098
44  0.052639071136058112  0.091283285541777642  22109.590665504886	44  5.07558e-22  0.710917  8.95523e-18  5.56751e-05  0.274098
45  0.062574232130021792  0.091283905659575851  22109.513407975141	45  4.92058e-22  0.710916  8.74211e-18  5.55771e-05  0.274098
46  0.082557389604200268  0.091285152939169958  22109.358016140493	46  4.69667e-22  0.710916  8.43556e-18  5.53809e-05  0.274098
47  0.11914081563151843  0.091287436355695556  22109.073540358866	47  4.44443e-22  0.710915  8.09346e-18  5.50253e-05  0.274098
48  0.16695654190289227  0.091290420870417971  22108.701724719725	48  4.23569e-22  0.710913  7.81413e-18  5.4567e-05  0.274098
49  0.22281086447174736  0.091293907160291621  22108.267404682028	49  4.05345e-22  0.710911  7.57281e-18  5.40408e-05  0.274098
50  0.30052617644873036  0.091298758032465913  22107.663099060454	50  3.84651e-22  0.710908  7.30069e-18  5.33246e-05  0.274099
51  0.41214020725152462  0.091305725012599898  22106.79520217167	51  3.60603e-22  0.710905  6.98675e-18  5.23275e-05  0.274099
52  0.58074635791487317  0.091316250079413949  22105.484121225723	52  3.3341e-22  0.710899  6.63627e-18  5.08879e-05  0.2741
53  0.84731736390694101  0.091332892675303992  22103.411127601204	53  3.05582e-22  0.710891  6.28816e-18  4.87619e-05  0.274101
54  1.2449131028408089  0.091357722609484077  22100.3185977516	54  2.83507e-22  0.710879  6.03314e-18  4.58898e-05  0.274103
55  1.8392321595246437  0.09139486154649136  22095.69352358859	55  2.69512e-22  0.710863  5.90819e-18  4.2152e-05  0.274106
56  2.7302882752583129  0.091450621888331959  22088.750317722086	56  2.61548e-22  0.71084  5.88706e-18  3.75167e-05  0.274109
57  3.7418153593141579  0.091514083859443165  22080.848810345648	57  2.56256e-22  0.710818  5.89613e-18  3.32713e-05  0.274113
58  4.7525777116157553  0.09157773140300593  22072.924234655573	58  2.5135e-22  0.710799  5.89359e-18  2.98122e-05  0.274116
59  5.7743817769840184  0.091642375898883743  22064.874837938703	59  2.46305e-22  0.710781  5.87611e-18  2.69108e-05  0.274118
60  6.8360068725295822  0.091709930595440387  22056.461558160947	60  2.41047e-22  0.710765  5.84623e-18  2.43814e-05  0.274121
61  8.0170443208483455  0.091785640037354885  22047.029925579664	61  2.35329e-22  0.71075  5.80415e-18  2.20176e-05  0.274123
62  9.630549715604543  0.091890196238544219  22033.998117632382	62  2.27968e-22  0.710732  5.73926e-18  1.93752e-05  0.274125
63  12.731036381351009  0.092095629414453817  22008.363164596085	63  2.15787e-22  0.710704  5.61275e-18  1.56174e-05  0.274129
64  16.728793151429656  0.092371805751595537  21973.81982942075	64  2.03712e-22  0.710677  5.46995e-18  1.22737e-05  0.274133
65  20.655278501449644  0.092658930957391958  21937.792641049986	65  1.95133e-22  0.710655  5.3584e-18  9.94689e-06  0.274137
66  24.559191951489705  0.092963680529746615  21899.421796665178	66  1.89082e-22  0.710636  5.27249e-18  8.22196e-06  0.27414
67  28.558044162647565  0.093299572701380673  21856.980963546608	67  1.84807e-22  0.710619  5.20471e-18  6.86075e-06  0.274143
68  32.981923975283344  0.09370382251763841  21805.722917288869	68  1.81776e-22  0.710601  5.14748e-18  5.6858e-06  0.274146
69  38.995598920245406  0.094317581505952625  21727.60840183749	69  1.79778e-22  0.710578  5.09075e-18  4.47292e-06  0.274152
70  45.384711403198992  0.095064325844337438  21632.261526756167	70  1.79596e-22  0.710554  5.04756e-18  3.50171e-06  0.274158
71  51.171623898134456  0.095837910389220474  21533.317981916985	71  1.80664e-22  0.710533  5.01644e-18  2.81395e-06  0.274164
72  56.425893384651403  0.096630632909655734  21431.902193469108	72  1.82254e-22  0.710513  4.98861e-18  2.30521e-06  0.27417
73  63.13119429516037  0.097781641071740255  21284.828812992182	73  1.84395e-22  0.710489  4.94237e-18  1.78034e-06  0.274179
74  74.049353701882183  0.10003501971376709  20998.230660236226	74  1.8482e-22  0.710446  4.79615e-18  1.14306e-06  0.274196
75  84.00981218865833  0.10298196616273946  20613.004451983856	75  1.86262e-22  0.710402  4.62404e-18  7.20271e-07  0.274217
76  91.300375676354349  0.10700533144716613  20055.284070815793	76  2.06772e-22  0.710362  4.62384e-18  4.71446e-07  0.274237
77  96.345345482499368  0.11167975156419872  19416.162527221553	77  2.42333e-22  0.710325  4.73033e-18  3.19427e-07  0.274253
78  99.241918256268775  0.11745797606049037  18737.645529510628	78  3.54295e-22  0.710296  5.45133e-18  2.33377e-07  0.274265
79  100.52477503252769  0.12200298608437199  18244.289815911314	79  5.13653e-22  0.710278  6.50552e-18  1.92609e-07  0.274271
80  101.19682028774756  0.12595158976726417  17818.244279482173	80  7.40017e-22  0.710265  7.96941e-18  1.69218e-07  0.274274
81  101.60401844011176  0.12921139570285764  17470.048542442342	81  1.00863e-21  0.710256  9.62912e-18  1.53746e-07  0.274277
82  101.88068853457872  0.13236017489575849  17149.084451595631	82  1.36926e-21  0.710248  1.17659e-17  1.42324e-07  0.274278
83  102.07942546474715  0.13561195238795365  16836.148472286175	83  1.87831e-21  0.710241  1.46448e-17  1.3329e-07  0.27428
84  102.23717023999438  0.13901910515314134  16522.649624299567	84  2.59709e-21  0.710234  1.85012e-17  1.25329e-07  0.274281
85  102.39670440436286  0.14344186718299431  16132.427890348023	85  3.89159e-21  0.710225  2.5015e-17  1.16228e-07  0.274282
86  102.56589750697592  0.15033492402327961  15558.547751361903	86  7.04895e-21  0.71021  3.95103e-17  1.04758e-07  0.274284
87  102.68637655665214  0.1576026718652786  14987.313946574284	87  1.25093e-20  0.710193  6.19556e-17  9.47135e-08  0.274285
88  102.77960529658054  0.16449536427200703  14458.111035272443	88  2.02605e-20  0.710173  9.04149e-17  8.53704e-08  0.274286
89  102.85536436820317  0.17033583798066379  14005.223218823372	89  2.86995e-20  0.710154  1.18104e-16  7.67278e-08  0.274287
90  102.92119817729828  0.17521456389747839  13638.574387213404	90  3.62957e-20  0.710135  1.40156e-16  6.86251e-08  0.274288
91  102.97830723573622  0.17907228753412191  13378.378857136529	91  4.15378e-20  0.71012  1.52888e-16  6.13618e-08  0.274288
92  103.02323602223395  0.18189258115323434  13209.936046422274	92  4.42874e-20  0.710107  1.57587e-16  5.56312e-08  0.274289
93  103.06127414493727  0.18426077349539435  13076.751984257313	93  4.58121e-20  0.710097  1.5856e-16  5.08292e-08  0.274289
94  103.09532731818032  0.18645287967624924  12954.737661502313	94  4.67019e-20  0.710087  1.5763e-16  4.65968e-08  0.27429
95  103.12781480592143  0.18867626607283902  12828.331758592729	95  4.72518e-20  0.710078  1.55543e-16  4.2633e-08  0.27429
96  103.16224075529514  0.19124421238881939  12678.728857213866	96  4.76247e-20  0.710067  1.52378e-16  3.85226e-08  0.27429
97  103.19679154094338  0.19411525703308991  12510.126773288877	97  4.78699e-20  0.710055  1.48459e-16  3.4496e-08  0.274291
98  103.22439764318406  0.19667187305492703  12360.799038306239	98  4.80128e-20  0.710045  1.44892e-16  3.13512e-08  0.274291
99  103.24710338580188  0.19897942782894645  12227.559150547706	99  4.8115e-20  0.710036  1.4172e-16  2.88149e-08  0.274292
100  103.26620713753192  0.20108118608165784  12107.824586358538	100  4.82049e-20  0.710029  1.38921e-16  2.67177e-08  0.274292
101  103.28257861785235  0.20300930699766728  11999.480582958362	101  4.82986e-20  0.710022  1.36467e-16  2.49487e-08  0.274292
102  103.29682250372146  0.20479526552866739  11900.593429717203	102  4.84242e-20  0.710016  1.34364e-16  2.34317e-08  0.274293
103  103.30936083166289  0.20648056204257209  11809.092023976908	103  4.86491e-20  0.71001  1.32718e-16  2.21139e-08  0.274293
104  103.32049226164489  0.20809039249074349  11723.628046622047	104  4.90023e-20  0.710005  1.31549e-16  2.09572e-08  0.274293
105  103.33044179771936  0.20963728574288332  11643.374091061964	105  4.94834e-20  0.710001  1.30817e-16  1.99335e-08  0.274293
106  103.33938688644461  0.21112764439295889  11567.765512924745	106  5.00798e-20  0.709996  1.30462e-16  1.90208e-08  0.274294
107  103.35072506968514  0.21316956815889196  11466.778067048464	107  5.11071e-20  0.709991  1.30503e-16  1.7874e-08  0.274294
108  103.3719795146023  0.21752926504451275  11260.222945740692	108  5.40336e-20  0.70998  1.32288e-16  1.5752e-08  0.274294
109  103.39134950868957  0.22220827768509122  11050.171543907998	109  5.80085e-20  0.709968  1.35875e-16  1.38448e-08  0.274295
110  103.40643825849159  0.22642008700332664  10870.007471240793	110  6.21573e-20  0.709959  1.40032e-16  1.23765e-08  0.274295
111  103.41882160433639  0.23044299385720421  10706.643771628447	111  6.67161e-20  0.709951  1.44922e-16  1.11816e-08  0.274296
112  103.42950870084144  0.23448733977851588  10550.704060323025	112  7.18153e-20  0.709943  1.50495e-16  1.0155e-08  0.274296
113  103.43938107068044  0.23880995892214815  10391.940755931208	113  7.75838e-20  0.709934  1.56589e-16  9.20816e-09  0.274297
114  103.44891373906042  0.24361443622353313  10223.446081623266	114  8.39786e-20  0.709925  1.62729e-16  8.29353e-09  0.274297
115  103.45882856501886  0.24929807520466471  10031.503809107724	115  9.06704e-20  0.709915  1.67661e-16  7.34192e-09  0.274298
116  103.46912609757413  0.25554527296711788  9817.8712874304128	116  9.45445e-20  0.709902  1.66363e-16  6.36204e-09  0.274298
117  103.47774565790436  0.26063065914972544  9631.726547172897	117  9.28448e-20  0.709889  1.5715e-16  5.56422e-09  0.274299
118  103.48661056722256  0.26535461172407637  9436.7862601667039	118  8.56361e-20  0.709875  1.40025e-16  4.78576e-09  0.2743
119  103.50001227932756  0.27105085240646459  9146.7873280539297	119  6.85322e-20  0.709853  1.07791e-16  3.73673e-09  0.274301
120  103.51385914579348  0.27479038471071981  8869.9218110763068	120  5.05273e-20  0.709828  7.7777e-17  2.84486e-09  0.274303
121  103.53096145394426  0.27725301180138451  8560.6240890305253	121  3.54563e-20  0.7098  5.4096e-17  2.01685e-09  0.274304
122  103.5490670774026  0.27887096618155227  8263.0685275506439	122  2.67304e-20  0.709772  4.07027e-17  1.40044e-09  0.274306
123  103.5702098768537  0.28048924061238956  7955.6329027017218	123  2.13246e-20  0.709744  3.24212e-17  9.18661e-10  0.274307
124  103.59040219669303  0.28222710250930294  7700.0391641885981	124  1.84376e-20  0.70972  2.7911e-17  6.13788e-10  0.274308
125  103.60924900285529  0.28435343035364535  7490.3664501197445	125  1.69803e-20  0.709699  2.54642e-17  4.19383e-10  0.27431
126  103.62637801908757  0.2868022609646903  7324.29671453023	126  1.63981e-20  0.709681  2.42521e-17  2.94071e-10  0.274311
127  103.64168323384054  0.28949744371091224  7192.1639169193368	127  1.64267e-20  0.709665  2.38726e-17  2.11801e-10  0.274313
128  103.65516808789441  0.29236416919783748  7087.0614745508447	128  1.69201e-20  0.709651  2.40993e-17  1.56694e-10  0.274314
129  103.66697167769553  0.29523781695071499  7002.4923252115386	129  1.77126e-20  0.709639  2.47051e-17  1.18915e-10  0.274315
130  103.67732289569203  0.29802191175705789  6932.5379600433789	130  1.86951e-20  0.709628  2.55436e-17  9.23311e-11  0.274316
131  103.68644834935107  0.30070127434749438  6873.0408239039771	131  1.9823e-20  0.709618  2.65501e-17  7.31437e-11  0.274317
132  103.69454018700227  0.30328066711788437  6821.3507601034617	132  2.10739e-20  0.709609  2.76892e-17  5.89738e-11  0.274318
133  103.70175383259119  0.30577599697874269  6775.8401862341198	133  2.24413e-20  0.7096  2.89457e-17  4.82952e-11  0.274319
134  103.70969235178524  0.30877307676548554  6726.1080200751785	134  2.4291e-20  0.709591  3.06489e-17  3.84316e-11  0.27432
135  103.72525472201743  0.31548727173029412  6626.1487416158125	135  2.92437e-20  0.709572  3.51592e-17  2.39986e-11  0.274321
136  103.74188937378074  0.3239623560465793  6508.6705325901939	136  3.71443e-20  0.709549  4.21257e-17  1.37621e-11  0.274324
137  103.7538849779592  0.33113003280904679  6413.9892670586942	137  4.5541e-20  0.70953  4.92668e-17  8.81475e-12  0.274326
138  103.76291328093879  0.33731829559864179  6334.8517437484006	138  5.43969e-20  0.709515  5.65789e-17  6.14139e-12  0.274327
139  103.77002900349699  0.34279702375138771  6266.1320633930673	139  6.3804e-20  0.709502  6.41594e-17  4.55301e-12  0.274328
140  103.77583596819895  0.34768019497777708  6204.4565086648427	140  7.37087e-20  0.70949  7.19764e-17  3.54287e-12  0.274329
141  103.78071364836453  0.35208949307651438  6148.1993897250459	141  8.41773e-20  0.70948  8.00961e-17  2.86651e-12  0.27433
142  103.7849065789095  0.35614928606860169  6096.8253311173257	142  9.5411e-20  0.70947  8.86848e-17  2.39581e-12  0.274331
143  103.78858272335141  0.35993534918703401  6049.7178821642128	143  9.43417e-20  0.709462  8.59984e-17  2.04202e-12  0.274332
144  103.79197833685012  0.36362446862728026  6004.4834194824152	144  1.06453e-19  0.709453  9.50435e-17  1.77371e-12  0.274333
145  103.79771775646836  0.3702156297908919  5921.4431451367655	145  1.33357e-19  0.709437  1.14822e-16  1.44047e-12  0.274334
146  103.80535343768389  0.37989852532638108  5801.2683084528944	146  1.90494e-19  0.709414  1.55792e-16  1.19588e-12  0.274336
147  103.81193865054102  0.3886993269604902  5688.5335312581146	147  2.70742e-19  0.70939  2.1169e-16  1.14672e-12  0.274337
148  103.81796159897978  0.39720609165559856  5576.0961905301638	148  3.89328e-19  0.709367  2.91926e-16  1.23796e-12  0.274339
149  103.82316599773995  0.40445584624084041  5474.8134229786083	149  5.40133e-19  0.709344  3.91249e-16  1.43221e-12  0.274341
150  103.8277776175759  0.41070925190978802  5381.6942813535625	150  7.24668e-19  0.709324  5.09905e-16  1.70553e-12  0.274342
151  103.83215013066886  0.41631198430971017  5291.5034233728184	151  9.51482e-19  0.709303  6.52694e-16  2.06205e-12  0.274344
152  103.83620063571244  0.42112468638519418  5206.8850435605164	152  1.21038e-18  0.709283  8.1269e-16  2.48093e-12  0.274345
153  103.8415915462178  0.42692738745720799  5093.9734125055038	153  1.63149e-18  0.709257  1.068e-15  3.17553e-12  0.274347
154  103.84952076014223  0.43414026471889233  4928.969166214014	154  2.39715e-18  0.709221  1.52154e-15  4.45895e-12  0.274351
155  103.85749016893432  0.43963654779126676  4765.9230053199381	155  3.26839e-18  0.709188  2.02729e-15  5.96231e-12  0.274354
156  103.86483560213645  0.44325160057203111  4618.3647974236437	156  4.07314e-18  0.709161  2.48898e-15  7.41462e-12  0.274358
157  103.87189651942938  0.44565568153519636  4479.0906604553138	157  4.78472e-18  0.709139  2.89515e-15  8.76044e-12  0.274361
158  103.87886572265666  0.44721402775040442  4345.6853336339891	158  5.38998e-18  0.70912  3.24074e-15  9.97413e-12  0.274365
159  103.88589703797847  0.4480078220940425  4214.4859609382365	159  5.85931e-18  0.709105  3.5116e-15  1.10248e-11  0.274369
160  103.89314245978498  0.4481278540991086  4082.2551012354425	160  6.1802e-18  0.709092  3.7021e-15  1.18874e-11  0.274373
161  103.90076872199042  0.44763565413157907  3947.6680736877488	161  6.34916e-18  0.70908  3.81088e-15  1.25451e-11  0.274377
162  103.90967523754847  0.44639275584797405  3796.2578031445623	162  6.35168e-18  0.709069  3.83165e-15  1.30057e-11  0.274382
163  103.92651823437322  0.4425243006605159  3529.6560553114991	163  5.92655e-18  0.709054  3.6321e-15  1.31073e-11  0.274392
164  103.9567264796778  0.43318506674337243  3112.55365362047	164  4.64746e-18  0.709036  2.96098e-15  1.19607e-11  0.27441
165  103.99247216984462  0.42105557082638667  2719.6793124889223	165  3.2463e-18  0.709021  2.17859e-15  1.00193e-11  0.274431
166  104.03288179922035  0.40915896476590868  2390.2568512500825	166  2.23484e-18  0.709007  1.58108e-15  8.16559e-12  0.274454
167  104.08447106471176  0.39903510997267683  2115.1357839821367	167  1.60767e-18  0.708992  1.19141e-15  6.6268e-12  0.274484
168  104.17279527689051  0.39473454660452773  1892.5673932607551	168  1.40193e-18  0.708967  1.06007e-15  5.66553e-12  0.274534
169  104.32453660660363  0.4054536238676093  1795.7923821548868	169  2.03217e-18  0.708924  1.46195e-15  6.63477e-12  0.274615
170  104.46053623031317  0.41811448627858983  1760.0283465338287	170  3.06016e-18  0.708884  2.08009e-15  8.56174e-12  0.274685
171  104.58025110047851  0.42701339529321369  1709.6286884299134	171  3.97727e-18  0.70885  2.60111e-15  1.0156e-11  0.274743
172  104.68795675957  0.43174594833003865  1640.6218507654246	172  4.46086e-18  0.70882  2.85927e-15  1.096e-11  0.274793
173  104.79395053655263  0.43484019633810672  1564.0834822920344	173  4.70218e-18  0.70879  2.97501e-15  1.12101e-11  0.274841
174  104.90216921548829  0.43610258739720309  1479.8766804708275	174  4.64568e-18  0.708761  2.92386e-15  1.1032e-11  0.274887
175  105.0222692263492  0.43380367193757918  1366.5210337442077	175  4.09436e-18  0.708729  2.60192e-15  1.01714e-11  0.274936
176  105.15416316097503  0.42863748539551416  1238.972208645037	176  3.32242e-18  0.708695  2.15813e-15  8.78346e-12  0.274988
177  105.3369751543044  0.42237914933430087  1097.7110720052608	177  2.58727e-18  0.708651  1.7266e-15  7.47453e-12  0.275055
178  105.59211215521742  0.41433530378485695  943.80658361736448	178  1.90691e-18  0.708593  1.31847e-15  6.04494e-12  0.27514
179  105.97081249408663  0.406241187605061  790.05035443724535	179  1.40181e-18  0.708514  1.00532e-15  4.91099e-12  0.275253
180  106.38765893847797  0.39812423118577778  666.63717325636878	180  1.04e-18  0.708434  7.74434e-16  4.08056e-12  0.275359
181  106.79101958890314  0.39056443883770414  575.23755326002572	181  7.92677e-19  0.708366  6.11865e-16  3.46688e-12  0.275447
182  107.17202013975447  0.38223958086952603  501.01682737359522	182  5.90006e-19  0.708308  4.74327e-16  2.93797e-12  0.275519
183  107.53202352663898  0.37415019482824796  442.58300876254708	183  4.41912e-19  0.708259  3.70032e-16  2.51807e-12  0.275579
184  107.87096390817786  0.36680425264631272  396.93871365997558	184  3.38828e-19  0.708219  2.94725e-16  2.17687e-12  0.275628
185  108.19735882809623  0.35950977489310687  357.87588536667369	185  2.59001e-19  0.708184  2.34241e-16  1.90084e-12  0.27567
186  108.5118549937642  0.35288572267763896  325.90774250110525	186  3.14877e-19  0.708154  2.94584e-16  2.01712e-12  0.275707
187  108.81956886840732  0.34622465482758691  297.74798051639448	187  2.47621e-19  0.708129  2.40429e-16  2.05156e-12  0.275739
188  109.11915741536134  0.34036465891454187  274.67036263096918	188  1.99859e-19  0.708106  2.00681e-16  1.94891e-12  0.275767
189  109.4150544134085  0.33454629707355166  253.81825099015137	189  1.60651e-19  0.708086  1.66938e-16  1.81572e-12  0.275792
190  109.71515537719935  0.32863437115724792  234.7620179931599	190  1.27914e-19  0.708068  1.37781e-16  1.67656e-12  0.275815
191  110.19086789541299  0.31982846311481983  208.65302084784949	191  9.01996e-20  0.708044  1.02729e-16  1.47691e-12  0.275846
192  110.70498511730794  0.31094230795486405  185.13007555309514	192  6.25528e-20  0.708022  7.56159e-17  1.29666e-12  0.275876
193  111.20485560314305  0.30248778621784367  165.30835008077963	193  4.3505e-20  0.708003  5.58753e-17  1.15387e-12  0.275901
194  111.67520754092315  0.29488062226721984  149.4410737053405	194  3.09756e-20  0.707988  4.21887e-17  1.04437e-12  0.275921
195  112.12950063469981  0.2880807287138743  136.28995731288012	195  2.26468e-20  0.707976  3.26451e-17  9.57891e-13  0.275938
196  112.57713910481304  0.28161362596902584  124.85563596336256	196  1.66577e-20  0.707965  2.54648e-17  8.88021e-13  0.275953
197  113.01837883210328  0.27544830352694877  114.8271726274543	197  1.23304e-20  0.707955  2.00457e-17  8.31396e-13  0.275967
198  113.48472208827812  0.26923763118511734  105.46443393509361	198  9.04706e-21  0.707946  1.57543e-17  7.82446e-13  0.27598
199  113.96639706458271  0.26312685237627587  96.79766998543036	199  6.63724e-21  0.707937  1.24681e-17  7.41461e-13  0.275992
200  114.44219695893682  0.25707694180526108  89.04118542563711	200  4.86316e-21  0.707929  9.94418e-18  7.08775e-13  0.276003
201  114.9159947504251  0.25162344947130849  82.405860081993097	201  3.68026e-21  0.707922  8.19759e-18  6.82403e-13  0.276013
202  115.42750017977706  0.24593868853316972  76.001062627588269	202  2.75918e-21  0.707914  6.78856e-18  6.5949e-13  0.276023
203  115.99998881084662  0.23993698578522465  69.707652846503237	203  2.0511e-21  0.707907  5.66828e-18  6.39282e-13  0.276034
204  116.60529382836283  0.23394760328263076  63.86720348137662	204  1.54348e-21  0.707899  4.84026e-18  6.22716e-13  0.276045
205  117.23848188742876  0.22800468874480778  58.482441187558067	205  1.18048e-21  0.707892  4.23283e-18  6.09426e-13  0.276056
206  117.99465879289666  0.2213875677114521  52.946513570029481	206  8.93526e-22  0.707884  3.74372e-18  5.97634e-13  0.276068
207  118.79887263980189  0.21493962194412347  47.915771136652097	207  6.94429e-22  0.707876  3.40037e-18  5.88546e-13  0.27608
208  119.60637495089776  0.20887000416631754  43.58477120810592	208  5.5259e-22  0.70787  3.15144e-18  5.81953e-13  0.276092
209  120.42094528908754  0.20323808242417241  39.853292067440151	209  4.4939e-22  0.707863  2.96744e-18  5.77123e-13  0.276104
210  121.32591455389331  0.19748575866492879  36.251320331296739	210  3.63276e-22  0.707857  2.8097e-18  5.73275e-13  0.276116
211  122.25107431248898  0.1918413965964875  32.987481031871624	211  2.89347e-22  0.707851  2.66469e-18  5.70509e-13  0.276128
212  123.17565737155115  0.18674607622416961  30.234270295865198	212  2.33951e-22  0.707846  2.55221e-18  5.68569e-13  0.27614
213  124.40091999215616  0.18068367357262161  27.174069645725869	213  1.78576e-22  0.70784  2.43414e-18  5.66861e-13  0.276156
214  125.68050324215649  0.1744732308906663  24.353213218129842	214  1.2824e-22  0.707834  2.31471e-18  5.65767e-13  0.276172
215  126.95944307038202  0.16885540356000589  21.941360219239051	215  9.23815e-23  0.707828  2.22601e-18  5.65136e-13  0.276187
216  128.23792218889236  0.16364245676034084  19.859655671291392	216  6.59185e-23  0.707823  2.15843e-18  5.64802e-13  0.276202
217  129.51604019561196  0.15856333451792815  17.988747994583481	217  4.54703e-23  0.707819  2.10528e-18  5.64665e-13  0.276217
218  130.8250237137344  0.15356985357544597  16.295034370043879	218  3.0382e-23  0.707814  2.0678e-18  5.64659e-13  0.276232
219  132.17886513804424  0.14886175632767198  14.75522791127214	219  2.02181e-23  0.70781  2.04661e-18  5.64741e-13  0.276247
220  133.83688666036639  0.14324637082635225  13.114476003090406	220  1.18019e-23  0.707805  2.03548e-18  5.64913e-13  0.276266
221  135.51999764528992  0.13782323753217776  11.6295150371435	221  6.66434e-24  0.7078  2.03806e-18  5.65126e-13  0.276284
222  137.27728648793556  0.13236464347668153  10.249126293993093	222  3.54643e-24  0.707795  2.05142e-18  5.65359e-13  0.276303
223  139.08429100239036  0.12704091807630413  9.0292062977293615	223  1.81672e-24  0.70779  2.07278e-18  5.65591e-13  0.276322
224  140.89129833804728  0.12197233478392004  7.9669232837084651	224  9.11596e-25  0.707785  2.09902e-18  5.65805e-13  0.27634
225  142.86907080256611  0.11665170689113866  6.9561918104249347	225  4.16243e-25  0.707781  2.13148e-18  5.66012e-13  0.276359
226  145.58495664569682  0.10991020682175663  5.7923530821031282	226  1.40825e-25  0.707775  2.17857e-18  5.66249e-13  0.276382
227  148.30084248994572  0.10366387442713516  4.8531371620863295	227  4.65875e-26  0.70777  2.22739e-18  5.66436e-13  0.276402
228  151.05569797454638  0.09797857859256591  4.0870063280645565	228  1.55408e-26  0.707766  2.27613e-18  5.66585e-13  0.276417
229  153.83652368215843  0.092719058972092649  3.4586204749663239	229  5.14853e-27  0.707763  2.32507e-18  5.66702e-13  0.276428
230  156.61734065005547  0.087886519850499473  2.9438670559913622	230  1.71433e-27  0.707762  2.37363e-18  5.66792e-13  0.276435
231  159.39815148964237  0.083456677877132041  2.5174907118990646	231  5.77948e-28  0.70776  2.42155e-18  5.66862e-13  0.27644
232  163.29220956826362  0.0777935616995864  2.0383831656555143	232  1.26867e-28  0.70776  2.48813e-18  5.66934e-13  0.276443
233  167.49045638251303  0.072343999927213826  1.6374178913165605	233  2.53005e-29  0.707759  2.55867e-18  5.66988e-13  0.276445
234  171.68870319497145  0.067434079224032148  1.3254346976257059	234  5.08888e-30  0.707759  2.62841e-18  5.67025e-13  0.276446
235  175.88695000714944  0.062987316373280089  1.0796447235581095	235  1.0309e-30  0.707759  2.69725e-18  5.67051e-13  0.276446
236  180.08519681928701  0.058934420229825042  0.88342345468324524	236  2.09437e-31  0.707759  2.76503e-18  5.67069e-13  0.276446
237  183.92381131387521  0.055530944451112389  0.73823767558000142	237  4.88531e-32  0.707759  2.82579e-18  5.67081e-13  0.276446
238  188.2324533412083  0.052009439202065674  0.60591143178877449	238  9.52577e-33  0.707759  2.89225e-18  5.6709e-13  0.276446
239  192.56556239622878  0.048761041402763508  0.49870374089798203	239  1.84937e-33  0.707759  2.95642e-18  5.67097e-13  0.276446
240  196.92327741724719  0.045748818085485136  0.41161662646665037	240  3.56906e-34  0.707759  3.01763e-18  5.67101e-13  0.276446
241  201.30573813154825  0.042969891525372561  0.34057575591812606	241  7.00131e-35  0.707759  3.07498e-18  5.67105e-13  0.276446
242  205.71308505987116  0.040404974395504091  0.28259252949755426	242  1.43892e-35  0.707759  3.12776e-18  5.67107e-13  0.276446
243  210.14545952091532  0.038019476073658028  0.23517350298735265	243  3.29538e-36  0.707759  3.17552e-18  5.67109e-13  0.276446
244  214.60300363587166  0.035813624252285889  0.19617427083704223	244  9.77162e-37  0.707759  3.21789e-18  5.6711e-13  0.276446
245  219.08586033297948  0.033768520792069184  0.16406213436667572	245  4.22828e-37  0.707759  3.25482e-18  5.6711e-13  0.276446
246  223.59417335210966  0.031866522759716943  0.13756538313099884	246  2.52612e-37  0.707759  3.28645e-18  5.67111e-13  0.276446
247  228.8037866737948  0.029847769529955975  0.11279659253457651	247  1.72176e-37  0.707759  3.31662e-18  5.67111e-13  0.276446
248  234.04187326436772  0.028000203392837729  0.092730814691301788	248  1.28355e-37  0.707759  3.34092e-18  5.67112e-13  0.276446
249  239.30970482071581  0.026297440990456392  0.07652777641681334	249  9.86925e-38  0.707759  3.36018e-18  5.67112e-13  0.276446
250  244.60745025241587  0.024722648708700019  0.063380390893109345	250  7.66345e-38  0.707759  3.37522e-18  5.67112e-13  0.276446
251  249.93527942821345  0.023274050979341751  0.052669018753789196	251  5.97342e-38  0.707759  3.38684e-18  5.67112e-13  0.276446
252  255.29336318146974  0.021935017477083964  0.04391637366791333	252  4.65545e-38  0.707759  3.39571e-18  5.67112e-13  0.276446
253  260.68187331563922  0.020699268055484742  0.03674502810713387	253  3.62675e-38  0.707759  3.40243e-18  5.67112e-13  0.276446
254  266.1009826097785  0.019559407206871795  0.030849050454247635	254  2.82488e-38  0.707759  3.40749e-18  5.67112e-13  0.276446
255  272.35916711555132  0.018358670976048725  0.025334357769776956	255  2.12075e-38  0.707759  3.41173e-18  5.67112e-13  0.276446
256  278.65288930874493  0.01725037980751323  0.020913941288204663	256  1.58779e-38  0.707759  3.41475e-18  5.67112e-13  0.276446
257  284.98235099344902  0.016241873931948626  0.01733282526700837	257  1.19156e-38  0.707759  3.4169e-18  5.67112e-13  0.276446
258  291.34775511971674  0.015314732094600192  0.014427162586113484	258  8.94316e-39  0.707759  3.41842e-18  5.67112e-13  0.276446
259  297.74930579007219  0.014459086045519468  0.012066267299218747	259  6.70986e-39  0.707759  3.4195e-18  5.67112e-13  0.276446
260  304.18720826605448  0.013670022815247658  0.010134682119864563	260  5.03679e-39  0.707759  3.42026e-18  5.67112e-13  0.276446
261  311.62334078798511  0.012852945980974768  0.0083356198887510561	261  3.64956e-39  0.707759  3.42087e-18  5.67112e-13  0.276446
262  319.10170008557895  0.012094444372282817  0.006893459436329367	262  2.63492e-39  0.707759  3.42128e-18  5.67112e-13  0.276446
263  326.62252594754028  0.011409732492558652  0.00573114722630524	263  1.91484e-39  0.707759  3.42155e-18  5.67112e-13  0.276446
264  334.18605952423627  0.010785009674695248  0.0047897787371322213	264  1.3971e-39  0.707759  3.42174e-18  5.67112e-13  0.276446
265  341.79254333542877  0.010209066105417068  0.004022762434487002	265  1.02076e-39  0.707759  3.42187e-18  5.67112e-13  0.276446
266  350.57990293999251  0.0096020019258048189  0.0033121145026227864	266  9.1069e-40  0.707759  3.42197e-18  5.67112e-13  0.276446
267  359.41716238988579  0.0090530058382778007  0.0027434589288236498	267  9.1897e-40  0.707759  3.42206e-18  5.67112e-13  0.276446
268  368.30460504605827  0.0085526096755718754  0.0022863639604511128	268  9.26993e-40  0.707759  3.42213e-18  5.67112e-13  0.276446
269  377.24251587855161  0.0080946994669576656  0.0019158170460244366	269  9.34761e-40  0.707759  3.42219e-18  5.67112e-13  0.276446
270  387.5694874681771  0.0076164929074675793  0.0015746520254196015	270  9.43367e-40  0.707759  3.42225e-18  5.67112e-13  0.276446
271  397.95510173412782  0.0071838057663287051  0.0013032741300616907	271  9.51643e-40  0.707759  3.4223e-18  5.67112e-13  0.276446
272  408.39969168433907  0.0067894936680202725  0.0010850177285031766	272  9.59595e-40  0.707759  3.42234e-18  5.67112e-13  0.276446
273  418.90359221776293  0.0064308050560758822  0.00090974369643110578	273  9.67231e-40  0.707759  3.42237e-18  5.67112e-13  0.276446
274  431.04144953077144  0.0060561566366661157  0.00074815133146697091	274  9.75612e-40  0.707759  3.4224e-18  5.67112e-13  0.276446
275  443.24823280445599  0.0057162122982538028  0.00061981362488761364	275  9.83593e-40  0.707759  3.42243e-18  5.67112e-13  0.276446
276  455.52433344134607  0.0054084020266157206  0.00051702602768305937	276  9.91185e-40  0.707759  3.42245e-18  5.67112e-13  0.276446
277  467.87014506658716  0.0051280531428949333  0.00043416284803640123	277  9.98403e-40  0.707759  3.42247e-18  5.67112e-13  0.276446
278  482.12753734834689  0.0048349260565212363  0.00035791643318127959	278  1.00624e-39  0.707759  3.42249e-18  5.67112e-13  0.276446
279  496.46589156880913  0.0045701239350095877  0.00029738091957947287	279  1.01361e-39  0.707759  3.4225e-18  5.67112e-13  0.276446
280  510.88566747793294  0.004328414024836762  0.00024879655633065144	280  1.02054e-39  0.707759  3.42252e-18  5.67112e-13  0.276446
281  527.54130415413556  0.0040785594285764537  0.00020441703746298319	281  1.02798e-39  0.707759  3.42253e-18  5.67112e-13  0.276446
282  544.2915214246699  0.0038508068108482024  0.00016935354993357051	282  1.03489e-39  0.707759  3.42254e-18  5.67112e-13  0.276446
283  561.13685637430785  0.0036415336885800174  0.00014136750530247157	283  1.04132e-39  0.707759  3.42255e-18  5.67112e-13  0.276446
284  580.59736132456931  0.0034255831632015324  0.00011597307537110413	284  1.04812e-39  0.707759  3.42255e-18  5.67112e-13  0.276446
285  600.16837457661302  0.003230401716423045  9.5928678773248092e-05	285  1.05435e-39  0.707759  3.42256e-18  5.67112e-13  0.276446
286  619.85052366219099  0.0030538323394862996  8.001948839345218e-05	286  1.06006e-39  0.707759  3.42257e-18  5.67112e-13  0.276446
287  642.59151965541628  0.0028716437437242919  6.5587725764383386e-05	287  1.06601e-39  0.707759  3.42257e-18  5.67112e-13  0.276446
288  665.46165252635751  0.0027074350378104633  5.4267672634068135e-05	288  1.07137e-39  0.707759  3.42258e-18  5.67112e-13  0.276446
289  688.46165559088138  0.0025590459830868808  4.5285719589696949e-05	289  1.0762e-39  0.707759  3.42258e-18  5.67112e-13  0.276446
290  715.03947346983171  0.0024057149520798982  3.71505510523525e-05	290  1.08115e-39  0.707759  3.42258e-18  5.67112e-13  0.276446
291  741.76821597927801  0.0022683021409000484  3.0768600032920337e-05	291  1.08552e-39  0.707759  3.42259e-18  5.67112e-13  0.276446
292  768.64874015888392  0.0021438631805234891  2.5706113571372553e-05	292  1.08938e-39  0.707759  3.42259e-18  5.67112e-13  0.276446
293  795.68190791509289  0.0020309044626290271  2.1651939226521522e-05	293  1.09277e-39  0.707759  3.42259e-18  5.67112e-13  0.276446
294  826.90079323575424  0.0019132974869994002  1.7946475138161997e-05	294  1.09615e-39  0.707759  3.42259e-18  5.67112e-13  0.276446
295  858.29695792347957  0.0018078626172715417  1.500534617333953e-05	295  1.09905e-39  0.707759  3.4226e-18  5.67112e-13  0.276446
296  894.56126018174859  0.0016984445612359892  1.2341641573261229e-05	296  1.10183e-39  0.707759  3.4226e-18  5.67112e-13  0.276446
297  931.03149268016966  0.0016011122838410869  1.0259077903420454e-05	297  1.10412e-39  0.707759  3.4226e-18  5.67112e-13  0.276446
298  967.70882481291721  0.0015132206018556753  8.5967485747172688e-06	298  1.10596e-39  0.707759  3.4226e-18  5.67112e-13  0.276446
299  1010.0801641579419  0.0014215604355362571  7.0912315565679895e-06	299  1.10757e-39  0.707759  3.4226e-18  5.67112e-13  0.276446
300  1052.6921131257504  0.0013398265810568297  5.9071356431924073e-06	300  1.10873e-39  0.707759  3.4226e-18  5.67112e-13  0.276446
301  1101.9264805988896  0.0012566027167054024  4.8418024323666411e-06	301  1.10953e-39  0.707759  3.4226e-18  5.67112e-13  0.276446
302  1151.4404300434469  0.0011814952234938583  4.0111987110422135e-06	302  1.10983e-39  0.707759  3.4226e-18  5.67112e-13  0.276446
303  1201.235549091858  0.0011147297840412439  3.3540932468781551e-06	303  1.10968e-39  0.707759  3.4226e-18  5.67112e-13  0.276446
304  1258.7766547002593  0.0010459410117209683  2.7611362965840204e-06	304  1.10897e-39  0.707759  3.4226e-18  5.67112e-13  0.276446
305  1335.1671138374752  0.00096601249720935098  2.1699709095547331e-06	305  1.10721e-39  0.707759  3.4226e-18  5.67112e-13  0.276446
306  1411.5575729746911  0.00089723237453262483  1.7347115700689431e-06	306  1.1046e-39  0.707759  3.4226e-18  5.67112e-13  0.276446
307  1487.948032111907  0.00083747533041693498  1.4077434874814431e-06	307  1.10118e-39  0.707759  3.42261e-18  5.67112e-13  0.276446
308  1564.3384912491229  0.00078495685161947585  1.1577403031751754e-06	308  1.09699e-39  0.707759  3.42261e-18  5.67112e-13  0.276446
309  1643.0206641604552  0.00073720444573800498  9.5807404242609786e-07	309  1.09187e-39  0.707759  3.42261e-18  5.67112e-13  0.276446
310  1721.2391408974595  0.00069510549116247539  8.0230382644708785e-07	310  1.086e-39  0.707759  3.42261e-18  5.67112e-13  0.276446
311  1810.7662539217604  0.00065238307257346675  6.6270622155870964e-07	311  1.07835e-39  0.707759  3.42261e-18  5.67112e-13  0.276446
312  1899.7697307397468  0.00061474142096809093  5.5412688926392736e-07	312  1.06978e-39  0.707759  3.42261e-18  5.67112e-13  0.276446
313  2022.1377236413443  0.00056944716099678573  4.4024897042135586e-07	313  1.05646e-39  0.707759  3.42261e-18  5.67112e-13  0.276446
314  2154.1437219939094  0.00052736865275903699  3.4971180848210677e-07	314  1.04024e-39  0.707759  3.42261e-18  5.67112e-13  0.276446
315  2286.1497203464746  0.00049108273890546264  2.823257385708279e-07	315  1.02219e-39  0.707759  3.42261e-18  5.67112e-13  0.276446
316  2418.1557186990399  0.00045943899371166276  2.3113098593559861e-07	316  1.00247e-39  0.707759  3.42261e-18  5.67112e-13  0.276446
317  2550.1617170516051  0.00043157317271051991  1.9160819187708775e-07	317  9.81192e-40  0.707759  3.42261e-18  5.67112e-13  0.276446
318  2682.1677154041704  0.00040684195154766387  1.6051406579942604e-07	318  9.58559e-40  0.707759  3.42261e-18  5.67112e-13  0.276446
319  2814.1737137567357  0.00038467517835395049  1.3587352625132303e-07	319  9.34743e-40  0.707759  3.42261e-18  5.67112e-13  0.276446
320  2946.1797121093009  0.00036493522822116288  1.1597397830444305e-07	320  9.09913e-40  0.707759  3.42261e-18  5.67112e-13  0.276446
321  3124.1866657452738  0.00034111480720352494  9.4829706741747667e-08	321  8.75104e-40  0.707759  3.42261e-18  5.67112e-13  0.276446
322  3303.2044485556207  0.00032009927620472967  7.8449373791660213e-08	322  8.38997e-40  0.707759  3.42261e-18  5.67112e-13  0.276446
323  3483.2388006285732  0.00030133277365799826  6.5561212805609319e-08	323  8.01993e-40  0.707759  3.42261e-18  5.67112e-13  0.276446
324  3664.2954946479927  0.00028459691840414692  5.5297702855667536e-08	324  7.6446e-40  0.707759  3.42261e-18  5.67112e-13  0.276446
325  3873.3863499300969  0.00026736942756715529  4.5933112039032815e-08	325  7.21179e-40  0.707759  3.42261e-18  5.67112e-13  0.276446
326  4083.6645472361879  0.0002520128273410703  3.8537044522409301e-08	326  6.78181e-40  0.707759  3.42261e-18  5.67112e-13  0.276446
327  4326.5474656205915  0.00023624033392822809  3.1836593726501782e-08	327  6.29701e-40  0.707759  3.42261e-18  5.67112e-13  0.276446
328  4570.8096174273142  0.00022228299301516475  2.6582022060815367e-08	328  5.82712e-40  0.707759  3.42261e-18  5.67112e-13  0.276446
329  4852.9924786531383  0.00020804969143421931  2.1853108709199533e-08	329  5.31116e-40  0.707759  3.42261e-18  5.67112e-13  0.276446
330  5136.7777417110774  0.00019540946804714055  1.8160191784126225e-08	330  4.8247e-40  0.707759  3.42261e-18  5.67112e-13  0.276446
331  5464.666708615905  0.00018248462881243112  1.4864040776551305e-08	331  4.30659e-40  0.707759  3.42261e-18  5.67112e-13  0.276446
332  5794.4176237588936  0.00017115640981687431  1.2299948051677555e-08	332  3.83288e-40  0.707759  3.42261e-18  5.67112e-13  0.276446
333  6126.041060387668  0.0001609904794288678  1.0287759382978468e-08	333  3.40414e-40  0.707759  3.42261e-18  5.67112e-13  0.276446
334  6508.9576781504993  0.00015064780012211533  8.4734350937720518e-09	334  2.96607e-40  0.707759  3.42261e-18  5.67112e-13  0.276446
335  7004.5240113560876  0.00013891748892787837  6.7060733737835147e-09	335  2.48214e-40  0.707759  3.42261e-18  5.67112e-13  0.276446
336  7500.0903445616759  0.00012878060341760822  5.3987080356689715e-09	336  2.07934e-40  0.707759  3.42261e-18  5.67112e-13  0.276446
337  7951.4124902282783  0.00012071389904040317  4.4870746393059689e-09	337  1.77295e-40  0.707759  3.42261e-18  5.67112e-13  0.276446
338  8507.3809433949318  0.00011193597890525609  3.6261499534591559e-09	338  1.46353e-40  0.707759  3.42261e-18  5.67112e-13  0.276446
339  9154.4291096604265  0.00010299208061058794  2.880102989269965e-09	339  1.17869e-40  0.707759  3.42261e-18  5.67112e-13  0.276446
340  9801.4772759259213  9.5214712689770264e-05  2.3254871854237627e-09	340  9.56673e-41  0.707759  3.42261e-18  5.67112e-13  0.276446
341  10448.525442191416  8.8415999364497501e-05  1.9045534113906553e-09	341  7.83055e-41  0.707759  3.42261e-18  5.67112e-13  0.276446
342  11114.985053444876  8.2242043628137984e-05  1.570720965655466e-09	342  6.43143e-41  0.707759  3.42261e-18  5.67112e-13  0.276446
343  11777.517030767456  7.6788704942260867e-05  1.3125231292092207e-09	343  5.33708e-41  0.707759  3.42261e-18  5.67112e-13  0.276446
344  12542.778014724139  7.1207048986527939e-05  1.0795639704845445e-09	344  4.35208e-41  0.707759  3.42261e-18  5.67112e-13  0.276446
345  13312.384604921437  6.6237008151187417e-05  8.9772767706535868e-10	345  3.5842e-41  0.707759  3.42261e-18  5.67112e-13  0.276446
346  14086.361478291788  6.1796962048613587e-05  7.5384581489932179e-10	346  2.97985e-41  0.707759  3.42261e-18  5.67112e-13  0.276446
347  14980.495125419733  5.7309029472386848e-05  6.2352606394333763e-10	347  2.43808e-41  0.707759  3.42261e-18  5.67112e-13  0.276446
348  15879.706194287917  5.3312658703249098e-05  5.2112111200816078e-10	348  2.0162e-41  0.707759  3.42261e-18  5.67112e-13  0.276446
349  16918.665670983439  4.9178065675932211e-05  4.288234022824291e-10	349  1.64133e-41  0.707759  3.42261e-18  5.67112e-13  0.276446
350  17963.524976469824  4.547073405212133e-05  3.5686736389979031e-10	350  1.35168e-41  0.707759  3.42261e-18  5.67112e-13  0.276446
351  19170.919612567825  4.1623151176671189e-05  2.9240392987862601e-10	351  1.09621e-41  0.707759  3.42261e-18  5.67112e-13  0.276446
352  20385.170552300158  3.8128076749999122e-05  2.4225151787876797e-10	352  8.99698e-42  0.707759  3.42261e-18  5.67112e-13  0.276446
353  21606.316729829789  3.4896142977916479e-05  2.0280161198600515e-10	353  7.46608e-42  0.707759  3.42261e-18  5.67112e-13  0.276446
354  23016.540748703988  3.1484242492419732e-05  1.6726599000080664e-10	354  6.10266e-42  0.707759  3.42261e-18  5.67112e-13  0.276446
355  24434.772856877866  2.8247496504748481e-05  1.3936118756280655e-10	355  5.04509e-42  0.707759  3.42261e-18  5.67112e-13  0.276446
356  25861.058529037269  2.5180382211311116e-05  1.1725189111130007e-10	356  4.21463e-42  0.707759  3.42261e-18  5.67112e-13  0.276446
357  27508.497164815893  2.1598739938116267e-05  9.7151458292026483e-11	357  3.46687e-42  0.707759  3.42261e-18  5.67112e-13  0.276446
358  29165.290935335164  1.8795821512267635e-05  8.1314536648657946e-11	358  2.88345e-42  0.707759  3.42261e-18  5.67112e-13  0.276446
359  30915.43598068173  1.5994755345202004e-05  6.8115983313256136e-11	359  2.40129e-42  0.707759  3.42261e-18  5.67112e-13  0.276446
360  31644.91591150736  1.323674000505611e-05  6.3462980373683528e-11	360  2.23035e-42  0.707759  3.42261e-18  5.67112e-13  0.276446
361  32066.210693305096  1.1220410377968894e-05  6.096433993905827e-11	361  2.139e-42  0.707759  3.42261e-18  5.67112e-13  0.276446
362  32435.104840454507  9.2339756162908115e-06  5.8885101620742529e-11	362  2.06329e-42  0.707759  3.42261e-18  5.67112e-13  0.276446
363  32679.83626853922  7.7663266379710805e-06  5.7550029404182796e-11	363  2.01501e-42  0.707759  3.42261e-18  5.67112e-13  0.276446
364  32802.896847760552  6.4670633250930349e-06  5.6901714953812134e-11	364  1.9913e-42  0.707759  3.42261e-18  5.67112e-13  0.276446
365  32856.765104008562  5.4183354199308309e-06  5.6616449580091152e-11	365  1.98103e-42  0.707759  3.42261e-18  5.67112e-13  0.276446
366  32903.93322786293  4.5384337943096837e-06  5.6365615761944797e-11	366  1.97209e-42  0.707759  3.42261e-18  5.67112e-13  0.276446
367  32986.551585449415  3.9919247824637414e-06  5.5946275640011696e-11	367  1.95659e-42  0.707759  3.42261e-18  5.67112e-13  0.276446
368  33152.726612800427  3.7159491676046045e-06  5.5096638137100243e-11	368  1.92598e-42  0.707759  3.42261e-18  5.67112e-13  0.276446
369  33486.963948445904  3.3218122864456969e-06  5.3444125079133747e-11	369  1.86642e-42  0.707759  3.42261e-18  5.67112e-13  0.276446
370  34159.23461582727  2.7225661696303047e-06  5.0313822474622091e-11	370  1.75431e-42  0.707759  3.42261e-18  5.67112e-13  0.276446
371  34835.322835218736  2.2924009345644137e-06  4.7416309763818311e-11	371  1.65044e-42  0.707759  3.42261e-18  5.67112e-13  0.276446
372  35616.094100287541  1.9330759572776935e-06  4.43343967077952e-11	372  1.54035e-42  0.707759  3.42261e-18  5.67112e-13  0.276446
373  36806.293029691515  1.5906932226704935e-06  4.0130957082570996e-11	373  1.39098e-42  0.707759  3.42261e-18  5.67112e-13  0.276446
374  38181.635906676267  1.3049288835109737e-06  3.5910909900547885e-11	374  1.24141e-42  0.707759  3.42261e-18  5.67112e-13  0.276446
375  39564.78879712637  1.1008460282329834e-06  3.2249742855953384e-11	375  1.11178e-42  0.707759  3.42261e-18  5.67112e-13  0.276446
376  41672.200613322413  9.0669549375069925e-07  2.7558993390087656e-11	376  9.46841e-43  0.707759  3.42261e-18  5.67112e-13  0.276446
377  44107.130023714213  7.4888645787805801e-07  2.3215110696938469e-11	377  7.94648e-43  0.707759  3.42261e-18  5.67112e-13  0.276446
378  46920.830101750835  6.2220757993232368e-07  1.9259264849975062e-11	378  6.56776e-43  0.707759  3.42261e-18  5.67112e-13  0.276446
379  49750.508039464963  5.3088704061143208e-07  1.6140285148361753e-11	379  5.48411e-43  0.707759  3.42261e-18  5.67112e-13  0.276446
380  53018.323037269409  4.4757308906835695e-07  1.3328112971411748e-11	380  4.51104e-43  0.707759  3.42261e-18  5.67112e-13  0.276446
381  56304.694628896534  3.8599370046796453e-07  1.1114315380793864e-11	381  3.74937e-43  0.707759  3.42261e-18  5.67112e-13  0.276446
382  59609.728189704052  3.3422998934724016e-07  9.3585490219763986e-12	382  3.14824e-43  0.707759  3.42261e-18  5.67112e-13  0.276446
383  63427.224282457901  2.8905506364961673e-07  7.7613423481657483e-12	383  2.60328e-43  0.707759  3.42261e-18  5.67112e-13  0.276446
384  67266.398384664717  2.5165581477264109e-07  6.5026755408610277e-12	384  2.17527e-43  0.707759  3.42261e-18  5.67112e-13  0.276446
385  71701.588711498611  2.1684900560339194e-07  5.3653816430590884e-12	385  1.7902e-43  0.707759  3.42261e-18  5.67112e-13  0.276446
386  76161.964682402497  1.9027568679990208e-07  4.4739287499433993e-12	386  1.48919e-43  0.707759  3.42261e-18  5.67112e-13  0.276446
387  81315.537681040601  1.6599482989682214e-07  3.6741089673405804e-12	387  1.22019e-43  0.707759  3.42261e-18  5.67112e-13  0.276446
388  86498.37572709893  1.4981706072846133e-07  3.0500725847558631e-12	388  1.01077e-43  0.707759  3.42261e-18  5.67112e-13  0.276446
389  92487.441263211935  1.3731558851828294e-07  2.493646212028664e-12	389  8.24815e-44  0.707759  3.42261e-18  5.67112e-13  0.276446
390  98510.516269446642  1.2929931773340854e-07  2.0622762126086016e-12	390  6.80823e-44  0.707759  3.42261e-18  5.67112e-13  0.276446
391  104567.79387176753  1.2820759958408367e-07  1.7236535308407482e-12	391  5.68013e-44  0.707759  3.42261e-18  5.67112e-13  0.276446
392  110659.46829282299  1.2619580000628392e-07  1.4533430807912588e-12	392  4.78256e-44  0.707759  3.42261e-18  5.67112e-13  0.276446
393  122763.30778498024  1.2529999999999999e-07  1.3659999999999994e-12	393  4.3843e-44  0.707759  3.42261e-18  5.67112e-13  0.276446
394  138366.12174490371  1.2529999999999999e-07  1.3659999999999994e-12	394  4.38369e-44  0.707759  3.42261e-18  5.67112e-13  0.276446
395  165381.10409138011  1.2529999999999999e-07  1.3659999999999994e-12	395  4.38389e-44  0.707759  3.42261e-18  5.67112e-13  0.276446
396  219277.89288901753  1.2529999999999999e-07  1.3659999999999994e-12	396  4.38431e-44  0.707759  3.42261e-18  5.67112e-13  0.276446
397  287554.05631484231  1.2529999999999999e-07  1.3659999999999994e-12	397  4.38483e-44  0.707759  3.42261e-18  5.67112e-13  0.276446
398  355830.21974066709  1.2529999999999999e-07  1.3659999999999994e-12	398  4.38536e-44  0.707759  3.42261e-18  5.67112e-13  0.276446
399  424106.38316649187  1.2529999999999999e-07  1.3659999999999994e-12	399  4.38588e-44  0.707759  3.42261e-18  5.67112e-13  0.276446
400  498834.64403605706  1.2529999999999999e-07  1.3659999999999994e-12	400  4.38646e-44  0.707759  3.42261e-18  5.67112e-13  0.276446
401  638859.75715045701  1.2529999999999999e-07  1.3659999999999994e-12	401  4.38753e-44  0.707759  3.42261e-18  5.67112e-13  0.276446
402  920500.27484360593  1.2529999999999999e-07  1.3659999999999994e-12	402  4.3897e-44  0.707759  3.42261e-18  5.67112e-13  0.276446
403  1486979.9543969417  1.2529999999999999e-07  1.3659999999999994e-12	403  4.39404e-44  0.707759  3.42261e-18  5.67112e-13  0.276446
404  2626372.9294392401  1.2529999999999999e-07  1.3659999999999994e-12	404  4.40277e-44  0.707759  3.42261e-18  5.67112e-13  0.276446
405  4119552.7856025891  1.2529999999999999e-07  1.3659999999999994e-12	405  4.41419e-44  0.707759  3.42261e-18  5.67112e-13  0.276446
406  5612731.9453279097  1.2529999999999999e-07  1.3659999999999994e-12	406  4.42558e-44  0.707759  3.42261e-18  5.67112e-13  0.276446
407  7105911.1029423736  1.2529999999999999e-07  1.3659999999999994e-12	407  4.43693e-44  0.707759  3.42261e-18  5.67112e-13  0.276446
408  8895747.6296882331  1.2529999999999999e-07  1.3659999999999994e-12	408  4.45051e-44  0.707759  3.42261e-18  5.67112e-13  0.276446
409  11836347.074468233  1.2529999999999999e-07  1.3659999999999994e-12	409  4.47272e-44  0.707759  3.42261e-18  5.67112e-13  0.276446
410  15114920.938551672  1.2529999999999999e-07  1.3659999999999994e-12	410  4.49735e-44  0.707759  3.42261e-18  5.67112e-13  0.276446
411  18393494.802635111  1.2529999999999999e-07  1.3659999999999994e-12	411  4.52184e-44  0.707759  3.42261e-18  5.67112e-13  0.276446
412  21672068.66671855  1.2529999999999999e-07  1.3659999999999994e-12	412  4.5462e-44  0.707759  3.42261e-18  5.67112e-13  0.276446
413  24950642.530801989  1.2529999999999999e-07  1.3659999999999994e-12	413  4.57041e-44  0.707759  3.42261e-18  5.67112e-13  0.276446
414  28229216.394885428  1.2529999999999999e-07  1.3659999999999994e-12	414  4.5945e-44  0.707759  3.42261e-18  5.67112e-13  0.276446
415  31500000  1.2529999999999999e-07  1.3659999999999994e-12	415  4.61839e-44  0.707759  3.42261e-18  5.67112e-13  0.276446
