1  1.0000000000000001e-05  0.091280000624163804  22109.999922236824
2  3.7603625984690528e-05  0.091280002347082223  22109.99970758229
3  7.5634266774881836e-05  0.091280004720817168  22109.999411844001
4  0.0001521272706553256  0.091280009495233613  22109.998817010233
5  0.00030598117036056055  0.091280019098237158  22109.997620593698
6  0.00061543248733754192  0.091280038413068296  22109.995214202652
7  0.0012378313943371736  0.091280077260955314  22109.990374233319
8  0.0024896068907450833  0.091280155392251136  22109.980640037113
9  0.0050069276327596472  0.09128031251430152  22109.961064579787
10  0.010068314516404492  0.091280628427760191  22109.921705736135
11  0.017137410973418664  0.09128106965521525  22109.866734461619
12  0.024205960250254871  0.0912815108485696  22109.811767571635
13  0.031273961542363789  0.091281952007794584  22109.75680506945
14  0.038341414440041563  0.091282393132886164  22109.70184695526
15  0.04540831876848056  0.091282834223854969  22109.646893227538
16  0.052474674481907443  0.091283275280719667  22109.591943883544
17  0.05954048160343247  0.09128371630350321  22109.536998920259
18  0.066605740194026611  0.091284157292230925  22109.482058334121
19  0.073670450339313909  0.091284598246929638  22109.427122121531
20  0.080734612149181734  0.091285039167627702  22109.372190278704
21  0.090283641391031552  0.091285635185604605  22109.297935945815
22  0.10949014999027386  0.091286833992223315  22109.148584499409
23  0.1481212991081404  0.09128924522844474  22108.848187368276
24  0.21480463745078826  0.091293407428872764  22108.329660446623
25  0.31224816139930284  0.091299489709945877  22107.571950424448
26  0.45460973528382598  0.09130837605059576  22106.464962702288
27  0.66278032120136232  0.091321371312341332  22104.846206133552
28  0.96776136602182861  0.091340413387784772  22102.474401374202
29  1.4159614897581358  0.091368408089209874  22098.98782905651
30  2.0777634514788041  0.091409777780993282  22093.83608630563
31  3.0554138225700269  0.091470998223878081  22086.213257672749
32  4.3672435990017462  0.091553435423659194  22075.949299885135
33  6.0798553241110547  0.09166177024010895  22062.459652767924
34  8.2583394318205166  0.091801188803912567  22045.092463930458
35  11.062099752144199  0.091984235542968348  22022.268944202271
36  14.705929490780955  0.092230264593722328  21991.536105251111
37  19.467701219557636  0.092570206735966415  21948.938316114811
38  25.614935286647444  0.093049869770098825  21888.545840870393
39  32.528349967766793  0.093660650997940964  21811.205274567183
40  39.123144977531368  0.094331484763148468  21725.835717013098
41  45.45587152811374  0.095073250443899374  21631.120702617623
42  51.831642064941661  0.095932567697454826  21521.206889691592
43  59.448766536331931  0.097129245395365812  21368.1522961347
44  68.200063098595521  0.098765810200614507  21159.394993218444
45  76.683411526445951  0.10066244155240293  20918.638759142268
46  84.460271025423339  0.10316954068230863  20587.508573563657
47  90.635056190581494  0.1065379052358142  20120.701035212282
48  95.317323885515691  0.11042602252563477  19579.936393273747
49  98.670484328135274  0.115979231214571  18902.940132734315
50  100.71813897402491  0.12298716267509478  18137.909939698478
51  101.6744080809371  0.12989949041753379  17398.158841049182
52  102.08694366723314  0.13575619712872752  16822.610524242995
53  102.30060242458669  0.14063449742130565  16378.04883776208
54  102.43065798735942  0.14458728136667284  16034.350473836948
55  102.51871622477299  0.14808195292417869  15742.077293923941
56  102.58220666147805  0.15118553766405338  15490.142722385748
57  102.63043700113266  0.15393927367652591  15271.745484638019
58  102.66873761612096  0.15639671178728282  15080.381558042227
59  102.70040289998333  0.15858986451653601  14911.37928713341
60  102.72770190690147  0.1605716718665057  14759.316024049451
61  102.75244256579838  0.16242241437516183  14617.4053919138
62  102.77661012887752  0.16426527604366573  14475.824411946811
63  102.80389238821884  0.16636915851993883  14313.408929458597
64  102.84650821592912  0.16965806159254251  14057.734880134203
65  102.90647846224216  0.17415583915867683  13715.649851728323
66  102.96325839352404  0.17809517943303207  13440.725677311531
67  103.00954512551677  0.18104253625901123  13259.190260547153
68  103.05380435697069  0.18379189739874005  13102.8379985513
69  103.09890522831481  0.18669024335487971  12941.418181448629
70  103.144707727198  0.18990461225206967  12757.083202851487
71  103.19008904142935  0.19353170864462693  12544.375187272639
72  103.23220145205664  0.19744284890465527  12316.093041426362
73  103.27150047057202  0.20169133822853  12073.380260714588
74  103.30111778515244  0.2053590354635895  11869.76633187339
75  103.32409300433871  0.2086376072126562  11695.028381689755
76  103.34247194208214  0.21166555682310026  11540.876892999926
77  103.35750452280492  0.21448039375928021  11403.439343306634
78  103.37003549061716  0.21709882315712209  11280.114850081976
79  103.380658448519  0.21953561296147506  11168.817997709395
80  103.3897996680297  0.22180644223444546  11067.796723630074
81  103.39777090011458  0.22392816146846056  10975.54943812519
82  103.40950008638855  0.22735834296908813  10831.12740909417
83  103.42841492043723  0.23404507681564091  10567.385202032578
84  103.44277595389286  0.24044518435559475  10333.728154208975
85  103.45340580133283  0.24611561140861915  10138.480378994982
86  103.46179875164763  0.25108865869435243  9971.1416882567264
87  103.46890662098373  0.25541235422576825  9822.5394712775815
88  103.47542494097139  0.25929571785707056  9682.3092405301977
89  103.48203424772059  0.2629990363156946  9537.6263679601143
90  103.48975539073412  0.2668600403301471  9367.6612396981709
91  103.50028367494787  0.27114556310847648  9141.0928049017893
92  103.51419880165693  0.27485750479820814  8863.4634450770809
93  103.53057605051391  0.27721163641088392  8567.2808638470051
94  103.5477999250664  0.27877208955052757  8282.8900922490411
95  103.5648822857912  0.28007004954547549  8028.9852272407225
96  103.58133823360753  0.28141929957201334  7810.7074921201865
97  103.59695079045146  0.28288087975921716  7624.0287789339682
98  103.61146252491299  0.28464610105498378  7467.611752857506
99  103.62480249594768  0.28655596393413407  7338.6910238816045
100  103.63709445603993  0.28862914729299705  7230.3333605850185
101  103.64842434959219  0.29087174424815238  7138.3437369160301
102  103.65899271709065  0.29326018739190352  7058.9935420954835
103  103.67015183071101  0.29606597958882336  6980.6489869680227
104  103.68273111992289  0.29958292195263059  6897.0918213398436
105  103.69819299318159  0.30451908969893027  6798.2524782227765
106  103.71187082222828  0.30964546892866568  6712.4491783967305
107  103.72287757821684  0.31438863269467532  6641.9316599207941
108  103.73193413634255  0.31871900704930362  6580.5227901359121
109  103.73954706834043  0.32267757947614484  6526.051380943235
110  103.74606168292884  0.32633836016613021  6476.8756385836941
111  103.75171609806294  0.32975409589530424  6431.8903313916908
112  103.7587526305379  0.33436822271834293  6372.3131473477588
113  103.77076130152895  0.34339246567869658  6258.6621334001602
114  103.78215596377801  0.35345590748710126  6130.8277624625525
115  103.79051212483654  0.3620101286545313  6024.2690145016441
116  103.79704260670766  0.36941399940427228  5931.6428829233137
117  103.80251647126755  0.37620900599338197  5847.4149477911124
118  103.80742517949484  0.38262043371064475  5766.4244204914476
119  103.81227076560369  0.38916032414975721  5682.5646397687051
120  103.81771728638066  0.39686259679023717  5580.7505723603663
121  103.82437642393468  0.40612211073242499  5450.6077872025162
122  103.83074035005814  0.4145491149471337  5320.7517652132756
123  103.83642914074014  0.42138481410844125  5202.0964204715156
124  103.84184971585015  0.42718746252616058  5088.5808579437162
125  103.84738047449183  0.43235706941209257  4973.3764844305924
126  103.85292015444848  0.43669051576172918  4858.8693924880745
127  103.85870702561589  0.44033484520940014  4741.4029273073866
128  103.86553039219561  0.44352605145319679  4604.4942016888508
129  103.87347015269486  0.44607884201642833  4448.6092657949921
130  103.88634726611369  0.44803452776659747  4206.170527630341
131  103.90211843573697  0.44749102603450619  3924.3368165672009
132  103.91990946761523  0.44418168628615368  3631.2274802960878
133  103.94168462223278  0.43810542255792034  3310.073186109676
134  103.97111990734416  0.42819616242155351  2942.4589337227935
135  104.0042772713187  0.41732866950866832  2611.5120892914279
136  104.04111563744445  0.40714206450245033  2336.1320066904482
137  104.08841712976916  0.39850960156182713  2099.3783991471555
138  104.16334468600846  0.39461103773648676  1906.4305729176849
139  104.28981153160012  0.40225819928296219  1806.7218745163309
140  104.4352051354122  0.41584645061101649  1767.0413880177175
141  104.55334094022346  0.42524774429475459  1723.029330703305
142  104.66794928979797  0.43112671684213838  1655.224790989774
143  104.7999577163085  0.43495962250573439  1560.1937791190235
144  104.96495478911099  0.43553875526879787  1424.4461238275064
145  105.14302077394933  0.42879282941845515  1246.4618547164125
146  105.34847544672047  0.42194010600048298  1088.9215517433756
147  105.56232269119151  0.41509861121400177  958.67214611668521
148  105.81540942978766  0.40949911361382113  847.28061999881481
149  106.11754580924899  0.40422824406769209  747.55126687191978
150  106.47696993684501  0.39732804813692651  648.79034290596212
151  106.88047328351827  0.38867036286566997  556.81648024140509
152  107.25428937530604  0.38048713226879782  487.30624181710976
153  107.60522899562937  0.37236174577464026  431.47630125972904
154  107.93610057836302  0.36530005330881749  388.52594352455981
155  108.25406326881088  0.35825633989837308  351.61145704568673
156  108.56126471171612  0.35191357450186261  321.41412875840501
157  108.86166310147318  0.34531591037389331  294.20758119195852
158  109.15502266235777  0.33964835358517431  272.01019377260394
159  109.44471072819385  0.33394745095069245  251.8520357014273
160  109.72996245230171  0.32835726936260873  233.88989687182948
161  110.01235670695422  0.32312257334758493  217.9635123549559
162  110.29161903197192  0.31808974167356624  203.80366435010134
163  110.56955568670753  0.31324023162906423  191.06771996780017
164  110.98621705030294  0.30610388651321985  173.5665286665465
165  111.45943909565858  0.29828551260837621  156.40585323364397
166  111.91025135241622  0.2912632926720522  142.44361472459673
167  112.35368773273684  0.28476895185980744  130.44625968405944
168  112.79103681653356  0.2785437004478124  119.87331133239591
169  113.22440880007881  0.27268609215007361  110.56537762418662
170  113.6549982592209  0.26700254515766408  102.25973284027658
171  114.08556006028513  0.26156209380318446  94.759910863997675
172  114.5089782512043  0.25627398012996822  88.049783405669032
173  114.93595169789997  0.25139380088846919  82.143969617053088
174  115.37856148854203  0.24646294770629182  76.581554998117625
175  115.84166891847856  0.24155563559951287  71.367977900481819
176  116.30882585771283  0.23683860324698133  66.648178779231756
177  116.78119057209297  0.23225453002144797  62.297536489898384
178  117.25820740528626  0.22781625401856948  58.325905746190045
179  117.78386059724477  0.22315189127172222  54.402819151390176
180  118.4399314697535  0.21775041110629711  50.065057304812086
181  119.11074524962638  0.21251999391742704  46.164505374589098
182  119.79673493886384  0.20749814626582982  42.666114539087751
183  120.5028722642967  0.20269722059189801  39.506167235513587
184  121.23395319494918  0.19805709471612243  36.596718864970128
185  122.05287738991279  0.19297264828880029  33.64780411672956
186  122.88674523728174  0.18824700872313757  31.03350664855429
187  123.74038933024926  0.18381345068307473  28.774988440915365
188  124.61607637752908  0.17963716573512684  26.675695468624557
189  125.48728295932659  0.17537349092789309  24.753765922496804
190  126.35377447820454  0.17147135416529397  23.034120251090499
191  127.23991871533866  0.16765839798786139  21.464992641190147
192  128.4634281292322  0.16273253768088131  19.519015145497818
193  129.74109563814119  0.15769137013721776  17.679277107881624
194  131.01855961935559  0.15288035515981802  16.060890914473561
195  132.2958710559289  0.14846718443812038  14.63313022485648
196  133.57306485370347  0.14411233579992325  13.363700246462967
197  134.85016052135774  0.1399665320456509  12.196276553070419
198  136.12717792862867  0.1359216190799232  11.132561856235901
199  137.40413280617784  0.13198095496355852  10.156546057214422
200  138.71934768288381  0.1280551941609103  9.2624933321748255
201  140.39725828151333  0.1233272076047164  8.2429863512565298
202  142.07459415701845  0.11879310332466766  7.3445824345241633
203  143.7511739965345  0.11443032864254743  6.5505446799920577
204  145.48040618784916  0.11015339839076545  5.8327083888800306
205  147.28954633249532  0.10589182424464313  5.1796569324262736
206  149.09890994599292  0.10193107352094452  4.6137432090406474
207  151.04451081610031  0.098000727542714119  4.0897993042039191
208  153.26267396196653  0.093765468764660034  3.5777478726472411
209  155.48083280786832  0.089813246424374715  3.1421985591761201
210  157.81583868232497  0.085933843578238314  2.7503115922295209
211  160.22874014519823  0.082195631641525033  2.4048729665340489
212  162.70223614079566  0.078611240510047087  2.1034907174388122
213  165.4181219658681  0.074959719748678336  1.8222960157715495
214  168.19892104723706  0.071479927216175271  1.5793836851658065
215  170.97971902219859  0.068228828210719794  1.3732325178363052
216  173.76051619222221  0.065186529008633656  1.197106594594761
217  176.54131278742676  0.062331086717603609  1.0459989245843433
218  180.435364699357  0.058612439694593677  0.86896135471006319
219  184.63361151148848  0.054926760781962014  0.71443649017838529
220  188.83185832361977  0.051541956357959023  0.58967346537926935
221  193.03010513575106  0.04842830138696054  0.48851655482956735
222  197.22835194788235  0.045548689837369476  0.40618309256165142
223  201.42659876001363  0.042896419038186244  0.33882023013548934
224  205.62484557214492  0.040454534964094693  0.28364053682667045
225  209.82309238427621  0.038185744449608011  0.238318279735657
226  214.14728660077142  0.036031135318508253  0.19980275421608379
227  219.08449798660919  0.033769115979023316  0.1640709034857506
228  224.04974579016499  0.031682820982630193  0.13517078766160479
229  229.04318921886531  0.029759493475057276  0.11178043250735112
230  234.06498838421081  0.027992389195626719  0.092651754788862881
231  239.11530430691039  0.026357943511783825  0.077066016421589029
232  244.19429892204408  0.024839395116985467  0.064309460977277286
233  249.30213508425561  0.023439081699688755  0.053826711722831162
234  254.4389765729739  0.02213992692874929  0.045192356211203225
235  261.58121958885454  0.020501659022156088  0.03568332373861393
236  269.35011665407609  0.018922085938608141  0.027835673924004732
237  277.11901371929764  0.017507246333147236  0.02190666280009439
238  284.88791078451919  0.016256410491556888  0.017380582681258989
239  292.3635319855286  0.015174725463127354  0.014019459862149766
240  299.29673589682591  0.014264727777882263  0.011563323756543332
241  306.2693106565215  0.013430834846689244  0.0095882313570292942
242  313.28147983566879  0.012676910838067892  0.0079874646512668405
243  320.33346827489072  0.01198007043692903  0.0066851407252942743
244  328.48244390312442  0.011249281128011601  0.0054809279045757268
245  336.67769425342948  0.010590561716784169  0.0045204882505187303
246  344.91948210115351  0.0099862606738948222  0.0037507010487516242
247  353.16331883057398  0.0094354052204051551  0.003132369763322148
248  361.40715555999446  0.008936687337187707  0.0026320076028522516
249  373.63404754926091  0.0082741197638117256  0.0020563053824314342
250  385.86093953852736  0.0076921245595509107  0.0016258960156444787
251  398.08783152779381  0.0071785509161768632  0.0013001899576713823
252  410.31472351706026  0.0067211418107554219  0.0010501447521416647
253  422.08005033373189  0.0063288431445985959  0.00086360742848591815
254  434.61789551958935  0.0059531547291396788  0.000707386343747412
255  447.22693803475767  0.0056128087784522484  0.00058398004937319163
256  459.90758217994608  0.0053057078625587057  0.00048557815045208652
257  472.66023455172331  0.0050258147073503753  0.00040646014964501419
258  485.48530405555488  0.0047706969394360607  0.0003424466857436415
259  500.29616076611069  0.0045036307481450041  0.00028340280584397448
260  515.19112231501515  0.0042606710426951683  0.00023626209887095629
261  530.17066629947783  0.0040420672455531064  0.00019834637826343307
262  547.47286598363121  0.0038095099291061509  0.00016360650150437999
263  564.87331783077229  0.00359817925715157  0.00013596260544236201
264  582.37257977501963  0.0034070050539191841  0.00011395244888504451
265  602.58853123636277  0.0032076699691043131  9.3767059238513019e-05
266  622.91928087332451  0.0030279315515710776  7.7850085884045693e-05
267  643.36548057810739  0.0028658096341906015  6.5157077720046693e-05
268  666.98927000991603  0.0026971285359914626  5.3604800984373585e-05
269  690.74720934474328  0.0025452116737428396  4.450058614685469e-05
270  714.64006036539024  0.0024079049406435424  3.7258313464205752e-05
271  742.24961507954288  0.0022659344661487267  3.0667025671742303e-05
272  770.01595323853542  0.0021378426866834107  2.5478873419505089e-05
273  797.93996515185813  0.0020220518747353722  2.1352258531283267e-05
274  830.18762970513922  0.0019016855901158977  1.7604545970267981e-05
275  862.61841564480471  0.0017942619561435473  1.4649727915691827e-05
276  895.2333628428147  0.0016965392780337566  1.2298081113688191e-05
277  932.9054261374929  0.0015963545291329227  1.0164213487118801e-05
278  970.79141377534575  0.0015062554054142787  8.4739424125885342e-06
279  1014.5590474956728  0.0014125336996724254  6.952810628884796e-06
280  1058.5752198272965  0.0013292548811723287  5.764652939806641e-06
281  1102.8413421200212  0.001255141371248219  4.8245086472824277e-06
282  1153.3436959102789  0.0011787805918582956  3.9831471119197943e-06
283  1207.378404626686  0.0011067872379616221  3.2832687334034498e-06
284  1277.1692182945185  0.0010256338345976956  2.6007766537799586e-06
285  1346.960031962351  0.00095476752323428243  2.0938814799417781e-06
286  1423.3504910995669  0.00088744924101125458  1.6780855651579351e-06
287  1499.7409502367827  0.00082891829396284158  1.3649953019461069e-06
288  1576.1314093739986  0.00077744333745744757  1.1244804727676836e-06
289  1652.5218685112145  0.0007318291311026856  9.37146190072051e-07
290  1728.9123276484304  0.00069122348486357879  7.8888233609622004e-07
291  1818.4021692625458  0.00064897367877120098  6.5234156882987619e-07
292  1907.4056460805323  0.00061171252864562265  5.4592816258728926e-07
293  2009.6097227337752  0.00057376848619824681  4.5038467774016705e-07
294  2141.6157210863403  0.00053109208607500893  3.5718757345355234e-07
295  2273.6217194389055  0.00049430994012365423  2.8793108562406193e-07
296  2405.6277177914708  0.00046227116412380764  2.3544855292117069e-07
297  2537.633716144036  0.00043406903547345342  1.9494626477346309e-07
298  2669.6397144966013  0.00040907766468469605  1.6316119317976959e-07
299  2801.6457128491666  0.00038666739111873456  1.3799175102638008e-07
300  2933.6517112017318  0.00036673122918818175  1.1768666538108342e-07
301  3065.6577095542971  0.00034861905370914796  1.0117612875735494e-07
302  3197.6637079068623  0.00033210835985554826  8.7598781622633858e-08
303  3329.6697062594276  0.00031721027435363313  7.63551616686875e-08
304  3461.6757046119928  0.00030346465796650754  6.6949021917584038e-08
305  3609.7609178184343  0.00028944893674223867  5.8145165775134784e-08
306  3772.0645034292484  0.00027545440530771871  5.0183765528984122e-08
307  3934.3680890400624  0.00026272373099586776  4.3607050849659991e-08
308  4153.4149507514558  0.00024730410682871027  3.6433557786929787e-08
309  4406.5361169177686  0.00023146855371524174  2.9975886380442936e-08
310  4661.0946553562662  0.00021750234909544619  2.492826827271891e-08
311  4917.0987283201503  0.00020506701573153683  2.0937157925438904e-08
312  5212.741542642053  0.00019226804554065184  1.731597213117389e-08
313  5510.0631924015952  0.00018084047866949706  1.4470885756231299e-08
314  5848.2141877049116  0.00016941603548647756  1.1940719646943477e-08
315  6182.3439030185727  0.00015938576083271877  9.9897399087650343e-09
316  6641.7280090499462  0.00014732491597210486  7.9442798771531753e-09
317  7137.2943422555345  0.00013606768740323635  6.3175285260506457e-09
318  7632.8606754611228  0.0001263123404155487  5.1067733711554167e-09
319  8128.4270086667111  0.00011775498753645297  4.1862719240725259e-09
320  8623.9933418722994  0.00011020826968160433  3.474264889810928e-09
321  9134.4266650740556  0.00010324743998390945  2.8999416375096103e-09
322  9781.4748313395503  9.5438431807518239e-05  2.3404073588920342e-09
323  10428.522997605045  8.8612844695473844e-05  1.9159120616051298e-09
324  11075.57116387054  8.258755055130794e-05  1.5882670331759752e-09
325  11722.619330136034  7.7217082799037865e-05  1.3317629008967658e-09
326  12369.667496401529  7.2410189658739132e-05  1.1269990477009762e-09
327  13016.715662667024  6.8073243839620137e-05  9.622325682089062e-10
328  13724.909880644609  6.3812775549601216e-05  8.1684530131358295e-10
329  14599.990783250514  5.9136148541634834e-05  6.7496755176465567e-10
330  15480.0409148007  5.5029148742749913e-05  5.6364492856648997e-10
331  16496.715263676062  5.0801888593827802e-05  4.6344554068882496e-10
332  17519.162893154735  4.7003023671455763e-05  3.8532573330785686e-10
333  18700.511400584477  4.3069105154490567e-05  3.1549472032251048e-10
334  19888.568306265082  3.952029659846536e-05  2.61257119580149e-10
335  21083.371704464931  3.6247918161199984e-05  2.186089139118898e-10
336  22464.035308266233  3.2793860796710444e-05  1.8012483586523787e-10
337  23852.539139778932  2.9557017276751503e-05  1.4999056309648399e-10
338  25248.927720471111  2.6482408475570007e-05  1.2615306305508642e-10
339  26861.528040080262  2.2881684924186388e-05  1.0439922520985835e-10
340  28483.285661785594  1.9921311485396664e-05  8.7384822281407198e-11
341  30356.505182963832  1.6915617171359689e-05  7.1998346502568159e-11
342  31417.652193800815  1.4159515882980831e-05  6.4867377572003196e-11
343  31961.731670145011  1.1758644483116587e-05  6.1566834851199244e-11
344  32329.615591797421  9.8064804297031535e-06  5.946819775216588e-11
345  32604.753708592947  8.2778544759430205e-06  5.7952220872212144e-11
346  32770.191947291918  6.9537964230677064e-06  5.7077786479020616e-11
347  32830.75307217535  5.9115857079969571e-06  5.6748924524528323e-11
348  32883.781605828066  4.8846289219549526e-06  5.6471599119402641e-11
349  32930.223249014198  4.2342639229466106e-06  5.6232120815632355e-11
350  33023.633981835934  3.9120509835854759e-06  5.5757074956457983e-11
351  33211.516330686558  3.6472232297287256e-06  5.4798409053709374e-11
352  33589.414843451646  3.2119268252893921e-06  5.2952416089624393e-11
353  34250.918369299776  2.6560620088998934e-06  4.9907885525769878e-11
354  35015.323495114448  2.1958955739676733e-06  4.6677529017367816e-11
355  35784.069367099029  1.8779050933209296e-06  4.3708614960329761e-11
356  36955.352849538227  1.5543787648964486e-06  3.9644309303242278e-11
357  38308.668123458105  1.283364826188253e-06  3.5552857085462159e-11
358  39872.50125783377  1.0628907103054153e-06  3.1501593804374115e-11
359  41946.719191619188  8.8638796188931614e-07  2.7018999302431912e-11
360  44342.951055754347  7.3592423094362195e-07  2.2842776252937345e-11
361  47111.586685136186  6.1565018519924345e-07  1.9023446164996125e-11
362  50310.903368897118  5.1485221992183796e-07  1.5601719298448239e-11
363  53528.387672382734  4.3708975760763414e-07  1.29465856720596e-11
364  56764.142762124844  3.7815884636967185e-07  1.0846268939005983e-11
365  60500.910424109396  3.2242396927800325e-07  8.9489310824410806e-12
366  64258.897671584498  2.803949876966662e-07  7.4627166868085619e-12
367  68038.225001955696  2.4495352393835364e-07  6.2829574748625154e-12
368  72403.556564097147  2.1234047864730546e-07  5.2101908562628737e-12
369  76793.677070764068  1.8693511654406514e-07  4.3643055816723764e-12
370  81774.913223523428  1.6415339063743402e-07  3.6122747371095387e-12
371  87901.708623401719  1.463599350767977e-07  2.9056559712850326e-12
372  95032.206237061837  1.3328987524490295e-07  2.2978368175019749e-12
373  102162.70385072195  1.2878774830283023e-07  1.8478643301235016e-12
374  108682.38521255192  1.2688760462018255e-07  1.5347118542268694e-12
375  117091.0009544085  1.2529999999999999e-07  1.3659999999999994e-12
376  134003.73066371743  1.2529999999999999e-07  1.3659999999999994e-12
377  168021.27112478067  1.2529999999999999e-07  1.3659999999999994e-12
378  236442.69563221227  1.2529999999999999e-07  1.3659999999999994e-12
379  374062.61959422339  1.2529999999999999e-07  1.3659999999999994e-12
380  650865.44279841788  1.2529999999999999e-07  1.3659999999999994e-12
381  1207614.7907704662  1.2529999999999999e-07  1.3659999999999994e-12
382  2327436.5934499837  1.2529999999999999e-07  1.3659999999999994e-12
383  4579798.2249886375  1.2529999999999999e-07  1.3659999999999994e-12
384  7858372.0890720803  1.2529999999999999e-07  1.3659999999999994e-12
385  11136945.953155519  1.2529999999999999e-07  1.3659999999999994e-12
386  14415519.81723896  1.2529999999999999e-07  1.3659999999999994e-12
387  17694093.6813224  1.2529999999999999e-07  1.3659999999999994e-12
388  20972667.545405839  1.2529999999999999e-07  1.3659999999999994e-12
389  24251241.409489278  1.2529999999999999e-07  1.3659999999999994e-12
390  27529815.273572717  1.2529999999999999e-07  1.3659999999999994e-12
391  30808389.137656156  1.2529999999999999e-07  1.3659999999999994e-12
392  34086963.001739599  1.2529999999999999e-07  1.3659999999999994e-12
393  37365536.865823038  1.2529999999999999e-07  1.3659999999999994e-12
394  40644110.729906477  1.2529999999999999e-07  1.3659999999999994e-12
395  43922684.593989916  1.2529999999999999e-07  1.3659999999999994e-12
396  47201258.458073355  1.2529999999999999e-07  1.3659999999999994e-12
397  50479832.322156794  1.2529999999999999e-07  1.3659999999999994e-12
398  53758406.186240233  1.2529999999999999e-07  1.3659999999999994e-12
399  57036980.050323673  1.2529999999999999e-07  1.3659999999999994e-12
400  60315553.914407112  1.2529999999999999e-07  1.3659999999999994e-12
401  63594127.778490551  1.2529999999999999e-07  1.3659999999999994e-12
402  66872701.64257399  1.2529999999999999e-07  1.3659999999999994e-12
403  70461100.736813322  1.2529999999999999e-07  1.3659999999999994e-12
404  77185009.245101824  1.2529999999999999e-07  1.3659999999999994e-12
405  90709190.951340303  1.2529999999999999e-07  1.3659999999999994e-12
406  117911151.03123908  1.2529999999999999e-07  1.3659999999999994e-12
407  172624008.95203155  1.2529999999999999e-07  1.3659999999999994e-12
408  260015627.53232211  1.2529999999999999e-07  1.3659999999999994e-12
409  348853030.21094739  1.2529999999999999e-07  1.3659999999999994e-12
410  437690432.88957268  1.2529999999999999e-07  1.3659999999999994e-12
411  526527835.56819797  1.2529999999999999e-07  1.3659999999999994e-12
412  615365238.24682355  1.2529999999999999e-07  1.3659999999999994e-12
413  704202640.92544913  1.2529999999999999e-07  1.3659999999999994e-12
414  793040043.60407472  1.2529999999999999e-07  1.3659999999999994e-12
415  881877446.2827003  1.2529999999999999e-07  1.3659999999999994e-12
416  970714848.96132588  1.2529999999999999e-07  1.3659999999999994e-12
417  1059552251.6399515  1.2529999999999999e-07  1.3659999999999994e-12
418  1148389654.3185771  1.2529999999999999e-07  1.3659999999999994e-12
419  1237227056.9972026  1.2529999999999999e-07  1.3659999999999994e-12
420  1326064459.6758282  1.2529999999999999e-07  1.3659999999999994e-12
421  1414901862.3544538  1.2529999999999999e-07  1.3659999999999994e-12
422  1503739265.0330794  1.2529999999999999e-07  1.3659999999999994e-12
423  1592576667.711705  1.2529999999999999e-07  1.3659999999999994e-12
424  1681414070.3903306  1.2529999999999999e-07  1.3659999999999994e-12
425  1770251473.0689561  1.2529999999999999e-07  1.3659999999999994e-12
426  1859088875.7475817  1.2529999999999999e-07  1.3659999999999994e-12
427  1947926278.4262073  1.2529999999999999e-07  1.3659999999999994e-12
428  2045158815.657963  1.2529999999999999e-07  1.3659999999999994e-12
429  2227352230.3828292  1.2529999999999999e-07  1.3659999999999994e-12
430  2586658707.7015953  1.2529999999999999e-07  1.3659999999999994e-12
431  3026213246.2366133  1.2529999999999999e-07  1.3659999999999994e-12
432  3478954420.9276819  1.2529999999999999e-07  1.3659999999999994e-12
433  4262838332.7154856  1.2529999999999999e-07  1.3659999999999994e-12
434  5839508872.8555012  1.2529999999999999e-07  1.3659999999999994e-12
435  9010756496.0856247  1.2529999999999999e-07  1.3659999999999994e-12
436  15389268196.411825  1.2529999999999999e-07  1.3659999999999994e-12
437  28218733550.415768  1.2529999999999999e-07  1.3659999999999994e-12
438  54023370901.973824  1.2529999999999999e-07  1.3659999999999994e-12
439  105925713709.86107  1.2529999999999999e-07  1.3659999999999994e-12
440  210319863964.59396  1.2529999999999999e-07  1.3659999999999994e-12
441  420293788412.40588  1.2529999999999999e-07  1.3659999999999994e-12
442  842626350538.09412  1.2529999999999999e-07  1.3659999999999994e-12
443  1692087984884.8872  1.2529999999999999e-07  1.3659999999999994e-12
444  3400658748633.8057  1.2529999999999999e-07  1.3659999999999994e-12
445  6564193126199.4883  1.2529999999999999e-07  1.3659999999999994e-12
446  10048254705826.553  1.2529999999999999e-07  1.3659999999999994e-12
447  13532316285453.617  1.2529999999999999e-07  1.3659999999999994e-12
448  17016377865080.682  1.2529999999999999e-07  1.3659999999999994e-12
449  20500439444707.75  1.2529999999999999e-07  1.3659999999999994e-12
450  23984501024334.82  1.2529999999999999e-07  1.3659999999999994e-12
451  28682675317999.406  1.2529999999999999e-07  1.3659999999999994e-12
452  38132381951689.391  1.2529999999999999e-07  1.3659999999999994e-12
453  57099493109397.508  1.2529999999999999e-07  1.3659999999999994e-12
454  81553566713545.984  1.2529999999999999e-07  1.3659999999999994e-12
455  106007640317694.47  1.2529999999999999e-07  1.3659999999999994e-12
456  130461713921842.91  1.2529999999999999e-07  1.3659999999999994e-12
457  154915787525991.38  1.2529999999999999e-07  1.3659999999999994e-12
458  179369861130139.81  1.2529999999999999e-07  1.3659999999999994e-12
459  203823934734288.25  1.2529999999999999e-07  1.3659999999999994e-12
460  228278008338436.69  1.2529999999999999e-07  1.3659999999999994e-12
461  252732081942585.12  1.2529999999999999e-07  1.3659999999999994e-12
462  277186155546733.56  1.2529999999999999e-07  1.3659999999999994e-12
463  301640229150882  1.2529999999999999e-07  1.3659999999999994e-12
464  326094302755030.44  1.2529999999999999e-07  1.3659999999999994e-12
465  350548376359178.88  1.2529999999999999e-07  1.3659999999999994e-12
466  375002449963327.31  1.2529999999999999e-07  1.3659999999999994e-12
467  399456523567475.75  1.2529999999999999e-07  1.3659999999999994e-12
468  423910597171624.19  1.2529999999999999e-07  1.3659999999999994e-12
469  448364670775772.62  1.2529999999999999e-07  1.3659999999999994e-12
470  472818744379921.06  1.2529999999999999e-07  1.3659999999999994e-12
471  498006440192193.94  1.2529999999999999e-07  1.3659999999999994e-12
472  541616852997520.12  1.2529999999999999e-07  1.3659999999999994e-12
473  629332970243354.88  1.2529999999999999e-07  1.3659999999999994e-12
474  805761413125357.5  1.2529999999999999e-07  1.3659999999999994e-12
475  1160622029795506.5  1.2529999999999999e-07  1.3659999999999994e-12
476  1874373481695693  1.2529999999999999e-07  1.3659999999999994e-12
477  3150000000000000  1.2529999999999999e-07  1.3659999999999994e-12
