1  1.0000000000000001e-05  0.091280000624163804  22109.999922236824
2  3.7603625984690535e-05  0.091280002347082223  22109.99970758229
3  7.563426677488185e-05  0.091280004720817168  22109.999411844001
4  0.00015212727065532557  0.091280009495233613  22109.998817010233
5  0.00030598117036056055  0.091280019098237158  22109.997620593698
6  0.00061543248733754192  0.091280038413068296  22109.995214202652
7  0.0012378313943371738  0.091280077260955314  22109.990374233319
8  0.0024896068907450837  0.091280155392251136  22109.980640037113
9  0.0050069276327596481  0.09128031251430152  22109.961064579787
10  0.01006831451640449  0.091280628427760191  22109.921705736135
11  0.017137410973418653  0.09128106965521525  22109.866734461619
12  0.024205960250254847  0.0912815108485696  22109.811767571635
13  0.03127396154236374  0.091281952007794584  22109.75680506945
14  0.038341414440041487  0.091282393132886164  22109.70184695526
15  0.045408318768480428  0.091282834223854969  22109.646893227538
16  0.052474674481907228  0.091283275280719667  22109.591943883544
17  0.059540481603432151  0.09128371630350321  22109.536998920259
18  0.066605740194026167  0.091284157292230925  22109.482058334121
19  0.073670450339313284  0.091284598246929638  22109.427122121531
20  0.080734612149180887  0.091285039167627702  22109.372190278704
21  0.0902836413910304  0.091285635185604605  22109.297935945815
22  0.10949014999027205  0.091286833992223315  22109.148584499409
23  0.14812129910813732  0.09128924522844474  22108.848187368276
24  0.21480463745077596  0.091293407428872764  22108.329660446623
25  0.31224816139926076  0.091299489709945877  22107.571950424448
26  0.45460973528369009  0.091308376050595746  22106.464962702288
27  0.66278032120093278  0.091321371312341304  22104.846206133552
28  0.96776136602048435  0.091340413387784689  22102.474401374202
29  1.4159614897539314  0.09136840808920961  22098.98782905651
30  2.0777634514656196  0.091409777780992449  22093.836086305717
31  3.0554138225312921  0.091470998223875652  22086.213257673022
32  4.367243598913662  0.091553435423653642  22075.949299885859
33  6.0844904472551793  0.091662064783904151  22062.42297203749
34  8.2645022375474397  0.091801586308646224  22045.042930446853
35  11.063147420128859  0.091984304850011939  22022.260296548484
36  14.692810671678142  0.092229359202291458  21991.649341888151
37  19.428629101069923  0.092567316700702812  21949.301170993316
38  25.552952189132483  0.093044762085498042  21889.190647462528
39  32.466743513277699  0.093654818902373288  21811.945751501971
40  39.064545486397975  0.094325092260696464  21726.650784850335
41  45.398815660620549  0.095066093624176562  21632.035554715414
42  51.771439986456109  0.095923876852014048  21522.318861957265
43  59.370088729152869  0.097115854545204397  21369.863722977942
44  68.119197308461978  0.098749290417629226  21161.497395814644
45  76.608349159341174  0.10064372759373341  20921.022939642342
46  84.40244762868825  0.10314508764777697  20590.837178682305
47  90.599365140233516  0.10651347787252947  20124.118176715969
48  95.299376075530603  0.11040657439674767  19582.544582213242
49  98.66744135129241  0.11597187200996117  18903.773894992293
50  100.72161746505964  0.12300589245981784  18135.886068270029
51  101.67592057335089  0.12991497404584107  17396.552405274935
52  102.08995663834494  0.13581448279521191  16817.147493207205
53  102.30230843964297  0.14068006153545654  16374.003688278666
54  102.43177196297839  0.1446265483391965  16031.009401008841
55  102.51949788087819  0.14811690821336743  15739.202378684569
56  102.58278668230308  0.15121650882724599  15487.660794332016
57  102.63088841839294  0.15396682132253683  15269.583157027884
58  102.66910370443259  0.1564213057543247  15078.479310615747
59  102.70071206592847  0.15861188175417693  14909.687646675608
60  102.72797496800777  0.16059184581161534  14757.769361777333
61  102.75269851148995  0.16244177576658539  14615.919952419246
62  102.77687526019668  0.16428563127486856  14474.257761373243
63  102.80423109536312  0.16639535306277492  14311.379387656572
64  102.84715194367058  0.16970743221457835  14053.903812381413
65  102.90687323261037  0.17418452412700972  13713.537855168031
66  102.96348712957482  0.17811021444895048  13439.748148637367
67  103.00968075504066  0.18105098002501535  13258.695512319016
68  103.05386955646529  0.18379597738423603  13102.610680386111
69  103.09891165587131  0.18669067123654218  12941.394139213327
70  103.14466635925012  0.18990153328047174  12757.262658765996
71  103.19002699379446  0.19352636991259256  12544.688680992092
72  103.23214147566064  0.19743683736833745  12316.440931067043
73  103.27144779555802  0.20168520500667722  12073.725767741713
74  103.30107447733316  0.20535328440771064  11870.07973628053
75  103.32405550929653  0.20863183743042091  11695.328732915033
76  103.34243831982235  0.21165962528041582  11541.172259654371
77  103.35747351998303  0.21447423674898794  11403.734251918082
78  103.37000623566888  0.2170923970763074  11280.412600012303
79  103.38063031219954  0.21952887860540948  11169.121313217767
80  103.38977218291006  0.2217993610364784  11068.107972114356
81  103.39774370871878  0.22392067737496879  10975.87120157585
82  103.40947316221502  0.22734994405396936  10831.473326495494
83  103.42842245008831  0.23404809793558889  10567.270957839488
84  103.44287331493088  0.24049328204261755  10332.030001775192
85  103.45362285743063  0.24624003106444534  10134.28649692806
86  103.46221005736516  0.25133818612447956  9962.694553991947
87  103.46968590429199  0.25588383910389184  9805.9455711564515
88  103.47699727039026  0.26020373691454624  9648.0689132537136
89  103.48430692019511  0.2641923865840512  9487.5537043328768
90  103.49245320129035  0.26807276442817529  9308.7172070490888
91  103.50450493195119  0.27250273258185992  9053.8853850435044
92  103.51925087135355  0.27574890680915404  8769.0493246409042
93  103.53731725506479  0.27788487749492341  8452.7352261428314
94  103.55884384246259  0.2796117475718955  8115.457643260529
95  103.57949261869247  0.28126094399321649  7834.0229851668155
96  103.60350511070574  0.28362920320963708  7551.2883407724457
97  103.62987697590809  0.28736880606715248  7292.8742516894235
98  103.65681215622938  0.29274506175445103  7074.9114175417881
99  103.67960472442833  0.29867122028599002  6917.5078319816494
100  103.69716267803648  0.30416472277395107  6804.7554786816727
101  103.71100212408656  0.3092949770333504  6717.9010152606361
102  103.72213552236228  0.31405113123092382  6646.8105062223212
103  103.73128997134978  0.31839791385669247  6585.0064243403849
104  103.73897946895741  0.32237126880504935  6530.2158039862215
105  103.74555554387769  0.32604388144300345  6480.7927691628838
106  103.75126037229172  0.3294698533278464  6435.6035118769787
107  103.75743635861103  0.33347096938446696  6383.8000508413988
108  103.76819109414826  0.34132851264977498  6284.5259222074728
109  103.77788067360564  0.34949097318972361  6181.355060215059
110  103.78582659626663  0.35707649072936409  6085.2081144172735
111  103.79246447585764  0.36416624890373711  5997.8139041118784
112  103.79815769390888  0.37074326841788002  5914.7613959536584
113  103.80314396499772  0.37702112715877639  5837.4207720402128
114  103.80792183821153  0.38327705137693863  5758.0138619769004
115  103.81274201456345  0.38981763411998921  5674.0313802468099
116  103.81823390963014  0.39758824358178874  5570.9037785800547
117  103.82452978221583  0.40633218010042071  5447.527748656561
118  103.83087103194232  0.41471439418230771  5318.0467079860473
119  103.83654888811957  0.42152064075968831  5199.5866684939265
120  103.84197074008581  0.42730881101988433  5086.0535278017178
121  103.84751017430142  0.43246882702614425  4970.6813958403236
122  103.85304219087155  0.43677585997607615  4856.3660959656318
123  103.85884714757356  0.44041275968848959  4738.5827829218515
124  103.86569911673438  0.44359128696332284  4601.1301986149892
125  103.87370634341941  0.44613876787468865  4444.0525144557569
126  103.8867317809035  0.44805518590174231  4199.0774319874754
127  103.90250344945797  0.44744681613730758  3917.7062013115597
128  103.92032301684741  0.44408070891381568  3624.7658613762887
129  103.94216587738839  0.43795510251041897  3303.4315739611375
130  103.97175336301054  0.42798085094729615  2935.3579970511996
131  104.00493828179467  0.41712018584812433  2605.789432701541
132  104.04177228116095  0.40698963217042439  2332.0301222380631
133  104.08913176583735  0.39841987414576452  2096.5730029736746
134  104.16498959337807  0.39462219033460033  1903.8879461882921
135  104.29265736164531  0.40251383680409547  1805.7813135205693
136  104.43840196786508  0.4161306148892493  1766.2258933228713
137  104.55769008781134  0.42553880508449582  1721.1856153054214
138  104.67418537520543  0.43135913953764055  1650.8668552899658
139  104.80896885340002  0.43514656631305826  1554.3001429026765
140  104.97948103611878  0.43520899648517103  1410.3725825965435
141  105.15517064080477  0.42861318141501098  1238.2690961774692
142  105.36160172541619  0.42138577315320069  1079.3082217027129
143  105.57805809920531  0.41470071474415687  950.67055483224885
144  105.83498092760419  0.40908047641782447  839.88950255070836
145  106.1416928515094  0.40390671163509501  740.59538368861013
146  106.50705699856545  0.39691365811794926  641.99174684252716
147  106.91168326000829  0.38801941708458559  550.60672115620366
148  107.28530018250369  0.37986973708078492  482.41506897625163
149  107.63562578315552  0.37171968235807989  427.30928025084336
150  107.96648278155419  0.36462485238023357  384.75491568134413
151  108.28402743138626  0.35764167673333969  348.38609172904393
152  108.59119340605911  0.35130318082122391  318.69320421044586
153  108.89112494363165  0.34471170589936007  291.84660924240791
154  109.18458579213934  0.33904851167627753  269.82921855964651
155  109.47417526793173  0.33333895389759188  249.92053330443127
156  109.75923504266281  0.32781494999481486  232.18377439427502
157  110.04160352571098  0.32255838973797957  216.36756435290727
158  110.32083847046383  0.31759046000345759  202.42875534018685
159  110.5988077259276  0.3127603621451665  189.75366723195128
160  111.01318129161015  0.30562290131658987  172.51059757067338
161  111.48084622840112  0.29794298301809569  155.68953357585715
162  111.93103362674492  0.29095717215685352  141.84880068113705
163  112.37416588031844  0.2844714853428314  129.93000442037547
164  112.81112900276462  0.27827406200955612  119.41353924454468
165  113.24443122315026  0.27240938471390186  110.15137358453794
166  113.6747540583906  0.26675448408649954  101.9018070394244
167  114.10518601909602  0.26130351006289076  94.429915650022153
168  114.52834846456039  0.25604400443500835  87.766504979785026
169  114.95558670271156  0.25116881107853894  81.887334097669978
170  115.39768679553586  0.24625769173745624  76.353809261503088
171  115.86004451181687  0.2413691625052706  71.172053420929927
172  116.32696642405331  0.23666197589931801  66.473816326614326
173  116.79938333855897  0.23208033095933625  62.138501665311146
174  117.27664059361162  0.22764040791348666  58.180242576076679
175  117.86926913711731  0.22241296038410382  53.80483577417516
176  118.52576161855282  0.2170799500214233  49.538039896450059
177  119.19790646119586  0.21187158897859931  45.692131434303221
178  119.88603699149645  0.20687585573308273  42.24740445281703
179  120.59520543161975  0.20209608125145412  39.120446997307845
180  121.32934842925489  0.19746466308048144  36.238455020926054
181  122.16171951166108  0.19234367348486786  33.282626717899056
182  122.99472529300861  0.18769057974849354  30.728777499381618
183  123.84922236770231  0.18328776457888732  28.506054112227265
184  124.72597949974028  0.17909222851441828  26.425049355381766
185  125.59415908912634  0.17487365223084597  24.530913366437392
186  126.5177660254916  0.17077071863120699  22.729964768464235
187  127.4692424162519  0.16671207341043021  21.085822882446337
188  128.73583465472848  0.16162490845778565  19.111968880049147
189  130.01343774427815  0.15663056408043885  17.314841614330735
190  131.2908511739106  0.15192428774749803  15.73810222508996
191  132.56812553969851  0.14754293073856925  14.353061429880482
192  133.84528835731075  0.14321906894900063  13.106568049744361
193  135.12236004623585  0.13908184193084255  11.964273290949
194  136.39935843265408  0.13505919555259155  10.917457411462482
195  137.67629859867006  0.13114835828775526  9.962576992782683
196  139.07176595508858  0.12707579616835202  9.037107106174334
197  140.74972675790448  0.12235697830377215  8.045020017126987
198  142.4270874752402  0.11783123760688397  7.169496546892387
199  144.1036578513455  0.11353662011058573  6.39613820215191
200  145.85950417844361  0.10926939355796175  5.6879728098812308
201  147.6686770629305  0.10504795449868914  5.0541316945685351
202  149.47808389179414  0.10113563975540188  4.5052787418800495
203  151.50540810836426  0.097092789199924326  3.976573132619682
204  153.72357031159584  0.092923666665909344  3.4816781861939496
205  155.94172845158869  0.089023433177567168  3.0598592319724882
206  158.31567882201784  0.085140668833025526  2.6740151497856672
207  161.03156463817788  0.081003585810671755  2.3017116450479618
208  163.74745045987515  0.077172020035901248  1.9897455706677227
209  166.48930173104898  0.073591213604848202  1.7237540154180391
210  169.27010030347898  0.070201669551366933  1.4961362856257334
211  172.05089790851957  0.067033216419886854  1.3017703338484727
212  174.83169481407896  0.064065706623575872  1.1363906886812858
213  177.87527653011497  0.061022048355318458  0.98103736048424728
214  182.073523342247  0.057138237676296437  0.80462976654066243
215  186.27177015437837  0.053568160081938584  0.66264137432294901
216  190.47001696650966  0.050292885084111616  0.54769896791126582
217  194.66826377864095  0.047274779665684497  0.45438645505996955
218  198.86651059077224  0.044494078161835059  0.37831524613899153
219  203.06475740290352  0.04192197113513043  0.31602026681079476
220  207.26300421503481  0.039546498190587608  0.26491713261030586
221  211.4612510271661  0.037350487314104584  0.22280758517841029
222  216.49358452469755  0.034930126567973875  0.18184635279423528
223  221.44435320107405  0.032756916691325633  0.14959978720163775
224  226.42323528151394  0.030749546291541974  0.12346247820775078
225  231.43039041061783  0.028901733604685773  0.10218391515371902
226  236.46597913954309  0.027197518510990344  0.084843823583323735
227  241.53016293115201  0.025615808362338604  0.070676981560157157
228  246.62310416518878  0.02415984033460063  0.05905862632894502
229  251.74496614348632  0.022809408165561776  0.049508807084260045
230  256.89591309520216  0.021558495094100679  0.041631777583684533
231  264.64763833298053  0.019853898202628735  0.032316589605316366
232  272.41653539820209  0.018348065843652141  0.025289387410583255
233  280.18543246342364  0.016999927765284546  0.019970759866885155
234  287.95432952864519  0.015796208624530458  0.015898590926722821
235  295.42995072965459  0.014759645132590735  0.012867847878018538
236  302.3631546409519  0.013887449481972392  0.010641880365642955
237  309.33572940064749  0.013096147926120507  0.008845426104282272
238  316.34789857979484  0.012361097214418314  0.0073874943628739554
239  323.39988701901677  0.011700700578859642  0.0061980882178158409
240  331.54886264725053  0.010996473426638211  0.0050959801549979415
241  339.74411299755559  0.010359148385609787  0.0042138221021886914
242  347.98590084527962  0.0097748596366751747  0.003505083718513137
243  356.2297375747001  0.0092445194466787371  0.0029339840442939549
244  364.47357430412058  0.0087624148392640294  0.0024709080549009531
245  376.70046629338702  0.0081212126533482375  0.0019361323599145269
246  388.92735828265347  0.0075573520459056125  0.0015353653243000917
247  401.15425027191992  0.0070590655969309793  0.00123118867258939
248  413.38114226118637  0.0066146781261106685  0.00099718620001347904
249  424.25376076829917  0.0062606737722277145  0.00083369350785278884
250  436.81430924730228  0.0058912947693058161  0.000683709512786196
251  449.44618397839474  0.005556716961497005  0.00056507978715570728
252  462.14978999438603  0.005254536553771485  0.00047040363061061119
253  474.92553462810213  0.0049786422823975343  0.00039414182138459118
254  489.68678637264338  0.0046922002397558242  0.00032426212680021255
255  504.53186126908332  0.0044320686688981087  0.00026887515053084166
256  519.4612353150485  0.0041955653569673221  0.0002245943873570446
257  536.71298016600542  0.0039524730245452605  0.00018417969275555247
258  554.06269066744937  0.0037266393503568875  0.00015241316093949364
259  571.5109231265111  0.0035235412782466001  0.00012702804372014822
260  589.05823700936355  0.0033386486313459465  0.00010671764019002868
261  609.32251327674976  0.0031459566452500245  8.8073333722508932e-05
262  629.70186213669626  0.0029721483408598824  7.3318228660204505e-05
263  650.19693703970802  0.0028150486853371678  6.1509600453452934e-05
264  673.8698792121404  0.0026514360639476025  5.0742544394415902e-05
265  697.67725040603716  0.0025041087481420003  4.2225791899808087e-05
266  721.61981398919966  0.002370253529814638  3.5431521488826799e-05
267  749.2793635633144  0.0022318364620919086  2.9231553104091013e-05
268  777.0959804827686  0.002107003841930727  2.4342705645303134e-05
269  809.23564018964032  0.0019783510076405554  1.9935387069330443e-05
270  841.5578079672506  0.0018625330535931882  1.6489065344285498e-05
271  874.06352020478926  0.0017589065528786391  1.3763374267610295e-05
272  911.62572823803225  0.0016515526076756838  1.1301509327970564e-05
273  949.40123679104897  0.0015556965821980951  9.3759377742607933e-06
274  987.39125711083784  0.001469491489931985  7.8500640150874994e-06
275  1031.2635142724384  0.0013799533050158812  6.4666555888673462e-06
276  1075.3849041593551  0.0013002278789685409  5.3812245899018787e-06
277  1119.7568414951249  0.0012286806913172296  4.518685319730462e-06
278  1168.7751365380698  0.0011574986272400215  3.7646943341225649e-06
279  1233.4703920422382  0.0010748437857828097  3.0036572813773571e-06
280  1303.2612057100707  0.00099784479962160733  2.3943900015691553e-06
281  1375.6918775656566  0.00092834467967352243  1.9227820576302421e-06
282  1452.0823367028725  0.0008645106766346104  1.5498345325177693e-06
283  1528.4727958400883  0.00080875790595776736  1.2675034866252271e-06
284  1604.8632549773042  0.00075967780607203589  1.0486600177262477e-06
285  1681.2537141145201  0.00071605200152092131  8.774104122957292e-07
286  1759.9358870258525  0.0006759829354762557  7.3760154255631845e-07
287  1849.2163143036366  0.0006355662112737311  6.1266302861956734e-07
288  1938.2197911216231  0.00059976160366641078  5.1446258495954118e-07
289  2060.5877840232206  0.00055657118939422714  4.1096178810919419e-07
290  2192.5937823757858  0.00051629058277597557  3.2801945467751669e-07
291  2324.5997807283511  0.00048144494152729009  2.6599963627191963e-07
292  2456.6057790809164  0.00045095763205997617  2.1852456564918407e-07
293  2588.6117774334816  0.00042408926509615135  1.8180625183387304e-07
294  2720.6177757860469  0.00040011985132039032  1.5276415557670009e-07
295  2852.6237741386121  0.00037870585410557708  1.2963338129082679e-07
296  2984.6297724911774  0.00035951629679754882  1.1092062965790594e-07
297  3116.6357708437426  0.00034206892871609573  9.5617815639617468e-08
298  3248.6417691963079  0.00032619444821951736  8.3012030201719764e-08
299  3380.6477675488732  0.00031176784824711243  7.2525774256198798e-08
300  3512.6537659014384  0.00029847971509292811  6.3728497313231675e-08
301  3672.8580140111794  0.00028384891859443734  5.4867469909979134e-08
302  3835.1615996219934  0.0002703643725810489  4.7477117581312038e-08
303  4012.8028740730288  0.00025697994534726044  4.0840795472604494e-08
304  4232.3054947391511  0.00024214685394943647  3.4234853111787873e-08
305  4485.8850079301446  0.0002269419198738857  2.8270163140810956e-08
306  4740.904496159872  0.0002134557782324947  2.3581719723482593e-08
307  5035.557134690901  0.00019975042021149676  1.9373284679831504e-08
308  5331.8829858535128  0.00018752056068570074  1.609454566047178e-08
309  5674.3044404476923  0.00017515877119237222  1.3157303294951496e-08
310  6008.4341557613534  0.00016445314241132116  1.0949219977663104e-08
311  6342.5638710750145  0.00015500322627043668  9.2041626809604412e-09
312  6838.1302042806028  0.00014268403952887303  7.2393377269924209e-09
313  7333.6965374861911  0.0001320442155128452  5.7962639410278449e-09
314  7829.2628706917794  0.0001228194110446786  4.7120536656353299e-09
315  8324.8292038973668  0.00011466446517002725  3.8827993351152584e-09
316  8820.3955371029551  0.00010739508590389356  3.2370405520002166e-09
317  9421.7179601406551  9.9656411237198682e-05  2.631696653032127e-09
318  10068.76612640615  9.2304150486258724e-05  2.1375635859107122e-09
319  10715.814292671645  8.5854600844664165e-05  1.7608318352367391e-09
320  11362.862458937139  8.012528922874242e-05  1.466491868343654e-09
321  12009.910625202634  7.5018221332201338e-05  1.2348376791905896e-09
322  12656.958791468129  7.0430498362404501e-05  1.0496125113224888e-09
323  13304.006957733623  6.6287809333503912e-05  8.9947642476596132e-10
324  14176.536042548696  6.1311713086510883e-05  7.3914703153178234e-10
325  15054.019865571494  5.6966259853622706e-05  6.1419801491855162e-10
326  15936.486562747432  5.3076359333878047e-05  5.154287612921042e-10
327  16955.591199943006  4.9040289111377462e-05  4.2596149800589673e-10
328  17980.482918361955  4.5413479262834646e-05  3.5583689964230619e-10
329  19164.289393720159  4.1643122743425837e-05  2.927132951235886e-10
330  20354.818225130537  3.8211735060402558e-05  2.4335469362567071e-10
331  21552.107586122158  3.5033504783098684e-05  2.0436574210783325e-10
332  22935.271269488007  3.1674915940320059e-05  1.6908152870030124e-10
333  24326.289377501442  2.8488699558058304e-05  1.4126082121952302e-10
334  25933.488727699259  2.5026620664599601e-05  1.1625044239122724e-10
335  27549.814710082115  2.1524297015679872e-05  9.6707018376847892e-11
336  29417.571747864771  1.839227187177601e-05  7.9218584063212272e-11
337  31052.306768228431  1.5580367340873489e-05  6.7204787552746877e-11
338  31675.156914080464  1.3106408291263142e-05  6.3277999383554824e-11
339  32158.936214354857  1.0728748403792045e-05  6.0433491390750994e-11
340  32473.908242572172  9.0226457185787055e-06  5.8671502908750913e-11
341  32718.55287889723  7.4552717034847544e-06  5.7346866841522924e-11
342  32816.104651998452  6.2088255196650434e-06  5.6828397713748823e-11
343  32868.955580894006  5.1793825236129657e-06  5.655228203570982e-11
344  32930.027849405385  4.235895669511307e-06  5.6233110886358375e-11
345  33052.865995632696  3.8581769093146886e-06  5.5607493748359273e-11
346  33299.93738394617  3.5427709878892657e-06  5.4356643819239738e-11
347  33796.88619665608  3.0164308045785154e-06  5.1971313972035665e-11
348  34456.023106367218  2.5177885399295609e-06  4.9017698978080572e-11
349  35217.488350761734  2.0951872098272458e-06  4.5867737374672969e-11
350  36228.414129651632  1.7469480882892775e-06  4.2099755829456751e-11
351  37395.867986464815  1.4554397193511134e-06  3.8246710971167733e-11
352  38744.341596447091  1.2145215450697416e-06  3.4360076894976578e-11
353  40800.832937781088  9.752705904237071e-07  2.9377354863757406e-11
354  42869.002257992906  8.2333224942111599e-07  2.5304764875715289e-11
355  45257.399408251913  6.8956742713769001e-07  2.147545162242596e-11
356  48016.129878398926  5.8517063728485159e-07  1.7964236137307979e-11
357  51203.142076805023  4.9055827277712144e-07  1.4798666244270592e-11
358  54408.252022762164  4.2015975758069804e-07  1.231979264368183e-11
359  58111.475289791786  3.5634212387746414e-07  1.0105159457567428e-11
360  61835.727657320414  3.0646311990415658e-07  8.3787073730436698e-12
361  66139.314090841377  2.6192246545096204e-07  6.8419820652574396e-12
362  70467.338843386315  2.254278945966592e-07  5.6533703178896257e-12
363  74819.940690240895  1.9770688242244437e-07  4.7198435331514669e-12
364  79197.259194739265  1.7517421074578956e-07  3.977713697901655e-12
365  84063.606234869774  1.5643409787166844e-07  3.3234761681860889e-12
366  91015.132814988028  1.3989945204823556e-07  2.6170710206073301e-12
367  98145.630428648146  1.2931405431674972e-07  2.0849355790168626e-12
368  105490.04297071807  1.2801370544101148e-07  1.6783825276069918e-12
369  111848.164514655  1.2570255189637646e-07  1.4070947422911611e-12
370  124636.61798105115  1.2529999999999999e-07  1.3659999999999994e-12
371  150358.7657776963  1.2529999999999999e-07  1.3659999999999994e-12
372  202095.19262641581  1.2529999999999999e-07  1.3659999999999994e-12
373  306155.62662415567  1.2529999999999999e-07  1.3659999999999994e-12
374  515458.32847987913  1.2529999999999999e-07  1.3659999999999994e-12
375  936440.82222055795  1.2529999999999999e-07  1.3659999999999994e-12
376  1783186.9868175457  1.2529999999999999e-07  1.3659999999999994e-12
377  3486295.9709677552  1.2529999999999999e-07  1.3659999999999994e-12
378  6545777.6690620864  1.2529999999999999e-07  1.3659999999999994e-12
379  9824351.5331455283  1.2529999999999999e-07  1.3659999999999994e-12
380  13102925.397228967  1.2529999999999999e-07  1.3659999999999994e-12
381  16381499.261312407  1.2529999999999999e-07  1.3659999999999994e-12
382  19660073.125395846  1.2529999999999999e-07  1.3659999999999994e-12
383  22938646.989479285  1.2529999999999999e-07  1.3659999999999994e-12
384  26217220.853562724  1.2529999999999999e-07  1.3659999999999994e-12
385  29495794.717646163  1.2529999999999999e-07  1.3659999999999994e-12
386  32774368.581729602  1.2529999999999999e-07  1.3659999999999994e-12
387  36052942.445813045  1.2529999999999999e-07  1.3659999999999994e-12
388  39331516.309896484  1.2529999999999999e-07  1.3659999999999994e-12
389  42610090.173979923  1.2529999999999999e-07  1.3659999999999994e-12
390  45888664.038063362  1.2529999999999999e-07  1.3659999999999994e-12
391  49167237.902146801  1.2529999999999999e-07  1.3659999999999994e-12
392  52445811.76623024  1.2529999999999999e-07  1.3659999999999994e-12
393  55724385.63031368  1.2529999999999999e-07  1.3659999999999994e-12
394  59002959.494397119  1.2529999999999999e-07  1.3659999999999994e-12
395  62281533.358480558  1.2529999999999999e-07  1.3659999999999994e-12
396  65560107.222563997  1.2529999999999999e-07  1.3659999999999994e-12
397  68937038.302569941  1.2529999999999999e-07  1.3659999999999994e-12
398  74783915.266299069  1.2529999999999999e-07  1.3659999999999994e-12
399  86544073.271723837  1.2529999999999999e-07  1.3659999999999994e-12
400  110197951.60207061  1.2529999999999999e-07  1.3659999999999994e-12
401  157774349.79406404  1.2529999999999999e-07  1.3659999999999994e-12
402  241591267.34940374  1.2529999999999999e-07  1.3659999999999994e-12
403  330428670.02802902  1.2529999999999999e-07  1.3659999999999994e-12
404  419266072.70665431  1.2529999999999999e-07  1.3659999999999994e-12
405  508103475.3852796  1.2529999999999999e-07  1.3659999999999994e-12
406  596940878.063905  1.2529999999999999e-07  1.3659999999999994e-12
407  685778280.74253058  1.2529999999999999e-07  1.3659999999999994e-12
408  774615683.42115617  1.2529999999999999e-07  1.3659999999999994e-12
409  863453086.09978175  1.2529999999999999e-07  1.3659999999999994e-12
410  952290488.77840734  1.2529999999999999e-07  1.3659999999999994e-12
411  1041127891.4570329  1.2529999999999999e-07  1.3659999999999994e-12
412  1129965294.1356585  1.2529999999999999e-07  1.3659999999999994e-12
413  1218802696.8142841  1.2529999999999999e-07  1.3659999999999994e-12
414  1307640099.4929097  1.2529999999999999e-07  1.3659999999999994e-12
415  1396477502.1715353  1.2529999999999999e-07  1.3659999999999994e-12
416  1485314904.8501608  1.2529999999999999e-07  1.3659999999999994e-12
417  1574152307.5287864  1.2529999999999999e-07  1.3659999999999994e-12
418  1662989710.207412  1.2529999999999999e-07  1.3659999999999994e-12
419  1751827112.8860376  1.2529999999999999e-07  1.3659999999999994e-12
420  1840664515.5646632  1.2529999999999999e-07  1.3659999999999994e-12
421  1929501918.2432888  1.2529999999999999e-07  1.3659999999999994e-12
422  2021004443.0022731  1.2529999999999999e-07  1.3659999999999994e-12
423  2179433499.2847652  1.2529999999999999e-07  1.3659999999999994e-12
424  2498090920.3473978  1.2529999999999999e-07  1.3659999999999994e-12
425  2937645458.8824158  1.2529999999999999e-07  1.3659999999999994e-12
426  3377199997.4174337  1.2529999999999999e-07  1.3659999999999994e-12
427  4058838181.5807409  1.2529999999999999e-07  1.3659999999999994e-12
428  5429856042.5720577  1.2529999999999999e-07  1.3659999999999994e-12
429  8187462671.4678183  1.2529999999999999e-07  1.3659999999999994e-12
430  13733994584.794949  1.2529999999999999e-07  1.3659999999999994e-12
431  24890051414.363598  1.2529999999999999e-07  1.3659999999999994e-12
432  47328866502.674942  1.2529999999999999e-07  1.3659999999999994e-12
433  92461338509.533417  1.2529999999999999e-07  1.3659999999999994e-12
434  183238860470.17075  1.2529999999999999e-07  1.3659999999999994e-12
435  365824881729.13763  1.2529999999999999e-07  1.3659999999999994e-12
436  733070587925.38831  1.2529999999999999e-07  1.3659999999999994e-12
437  1471732878661.7302  1.2529999999999999e-07  1.3659999999999994e-12
438  2957446586269.4858  1.2529999999999999e-07  1.3659999999999994e-12
439  5867380153394.4287  1.2529999999999999e-07  1.3659999999999994e-12
440  9351441733021.4941  1.2529999999999999e-07  1.3659999999999994e-12
441  12835503312648.559  1.2529999999999999e-07  1.3659999999999994e-12
442  16319564892275.627  1.2529999999999999e-07  1.3659999999999994e-12
443  19803626471902.695  1.2529999999999999e-07  1.3659999999999994e-12
444  23287688051529.766  1.2529999999999999e-07  1.3659999999999994e-12
445  27463945565489.242  1.2529999999999999e-07  1.3659999999999994e-12
446  35681081768697.93  1.2529999999999999e-07  1.3659999999999994e-12
447  52208677731688.172  1.2529999999999999e-07  1.3659999999999994e-12
448  76662751335836.641  1.2529999999999999e-07  1.3659999999999994e-12
449  101116824939985.09  1.2529999999999999e-07  1.3659999999999994e-12
450  125570898544133.55  1.2529999999999999e-07  1.3659999999999994e-12
451  150024972148282  1.2529999999999999e-07  1.3659999999999994e-12
452  174479045752430.44  1.2529999999999999e-07  1.3659999999999994e-12
453  198933119356578.88  1.2529999999999999e-07  1.3659999999999994e-12
454  223387192960727.31  1.2529999999999999e-07  1.3659999999999994e-12
455  247841266564875.75  1.2529999999999999e-07  1.3659999999999994e-12
456  272295340169024.19  1.2529999999999999e-07  1.3659999999999994e-12
457  296749413773172.62  1.2529999999999999e-07  1.3659999999999994e-12
458  321203487377321.06  1.2529999999999999e-07  1.3659999999999994e-12
459  345657560981469.5  1.2529999999999999e-07  1.3659999999999994e-12
460  370111634585617.94  1.2529999999999999e-07  1.3659999999999994e-12
461  394565708189766.38  1.2529999999999999e-07  1.3659999999999994e-12
462  419019781793914.81  1.2529999999999999e-07  1.3659999999999994e-12
463  443473855398063.25  1.2529999999999999e-07  1.3659999999999994e-12
464  467927929002211.69  1.2529999999999999e-07  1.3659999999999994e-12
465  494692912561952.12  1.2529999999999999e-07  1.3659999999999994e-12
466  544844887288077.31  1.2529999999999999e-07  1.3659999999999994e-12
467  645718422120787.25  1.2529999999999999e-07  1.3659999999999994e-12
468  848611131435090.38  1.2529999999999999e-07  1.3659999999999994e-12
469  1256700840605762  1.2529999999999999e-07  1.3659999999999994e-12
470  2077515010290976.8  1.2529999999999999e-07  1.3659999999999994e-12
471  3150000000000000  1.2529999999999999e-07  1.3659999999999994e-12
