1  1.0000000000000001e-05  0.091280000624163804  22109.999922236824
2  3.7603625984690535e-05  0.091280002347082223  22109.99970758229
3  7.563426677488185e-05  0.091280004720817168  22109.999411844001
4  0.00015212727065532557  0.091280009495233613  22109.998817010233
5  0.00030598117036056055  0.091280019098237158  22109.997620593698
6  0.00061543248733754192  0.091280038413068296  22109.995214202652
7  0.0012378313943371738  0.091280077260955314  22109.990374233319
8  0.0024896068907450837  0.091280155392251136  22109.980640037113
9  0.0050069276327596489  0.09128031251430152  22109.961064579787
10  0.01006831451640449  0.091280628427760191  22109.921705736135
11  0.017137410973418657  0.09128106965521525  22109.866734461619
12  0.024205960250254847  0.0912815108485696  22109.811767571635
13  0.03127396154236374  0.091281952007794584  22109.75680506945
14  0.03834141444004148  0.091282393132886164  22109.70184695526
15  0.045408318768480421  0.091282834223854969  22109.646893227538
16  0.052474674481907214  0.091283275280719667  22109.591943883544
17  0.059540481603432137  0.09128371630350321  22109.536998920259
18  0.066605740194026153  0.091284157292230925  22109.482058334121
19  0.07367045033931327  0.091284598246929638  22109.427122121531
20  0.080734612149180873  0.091285039167627702  22109.372190278704
21  0.090283641391030386  0.091285635185604605  22109.297935945815
22  0.10949014999027205  0.091286833992223315  22109.148584499409
23  0.14812129910813732  0.09128924522844474  22108.848187368276
24  0.21480463745077596  0.091293407428872764  22108.329660446623
25  0.31224816139926076  0.091299489709945877  22107.571950424448
26  0.45460973528369003  0.091308376050595746  22106.464962702288
27  0.66278032120093289  0.091321371312341304  22104.846206133552
28  0.96776136602048435  0.091340413387784689  22102.474401374202
29  1.4159614897539314  0.09136840808920961  22098.98782905651
30  2.0777634514656196  0.091409777780992449  22093.836086305717
31  3.0554138225312921  0.091470998223875652  22086.213257673022
32  4.3672435989136629  0.091553435423653642  22075.949299885859
33  6.0844904472551802  0.091662064783904151  22062.42297203749
34  8.2645022375474397  0.091801586308646224  22045.042930446853
35  11.063147420128859  0.091984304850011939  22022.260296548484
36  14.692810671678144  0.092229359202291458  21991.649341888151
37  19.428629101069927  0.092567316700702812  21949.301170993316
38  25.552952189132483  0.093044762085498042  21889.190647462528
39  32.466743513277699  0.093654818902373288  21811.945751501971
40  39.064545486397982  0.094325092260696464  21726.650784850335
41  45.398815660620542  0.095066093624176562  21632.035554715414
42  51.771439986456109  0.095923876852014048  21522.318861957265
43  59.370088729152869  0.097115854545204397  21369.863722977942
44  68.119197308461978  0.098749290417629226  21161.497395814644
45  76.608349159341174  0.10064372759373341  20921.022939642342
46  84.40244762868825  0.10314508764777697  20590.837178682305
47  90.599365140233516  0.10651347787252947  20124.118176715969
48  95.299376075530603  0.11040657439674767  19582.544582213242
49  98.66744135129241  0.11597187200996117  18903.773894992293
50  100.72161746505964  0.12300589245981784  18135.886068270029
51  101.67592057335089  0.12991497404584107  17396.552405274935
52  102.08995663834494  0.13581448279521191  16817.147493207205
53  102.30230843964297  0.14068006153545654  16374.003688278666
54  102.43177196297839  0.1446265483391965  16031.009401008841
55  102.51949788087819  0.14811690821336743  15739.202378684569
56  102.58278668230308  0.15121650882724599  15487.660794332016
57  102.63088841839294  0.15396682132253683  15269.583157027884
58  102.66910370443259  0.1564213057543247  15078.479310615747
59  102.70071206592847  0.15861188175417693  14909.687646675608
60  102.72797496800777  0.16059184581161534  14757.769361777333
61  102.75269851148995  0.16244177576658539  14615.919952419246
62  102.77687526019668  0.16428563127486856  14474.257761373243
63  102.80423109536312  0.16639535306277492  14311.379387656572
64  102.84715194367058  0.16970743221457835  14053.903812381413
65  102.90687323261037  0.17418452412700972  13713.537855168031
66  102.96348712957482  0.17811021444895048  13439.748148637367
67  103.00968075504066  0.18105098002501535  13258.695512319016
68  103.05386955646529  0.18379597738423603  13102.610680386111
69  103.09891165587131  0.18669067123654218  12941.394139213327
70  103.14466635925012  0.18990153328047174  12757.262658765996
71  103.19002699379446  0.19352636991259256  12544.688680992092
72  103.23214147566064  0.19743683736833745  12316.440931067043
73  103.27144779555802  0.20168520500667722  12073.725767741713
74  103.30107447733316  0.20535328440771064  11870.07973628053
75  103.32405550929653  0.20863183743042091  11695.328732915033
76  103.34243831982235  0.21165962528041582  11541.172259654371
77  103.35747351998303  0.21447423674898794  11403.734251918082
78  103.37000623566888  0.2170923970763074  11280.412600012303
79  103.38063031219954  0.21952887860540948  11169.121313217767
80  103.38977218291006  0.2217993610364784  11068.107972114356
81  103.39774370871878  0.22392067737496879  10975.87120157585
82  103.40947316221502  0.22734994405396936  10831.473326495494
83  103.42842245008831  0.23404809793558889  10567.270957839488
84  103.44287331493088  0.24049328204261755  10332.030001775192
85  103.45362285743063  0.24624003106444534  10134.28649692806
86  103.46221005736516  0.25133818612447956  9962.694553991947
87  103.46968590429199  0.25588383910389184  9805.9455711564515
88  103.47699727039026  0.26020373691454624  9648.0689132537136
89  103.48430692019511  0.2641923865840512  9487.5537043328768
90  103.49245320129035  0.26807276442817529  9308.7172070490888
91  103.50450493195119  0.27250273258185992  9053.8853850435044
92  103.51925087135353  0.27574890680915182  8769.0493246411643
93  103.53731725506476  0.2778848774949208  8452.735226143308
94  103.55884384246254  0.27961174757189122  8115.4576432613585
95  103.57949261869238  0.28126094399320922  7834.0229851679051
96  103.60350511070561  0.28362920320962159  7551.2883407738273
97  103.62987697590789  0.28736880606711945  7292.8742516911907
98  103.65681215622912  0.2927450617543913  7074.9114175436689
99  103.679604724428  0.2986712202858961  6917.507831983793
100  103.69716267803608  0.30416472277381501  6804.7554786841847
101  103.71100212408611  0.30929497703316783  6717.9010152634864
102  103.72213552236175  0.31405113123068562  6646.8105062257664
103  103.73128997134918  0.31839791385639593  6585.0064243445331
104  103.73897946895676  0.32237126880469769  6530.2158039910091
105  103.74555554387696  0.32604388144258306  6480.7927691684836
106  103.75126037229094  0.32946985332736034  6435.6035118833352
107  103.75743635861015  0.33347096938387188  6383.8000508490295
108  103.76819109414713  0.34132851264887809  6284.5259222186996
109  103.77788067360405  0.34949097318829381  6181.3550602333135
110  103.78582659626456  0.35707649072725794  6085.208114443607
111  103.79246447585504  0.3641662489008306  5997.8139041477198
112  103.79815769390567  0.37074326841401201  5914.7613960025274
113  103.80314396499384  0.37702112715374569  5837.4207721023631
114  103.80792183820687  0.38327705137076812  5758.0138620558628
115  103.81274201455747  0.38981763411162179  5674.0313803556037
116  103.81823390962178  0.39758824357007277  5570.9037787394782
117  103.82452978220378  0.40633218008392386  5447.5277488986949
118  103.83087103192726  0.41471439416327788  5318.0467082979321
119  103.83654888810005  0.4215206407375845  5199.586668902878
120  103.84197074005978  0.4273088109938194  5086.0535283453482
121  103.84751017426575  0.4324688269954729  4970.6813965814545
122  103.85304219082391  0.43677585994284135  4856.3660969425418
123  103.85884714750634  0.44041275965123955  4738.5827842745566
124  103.86569911653714  0.44359128688737859  4601.1302025463247
125  103.87370634260544  0.44613876766978977  4444.0525301511279
126  103.88673177887102  0.44805518579773979  4199.0774694587399
127  103.90250344710562  0.44744681641137163  3917.7062417901425
128  103.92032301387452  0.44408070964122215  3624.7659077744443
129  103.94216587325724  0.43795510380252844  3303.4316308830871
130  103.97175335704475  0.42798085297354005  2935.3580638072026
131  104.00493827534574  0.41712018788102523  2605.7894883632534
132  104.04177227361487  0.40698963391514276  2332.0301691819195
133  104.08913175529923  0.39841987545715102  2096.5730442118015
134  104.16498957471163  0.39462219018570643  1903.8879747431781
135  104.29265733535331  0.40251383443826105  1805.7813221936849
136  104.43840194477279  0.41613061283833458  1766.2258991696383
137  104.55769006608521  0.42553880363705043  1721.185624717732
138  104.67418534958748  0.43135913865542191  1650.8668735108542
139  104.80896882004815  0.43514656567672283  1554.3001675736348
140  104.97948098243566  0.43520899771890886  1410.3726330676293
141  105.1551705947266  0.4286131825472041  1238.2691284631221
142  105.36160167493878  0.42138577529952603  1079.3082533020679
143  105.57805803773353  0.41470071632417144  950.67058503228589
144  105.83498084775005  0.40908047833695438  839.88953302964512
145  106.14169274645636  0.40390671327072614  740.59541391504581
146  106.50705686411321  0.39691366036011233  641.9917786532933
147  106.91168313945289  0.38801941949653962  550.6067449778435
148  107.28530008118111  0.37986973905526239  482.41508480283693
149  107.63562569743993  0.37171968408226225  427.30929167410505
150  107.96648270564566  0.36462485404568207  384.75492498150004
151  108.28402736392216  0.35764167813172659  348.38609890453631
152  108.59119334455617  0.35130318209856709  318.69320980805236
153  108.89112488794294  0.34471170701435611  291.84661363944065
154  109.1845857402662  0.3390485127332859  269.82922236784208
155  109.47417521969471  0.33333895489698767  249.9205364547565
156  109.75923499766097  0.32781495082172346  232.18377699921427
157  110.04160348335634  0.32255839054456642  216.36756664515988
158  110.32083843037621  0.31759046069163882  202.42875722152232
159  110.59880768783593  0.31276036276849878  189.75366894124073
160  111.01318125841516  0.30562290190406627  172.51059886411889
161  111.48084620147068  0.29794298344822129  155.6895344722634
162  111.93103360189136  0.29095717252110809  141.84880139147268
163  112.37416585693413  0.28447148568129482  129.93000500921994
164  112.81112898074919  0.27827406230248858  119.4135397485789
165  113.24443120202395  0.27240938500584239  110.15137402026834
166  113.67475403822175  0.26675448433803944  101.90180740292085
167  114.10518599967344  0.26130351031854437  94.429915975801975
168  114.52834844587518  0.25604400465606514  87.766505252194904
169  114.95558668422991  0.25116881128975838  81.887334338767275
170  115.39768677833757  0.24625769192175356  76.353809465781751
171  115.8600444970733  0.24136916265477557  71.172053577834859
172  116.3269664116616  0.23666197602011085  66.47381644557953
173  116.79938332847028  0.23208033105581938  62.138501753331447
174  117.27664058572586  0.22764040798860952  58.180242638262499
175  117.86926913085208  0.22241296043673092  53.804835817632473
176  118.52576161234406  0.21707995006980477  49.538039934269875
177  119.19790645508679  0.21187158902359784  45.692131467158738
178  119.88603698542993  0.20687585577503922  42.24740448104297
179  120.59520542552616  0.20209608129080839  39.120447022591499
180  121.3293484231212  0.19746466311814626  36.2384550439048
181  122.16171950597408  0.19234367351706103  33.282626736821499
182  122.99472528748407  0.18769057977699358  30.728777514777473
183  123.84922236226478  0.18328776460484644  28.506054125594336
184  124.72597949438078  0.17909222854114792  26.425049367553761
185  125.59415908399936  0.17487365225471224  24.530913377050176
186  126.51776602083642  0.17077071865111126  22.729964777009528
187  127.46924241208774  0.1667120734273744  21.085822889287726
188  128.73583465076217  0.16162490847389033  19.111968885939831
189  130.01343774038324  0.15663056409558621  17.314841619454558
190  131.29085117007048  0.15192428776094252  15.738102229576839
191  132.56812553590103  0.14754293075157618  14.353061433756228
192  133.84528835354627  0.14321906896122999  13.106568053287276
193  135.12236004249644  0.13908184194289105  11.964273294115126
194  136.39935842893334  0.13505919556435361  10.917457414374619
195  137.67629859496293  0.13114835829916904  9.9625769953822054
196  139.07176595165132  0.12707579617792081  9.0371071083436298
197  140.74972675575466  0.122356978309635  8.0450200183189686
198  142.42708747433204  0.11783123760935105  7.1694965473376762
199  144.10365785162315  0.11353662010987599  6.3961382020320112
200  145.85950417902265  0.10926939355660181  5.6879728096635098
201  147.6686770632223  0.1050479544980467  5.054131694473365
202  149.47808389176839  0.10113563975545502  4.505278741887305
203  151.50540810812265  0.097092789200397184  3.9765731326780722
204  153.72357031135695  0.092923666666342775  3.4816781862429096
205  155.94172845135196  0.089023433177969957  3.0598592320140834
206  158.31567882178211  0.085140668833397173  2.6740151498210349
207  161.03156463794218  0.081003585811017687  2.3017116450774622
208  163.74745045963945  0.077172020036220937  1.9897455706925569
209  166.48930173081345  0.073591213605145228  1.7237540154389805
210  169.27010030324377  0.070201669551643989  1.4961362856434444
211  172.05089790828455  0.067033216420145855  1.3017703338636559
212  174.83169481384408  0.064065706623818719  1.1363906886942559
213  177.87527652988024  0.061022048355545477  0.98103736049525547
214  182.07352334201227  0.057138237676503868  0.8046297665494988
215  186.27177015414364  0.053568160082128967  0.66264137433007908
216  190.47001696627493  0.050292885084286941  0.54769896791704253
217  194.66826377840621  0.047274779665847325  0.45438645506466918
218  198.8665105905375  0.044494078161984377  0.3783152461428349
219  203.06475740266879  0.041921971135267633  0.31602026681393769
220  207.26300421480008  0.039546498190715783  0.26491713261288385
221  211.46125102693136  0.037350487314222629  0.22280758518054958
222  216.49358452446282  0.034930126568081712  0.1818463527959453
223  221.44435320083932  0.032756916691424678  0.14959978720301378
224  226.42323528127918  0.030749546291632717  0.12346247820885348
225  231.43039041038307  0.028901733604768439  0.10218391515461653
226  236.46597913930833  0.027197518511066388  0.084843823584050293
227  241.53016293091724  0.025615808362409318  0.070676981560748267
228  246.62310416495401  0.024159840334665422  0.059058626329428536
229  251.74496614325156  0.02280940816562145  0.049508807084656235
230  256.8959130949674  0.021558495094155226  0.041631777584009391
231  264.64763833274577  0.019853898202676828  0.032316589605559901
232  272.41653539796732  0.018348065843695534  0.02528938741076708
233  280.18543246318887  0.016999927765322526  0.019970759867025907
234  287.95432952841043  0.015796208624564743  0.0158985909268308
235  295.42995072941983  0.01475964513262186  0.012867847878102539
236  302.36315464071714  0.013887449482000798  0.010641880365710024
237  309.33572940041273  0.013096147926145552  0.0088454261043364422
238  316.34789857956002  0.012361097214441747  0.0073874943629178291
239  323.39988701878195  0.011700700578881047  0.0061980882178514912
240  331.54886264701565  0.010996473426657254  0.0050959801550262054
241  339.74411299732071  0.010359148385627195  0.0042138221022112099
242  347.98590084504474  0.0097748596366910821  0.0035050837185312011
243  356.22973757446522  0.0092445194466930936  0.0029339840443085657
244  364.4735743038857  0.0087624148392771509  0.0024709080549128182
245  376.70046629315215  0.0081212126533597578  0.0019361323599233905
246  388.9273582824186  0.0075573520459157684  0.0015353653243067767
247  401.15425027168504  0.0070590655969399946  0.0012311886725945127
248  413.38114226095149  0.0066146781261186881  0.00099718620001740688
249  424.2537607680643  0.006260673772235009  0.0008336935078559507
250  436.8143092470674  0.0058912947693123769  0.00068370951278867514
251  449.44618397815987  0.0055567169615028823  0.00056507978715766838
252  462.14978999415115  0.0052545365537767959  0.00047040363061217114
253  474.92553462786725  0.0049786422824023794  0.00039414182138584419
254  489.68678637240851  0.0046922002397601532  0.00032426212680119467
255  504.53186126884844  0.0044320686689020205  0.00026887515053162142
256  519.46123531481362  0.0041955653569708444  0.00022459438735766653
257  536.71298016577055  0.003952473024548462  0.000184179692756038
258  554.0626906672145  0.0037266393503597793  0.00015241316093987751
259  571.51092312627623  0.0035235412782491935  0.0001270280437204506
260  589.05823700912856  0.0033386486313483057  0.0001067176401902728
261  609.32251327651477  0.0031459566452521391  8.807333372269986e-05
262  629.70186213646127  0.0029721483408617798  7.3318228660355643e-05
263  650.19693703947303  0.0028150486853388908  6.1509600453573822e-05
264  673.86987921190541  0.0026514360639491438  5.0742544394510336e-05
265  697.67725040580217  0.0025041087481433751  4.2225791899882613e-05
266  721.61981398896467  0.0023702535298158818  3.5431521488886362e-05
267  749.27936356307953  0.0022318364620930293  2.9231553104137464e-05
268  777.09598048253372  0.0021070038419317375  2.4342705645339725e-05
269  809.23564018940556  0.0019783510076414506  1.9935387069358575e-05
270  841.55780796701583  0.0018625330535939801  1.6489065344307521e-05
271  874.06352020455449  0.0017589065528793549  1.3763374267627691e-05
272  911.62572823779749  0.0016515526076763092  1.1301509327983947e-05
273  949.40123679081421  0.0015556965821986557  9.3759377742713965e-06
274  987.39125711060308  0.0014694914899324963  7.8500640150958969e-06
275  1031.2635142722036  0.0013799533050163307  6.4666555888738658e-06
276  1075.3849041591204  0.0013002278789689364  5.3812245899069965e-06
277  1119.7568414948905  0.0012286806913175896  4.5186853197345184e-06
278  1168.7751365378354  0.0011574986272403361  3.7646943341257676e-06
279  1233.4703920420038  0.0010748437857830842  3.0036572813797224e-06
280  1303.2612057098363  0.00099784479962185019  2.3943900015709082e-06
281  1375.6918775654221  0.00092834467967373255  1.9227820576315597e-06
282  1452.082336702638  0.00086451067663479255  1.5498345325187614e-06
283  1528.4727958398539  0.00080875790595792793  1.2675034866259892e-06
284  1604.8632549770698  0.00075967780607217802  1.0486600177268374e-06
285  1681.2537141142857  0.00071605200152104751  8.7741041229619581e-07
286  1759.9358870256181  0.00067598293547636835  7.3760154255668956e-07
287  1849.2163143034022  0.00063556621127383096  6.1266302861985671e-07
288  1938.2197911213887  0.00059976160366650012  5.1446258495977051e-07
289  2060.5877840229859  0.00055657118939430412  4.1096178810936476e-07
290  2192.5937823755512  0.00051629058277604181  3.280194546776428e-07
291  2324.5997807281165  0.00048144494152734777  2.659996362720154e-07
292  2456.6057790806817  0.00045095763206002702  2.1852456564925826e-07
293  2588.611777433247  0.00042408926509619624  1.8180625183393066e-07
294  2720.6177757858122  0.0004001198513204307  1.5276415557674572e-07
295  2852.6237741383775  0.00037870585410561286  1.2963338129086364e-07
296  2984.6297724909427  0.00035951629679758146  1.1092062965793589e-07
297  3116.635770843508  0.00034206892871612544  9.5617815639642112e-08
298  3248.6417691960733  0.00032619444821954403  8.3012030201740132e-08
299  3380.6477675486385  0.00031176784824713709  7.2525774256215857e-08
300  3512.6537659012038  0.00029847971509295066  6.3728497313246008e-08
301  3672.8580140109448  0.00028384891859445778  5.4867469909990913e-08
302  3835.1615996217588  0.00027036437258106744  4.7477117581321746e-08
303  4012.8028740727941  0.00025697994534727725  4.0840795472612428e-08
304  4232.3054947389164  0.00024214685394945154  3.4234853111794106e-08
305  4485.88500792991  0.00022694191987389879  2.8270163140815813e-08
306  4740.9044961596373  0.00021345577823250633  2.3581719723486401e-08
307  5035.5571346906663  0.00019975042021150703  1.9373284679834436e-08
308  5331.8829858532781  0.00018752056068570988  1.609454566047405e-08
309  5674.3044404474576  0.00017515877119238016  1.3157303294953244e-08
310  6008.4341557611187  0.00016445314241132821  1.0949219977664471e-08
311  6342.5638710747799  0.00015500322627044294  9.2041626809614967e-09
312  6838.1302042803682  0.00014268403952887845  7.2393377269932208e-09
313  7333.6965374859565  0.00013204421551284991  5.796263941028414e-09
314  7829.2628706915448  0.0001228194110446827  4.7120536656357733e-09
315  8324.8292038971322  0.00011466446517003082  3.8827993351156083e-09
316  8820.3955371027205  0.0001073950859038968  3.2370405520004949e-09
317  9421.7179601404205  9.9656411237201541e-05  2.6316966530323317e-09
318  10068.766126405915  9.2304150486261218e-05  2.1375635859108697e-09
319  10715.81429267141  8.5854600844666361e-05  1.7608318352368543e-09
320  11362.862458936905  8.0125289228744371e-05  1.4664918683437499e-09
321  12009.910625202399  7.5018221332203086e-05  1.2348376791906655e-09
322  12656.958791467894  7.0430498362406086e-05  1.049612511322549e-09
323  13304.006957733389  6.6287809333505335e-05  8.9947642476600909e-10
324  14176.536042548461  6.131171308651213e-05  7.3914703153182164e-10
325  15054.019865571259  5.696625985362379e-05  6.141980149185817e-10
326  15936.486562747197  5.3076359333879022e-05  5.1542876129212747e-10
327  16955.591199942774  4.9040289111378329e-05  4.2596149800591415e-10
328  17980.482918361722  4.5413479262835432e-05  3.5583689964232072e-10
329  19164.289393719926  4.1643122743426535e-05  2.9271329512359941e-10
330  20354.818225130304  3.8211735060403201e-05  2.4335469362567965e-10
331  21552.107586121925  3.5033504783099273e-05  2.0436574210783995e-10
332  22935.271269487774  3.1674915940320607e-05  1.690815287003061e-10
333  24326.289377501209  2.8488699558058822e-05  1.4126082121952705e-10
334  25933.488727699027  2.5026620664600096e-05  1.1625044239123009e-10
335  27549.814710081886  2.1524297015680289e-05  9.670701837685027e-11
336  29417.571747864546  1.8392271871776369e-05  7.9218584063213901e-11
337  31052.306768228205  1.5580367340874265e-05  6.7204787552748531e-11
338  31675.156914080238  1.3106408291264121e-05  6.3277999383556375e-11
339  32158.936214354631  1.0728748403793253e-05  6.0433491390752222e-11
340  32473.908242571946  9.0226457185799354e-06  5.8671502908752115e-11
341  32718.552878897004  7.4552717034866881e-06  5.73468668415241e-11
342  32816.104651998226  6.2088255196696182e-06  5.6828397713750218e-11
343  32868.95558089378  5.1793825236174965e-06  5.6552282035710977e-11
344  32930.02784940516  4.2358956695131959e-06  5.6233110886359525e-11
345  33052.86599563247  3.8581769093150774e-06  5.560749374836041e-11
346  33299.937383945944  3.5427709878895363e-06  5.4356643819240849e-11
347  33796.886196655854  3.0164308045787136e-06  5.1971313972036725e-11
348  34456.023106367  2.5177885399297011e-06  4.9017698978081373e-11
349  35217.48835076153  2.0951872098273419e-06  4.5867737374673906e-11
350  36228.414129651428  1.7469480882893358e-06  4.2099755829457617e-11
351  37395.867986464611  1.4554397193511566e-06  3.824671097116836e-11
352  38744.341596446888  1.2145215450697721e-06  3.436007689497714e-11
353  40800.832937780884  9.7527059042372341e-07  2.9377354863757884e-11
354  42869.002257992703  8.2333224942112922e-07  2.5304764875715706e-11
355  45257.399408251709  6.8956742713769964e-07  2.1475451622426221e-11
356  48016.129878398722  5.8517063728485837e-07  1.7964236137308199e-11
357  51203.142076804819  4.9055827277712684e-07  1.4798666244270773e-11
358  54408.252022761968  4.2015975758070169e-07  1.2319792643681932e-11
359  58111.47528979159  3.5634212387746721e-07  1.0105159457567553e-11
360  61835.727657320218  3.064631199041588e-07  8.3787073730437732e-12
361  66139.314090841188  2.6192246545096378e-07  6.8419820652574953e-12
362  70467.33884338614  2.254278945966605e-07  5.6533703178896491e-12
363  74819.940690240721  1.9770688242244538e-07  4.7198435331515057e-12
364  79197.25919473909  1.7517421074579035e-07  3.9777136979016711e-12
365  84063.6062348696  1.5643409787166894e-07  3.323476168186116e-12
366  91015.132814987854  1.3989945204823588e-07  2.6170710206073515e-12
367  98145.630428647972  1.2931405431674977e-07  2.0849355790168796e-12
368  105490.0429707179  1.2801370544101148e-07  1.6783825276070055e-12
369  111848.16451465483  1.2570255189637662e-07  1.4070947422911667e-12
370  124636.61798105098  1.2529999999999999e-07  1.3659999999999994e-12
371  150358.76577769613  1.2529999999999999e-07  1.3659999999999994e-12
372  202095.19262641564  1.2529999999999999e-07  1.3659999999999994e-12
373  306155.6266241555  1.2529999999999999e-07  1.3659999999999994e-12
374  515458.32847987895  1.2529999999999999e-07  1.3659999999999994e-12
375  936440.82222055783  1.2529999999999999e-07  1.3659999999999994e-12
376  1783186.9868175457  1.2529999999999999e-07  1.3659999999999994e-12
377  3486295.9709677552  1.2529999999999999e-07  1.3659999999999994e-12
378  6545777.6690620882  1.2529999999999999e-07  1.3659999999999994e-12
379  9824351.5331455301  1.2529999999999999e-07  1.3659999999999994e-12
380  13102925.397228969  1.2529999999999999e-07  1.3659999999999994e-12
381  16381499.261312408  1.2529999999999999e-07  1.3659999999999994e-12
382  19660073.125395849  1.2529999999999999e-07  1.3659999999999994e-12
383  22938646.989479288  1.2529999999999999e-07  1.3659999999999994e-12
384  26217220.853562728  1.2529999999999999e-07  1.3659999999999994e-12
385  29495794.717646167  1.2529999999999999e-07  1.3659999999999994e-12
386  32774368.581729606  1.2529999999999999e-07  1.3659999999999994e-12
387  36052942.445813045  1.2529999999999999e-07  1.3659999999999994e-12
388  39331516.309896484  1.2529999999999999e-07  1.3659999999999994e-12
389  42610090.173979923  1.2529999999999999e-07  1.3659999999999994e-12
390  45888664.038063362  1.2529999999999999e-07  1.3659999999999994e-12
391  49167237.902146801  1.2529999999999999e-07  1.3659999999999994e-12
392  52445811.76623024  1.2529999999999999e-07  1.3659999999999994e-12
393  55724385.63031368  1.2529999999999999e-07  1.3659999999999994e-12
394  59002959.494397119  1.2529999999999999e-07  1.3659999999999994e-12
395  62281533.358480558  1.2529999999999999e-07  1.3659999999999994e-12
396  65560107.222563997  1.2529999999999999e-07  1.3659999999999994e-12
397  68937038.302569941  1.2529999999999999e-07  1.3659999999999994e-12
398  74783915.266299069  1.2529999999999999e-07  1.3659999999999994e-12
399  86544073.271723837  1.2529999999999999e-07  1.3659999999999994e-12
400  110197951.6020706  1.2529999999999999e-07  1.3659999999999994e-12
401  157774349.79406404  1.2529999999999999e-07  1.3659999999999994e-12
402  241591267.34940377  1.2529999999999999e-07  1.3659999999999994e-12
403  330428670.02802908  1.2529999999999999e-07  1.3659999999999994e-12
404  419266072.70665437  1.2529999999999999e-07  1.3659999999999994e-12
405  508103475.38527966  1.2529999999999999e-07  1.3659999999999994e-12
406  596940878.06390512  1.2529999999999999e-07  1.3659999999999994e-12
407  685778280.7425307  1.2529999999999999e-07  1.3659999999999994e-12
408  774615683.42115629  1.2529999999999999e-07  1.3659999999999994e-12
409  863453086.09978187  1.2529999999999999e-07  1.3659999999999994e-12
410  952290488.77840734  1.2529999999999999e-07  1.3659999999999994e-12
411  1041127891.4570329  1.2529999999999999e-07  1.3659999999999994e-12
412  1129965294.1356585  1.2529999999999999e-07  1.3659999999999994e-12
413  1218802696.8142841  1.2529999999999999e-07  1.3659999999999994e-12
414  1307640099.4929097  1.2529999999999999e-07  1.3659999999999994e-12
415  1396477502.1715353  1.2529999999999999e-07  1.3659999999999994e-12
416  1485314904.8501608  1.2529999999999999e-07  1.3659999999999994e-12
417  1574152307.5287864  1.2529999999999999e-07  1.3659999999999994e-12
418  1662989710.207412  1.2529999999999999e-07  1.3659999999999994e-12
419  1751827112.8860376  1.2529999999999999e-07  1.3659999999999994e-12
420  1840664515.5646632  1.2529999999999999e-07  1.3659999999999994e-12
421  1929501918.2432888  1.2529999999999999e-07  1.3659999999999994e-12
422  2021004443.0022731  1.2529999999999999e-07  1.3659999999999994e-12
423  2179433499.2847657  1.2529999999999999e-07  1.3659999999999994e-12
424  2498090920.3473983  1.2529999999999999e-07  1.3659999999999994e-12
425  2937645458.8824162  1.2529999999999999e-07  1.3659999999999994e-12
426  3377199997.4174342  1.2529999999999999e-07  1.3659999999999994e-12
427  4058838181.5807414  1.2529999999999999e-07  1.3659999999999994e-12
428  5429856042.5720587  1.2529999999999999e-07  1.3659999999999994e-12
429  8187462671.4678192  1.2529999999999999e-07  1.3659999999999994e-12
430  13733994584.79495  1.2529999999999999e-07  1.3659999999999994e-12
431  24890051414.363598  1.2529999999999999e-07  1.3659999999999994e-12
432  47328866502.674942  1.2529999999999999e-07  1.3659999999999994e-12
433  92461338509.533417  1.2529999999999999e-07  1.3659999999999994e-12
434  183238860470.17075  1.2529999999999999e-07  1.3659999999999994e-12
435  365824881729.13763  1.2529999999999999e-07  1.3659999999999994e-12
436  733070587925.38831  1.2529999999999999e-07  1.3659999999999994e-12
437  1471732878661.7302  1.2529999999999999e-07  1.3659999999999994e-12
438  2957446586269.4858  1.2529999999999999e-07  1.3659999999999994e-12
439  5945747530633.6182  1.2529999999999999e-07  1.3659999999999994e-12
440  11956288113493.449  1.2529999999999999e-07  1.3659999999999994e-12
441  24045632115589.004  1.2529999999999999e-07  1.3659999999999994e-12
442  46350622147628.219  1.2529999999999999e-07  1.3659999999999994e-12
443  70804695751776.688  1.2529999999999999e-07  1.3659999999999994e-12
444  95258769355925.156  1.2529999999999999e-07  1.3659999999999994e-12
445  119712842960073.62  1.2529999999999999e-07  1.3659999999999994e-12
446  144166916564222.09  1.2529999999999999e-07  1.3659999999999994e-12
447  168620990168370.53  1.2529999999999999e-07  1.3659999999999994e-12
448  193075063772518.97  1.2529999999999999e-07  1.3659999999999994e-12
449  217529137376667.41  1.2529999999999999e-07  1.3659999999999994e-12
450  241983210980815.84  1.2529999999999999e-07  1.3659999999999994e-12
451  266437284584964.28  1.2529999999999999e-07  1.3659999999999994e-12
452  290891358189112.75  1.2529999999999999e-07  1.3659999999999994e-12
453  315345431793261.19  1.2529999999999999e-07  1.3659999999999994e-12
454  339799505397409.62  1.2529999999999999e-07  1.3659999999999994e-12
455  364253579001558.06  1.2529999999999999e-07  1.3659999999999994e-12
456  388707652605706.5  1.2529999999999999e-07  1.3659999999999994e-12
457  413161726209854.94  1.2529999999999999e-07  1.3659999999999994e-12
458  437615799814003.38  1.2529999999999999e-07  1.3659999999999994e-12
459  462069873418151.81  1.2529999999999999e-07  1.3659999999999994e-12
460  486523947022300.25  1.2529999999999999e-07  1.3659999999999994e-12
461  524446045113888.25  1.2529999999999999e-07  1.3659999999999994e-12
462  600720929675484  1.2529999999999999e-07  1.3659999999999994e-12
463  754136966964182.25  1.2529999999999999e-07  1.3659999999999994e-12
464  1062711416242573.1  1.2529999999999999e-07  1.3659999999999994e-12
465  1683364852677519  1.2529999999999999e-07  1.3659999999999994e-12
466  2931720602997520.5  1.2529999999999999e-07  1.3659999999999994e-12
467  3150000000000000  1.2529999999999999e-07  1.3659999999999994e-12
